0.577232316478,3.38436613785,1.64081560149,0.0,0.0,0.0,5.13540553736,3.8705464682,3.06675251089,map_000000001.png
0.577242230762,3.38435619538,1.64081150041,0.0,0.0,0.0,5.13540553736,3.8705464682,3.06675251089,map_000000002.png
0.577242273867,3.38435615627,1.6408115252,0.0,0.0,0.0,5.13540553736,3.8705464682,3.06675251089,map_000000003.png
0.577232430083,3.38436604177,1.64081559626,0.0,0.0,0.0,5.13540553736,3.8705464682,3.06675251089,map_000000004.png
0.577242352088,3.38435607977,1.64081099176,0.0285270389691,-0.0527845452632,-1.0,5.13540553736,3.8705464682,3.06675251089,map_000000005.png
0.578234719489,3.3851058665,1.61721244965,0.0281256593369,-0.0641010713248,-1.0,5.13540553736,3.8705464682,3.06675251089,map_000000006.png
0.582859072223,3.38805165978,1.51493146942,0.0277511061624,-0.0750324992592,-1.0,5.13540553736,3.8705464682,3.06675251089,map_000000007.png
0.588578924118,3.39028076952,1.41659483311,0.0277511061624,-0.0750324992592,-1.0,5.13540553736,3.8705464682,3.06675251089,map_000000008.png
0.595372577043,3.39171578727,1.31826228014,0.0278832735273,-0.0855717379524,-1.0,5.13540553736,3.8705464682,3.06675251089,map_000000009.png
0.603119133328,3.39221659677,1.21991282655,0.0365751726027,-0.0930712393505,-1.0,5.13540553736,3.8705464682,3.06675251089,map_000000010.png
0.611995195762,3.39201107903,1.11764008181,0.0580603003451,-0.105019043101,-1.0,5.13540553736,3.8705464682,3.06675251089,map_000000011.png
0.621577098894,3.39151122652,1.01930955669,0.0734111725846,-0.107288391594,-1.0,5.13540553736,3.8705464682,3.06675251089,map_000000012.png
0.632792098121,3.3909603796,0.920965908154,0.0780009533886,-0.116257694382,-1.0,5.13540553736,3.8705464682,3.06675251089,map_000000013.png
0.64498441407,3.39031751649,0.822635994547,0.0780009533886,-0.116257694382,-1.0,5.13540553736,3.8705464682,3.06675251089,map_000000014.png
0.658385363982,3.3880805775,0.720363710318,0.106960685508,-0.105163742087,-1.0,5.13540553736,3.8705464682,3.06675251089,map_000000015.png
0.672188565811,3.38627020034,0.622014883903,0.131626106388,-0.107585189689,-1.0,5.13540553736,3.8705464682,3.06675251089,map_000000016.png
0.687332438241,3.38454201885,0.52368646921,0.152106017325,-0.0962484689981,-1.0,5.13540553736,3.8705464682,3.06675251089,map_000000017.png
0.703793900165,3.38221878899,0.42534094483,0.170818281157,-0.0831933058694,-0.952348709106,5.13540553736,3.8705464682,3.06675251089,map_000000018.png
0.72187527309,3.37970834678,0.323256922969,0.188274105908,-0.0674749957501,-0.805167138577,5.13540553736,3.8705464682,3.06675251089,map_000000019.png
0.740313997901,3.37729248125,0.229619627113,0.188274105908,-0.0674749957501,-0.805167138577,5.13540553736,3.8705464682,3.06675251089,map_000000020.png
0.759688546551,3.37468680221,0.148135731471,0.204467874828,-0.0478842825869,-0.657910704613,5.13540553736,3.8705464682,3.06675251089,map_000000021.png
0.779978153621,3.37212039808,0.078227098999,0.228815618014,0.0233117290528,-0.242430359125,5.13540553736,3.8705464682,3.06675251089,map_000000022.png
0.80240096184,3.3718248526,0.028915686712,0.235876792426,0.0442963190635,-0.137641459703,5.13540553736,3.8705464682,3.06675251089,map_000000023.png
0.825378993075,3.37528159364,0.00755530304684,0.243446354447,0.0568674099015,-0.0637134537101,5.13540553736,3.8705464682,3.06675251089,map_000000024.png
0.848963304625,3.37985410459,-0.00598319578365,0.253612406295,0.0572780420393,-0.063727915287,5.13540553736,3.8705464682,3.06675251089,map_000000025.png
0.873280573484,3.38528238845,-0.0128240579566,0.253612406295,0.0572780420393,-0.063727915287,5.13540553736,3.8705464682,3.06675251089,map_000000026.png
0.89851705697,3.39066057604,-0.0190891550265,0.265174217302,0.0508198196032,-0.011394049041,5.13540553736,3.8705464682,3.06675251089,map_000000027.png
0.925732916031,3.39565437982,-0.0223140680356,0.286784738461,0.0430642455815,-0.00112677179277,5.13540553736,3.8705464682,3.06675251089,map_000000028.png
0.953212752358,3.39979656801,-0.0230382948186,0.29889866596,0.0256825050121,0.0131146535277,5.13540553736,3.8705464682,3.06675251089,map_000000029.png
0.982193666544,3.40309325523,-0.0228684944378,0.308906534191,0.0260145278932,0.0131258107722,5.13540553736,3.8705464682,3.06675251089,map_000000030.png
1.01212799937,3.40497331704,-0.0215863278302,0.319476054453,0.0183043176461,0.0142233073711,5.13540553736,3.8705464682,3.06675251089,map_000000031.png
1.04420807778,3.40699071007,-0.0202480255254,0.319476054453,0.0183043176461,0.0142233073711,5.13540553736,3.8705464682,3.06675251089,map_000000032.png
1.07595223243,3.40834847533,-0.0188710686226,0.339909275218,0.00785283780372,0.0120683144778,5.13540553736,3.8705464682,3.06675251089,map_000000033.png
1.10913566886,3.40892522656,-0.0176075503334,0.349983038027,0.0034417547203,0.0100716538727,5.13540553736,3.8705464682,3.06675251089,map_000000034.png
1.14346885652,3.40896449463,-0.016491527986,0.349996663,-0.00152670310048,0.00612106360495,5.13540553736,3.8705464682,3.06675251089,map_000000035.png
1.17984923168,3.40863145521,-0.0155434532291,0.349995618309,-0.00174988514558,0.00612986832857,5.13540553736,3.8705464682,3.06675251089,map_000000036.png
1.21483506919,3.40793010853,-0.0149494404014,0.349993645755,-0.00210781033203,0.00304252654314,5.13540553736,3.8705464682,3.06675251089,map_000000037.png
1.24980191717,3.40724580989,-0.0143468600805,0.349993645755,-0.00210781033203,0.00304252654314,5.13540553736,3.8705464682,3.06675251089,map_000000038.png
1.28478761242,3.40653612485,-0.0139829003719,0.34999995197,-0.00016898110134,0.00126288458705,5.13540553736,3.8705464682,3.06675251089,map_000000039.png
1.32116490491,3.40592701092,-0.0137809315934,0.349999817616,-0.000350145776693,0.00127005949616,5.13540553736,3.8705464682,3.06675251089,map_000000040.png
1.35613491872,3.40543094312,-0.0136564102251,0.349994789877,0.00190840053963,0.000428339466453,5.13540553736,3.8705464682,3.06675251089,map_000000041.png
1.39112430077,3.40494593684,-0.0135530008309,0.349995566471,0.00176022281824,0.00043522939086,5.13540553736,3.8705464682,3.06675251089,map_000000042.png
1.42609680929,3.4046721318,-0.0135106696178,0.349990625896,0.00256060901159,0.000255338847637,5.13540553736,3.8705464682,3.06675251089,map_000000043.png
1.46247814125,3.40437916084,-0.0134711000093,0.349990625896,0.00256060901159,0.000255338847637,5.13540553736,3.8705464682,3.06675251089,map_000000044.png
1.4974700871,3.40413929684,-0.0134512507157,0.34997308592,0.00433982315166,-9.02451574802e-06,5.13540553736,3.8705464682,3.06675251089,map_000000045.png
1.53244344086,3.40403373298,-0.0134399905508,0.349974426271,0.00423035337452,-2.2891908884e-06,5.13540553736,3.8705464682,3.06675251089,map_000000046.png
1.56743613979,3.40398400229,-0.0134490761477,0.349969846575,0.00459362840679,-2.53263860941e-05,5.13540553736,3.8705464682,3.06675251089,map_000000047.png
1.60381862809,3.40394172427,-0.0134539768042,0.349968470121,0.00469732420418,-3.54908406734e-05,5.13540553736,3.8705464682,3.06675251089,map_000000048.png
1.63879227929,3.4039394714,-0.0134561069139,0.349968470121,0.00469732420418,-3.54908406734e-05,5.13540553736,3.8705464682,3.06675251089,map_000000049.png
1.67378500002,3.40391847496,-0.0134670807928,0.349968624644,0.00468579748619,-1.06543302536e-06,5.13540553736,3.8705464682,3.06675251089,map_000000050.png
1.70875865266,3.40392484093,-0.0134676008578,0.349969861186,0.00459251511204,8.85687768459e-06,5.13540553736,3.8705464682,3.06675251089,map_000000051.png
1.7437513726,3.40390782267,-0.0134754741788,0.349970548089,0.00453986828092,3.20449471474e-05,5.13540553736,3.8705464682,3.06675251089,map_000000052.png
1.7801338847,3.4038930728,-0.0134779630186,0.349971964085,0.0044293665418,3.95569950342e-05,5.13540553736,3.8705464682,3.06675251089,map_000000053.png
1.81510753275,3.4038828739,-0.0134745304672,0.34997273483,0.004368044112,5.810149014e-05,5.13540553736,3.8705464682,3.06675251089,map_000000054.png
1.85010024197,3.40384485755,-0.0134787883033,0.34997273483,0.004368044112,5.810149014e-05,5.13540553736,3.8705464682,3.06675251089,map_000000055.png
1.88507387885,3.40381972465,-0.0134731948347,0.349974519884,0.00422260178734,7.01639801264e-05,5.13540553736,3.8705464682,3.06675251089,map_000000056.png
1.92145636167,3.40377246013,-0.0134705654443,0.349974755169,0.0042030557786,8.32881778479e-05,5.13540553736,3.8705464682,3.06675251089,map_000000057.png
1.9564490452,3.40371284213,-0.0134710884462,0.349975326064,0.00415524728645,8.16378742456e-05,5.13540553736,3.8705464682,3.06675251089,map_000000058.png
1.9914226587,3.40366948856,-0.0134629238873,0.349975348412,0.00415336460934,8.44318419695e-05,5.13540553736,3.8705464682,3.06675251089,map_000000059.png
2.0264153348,3.4036044865,-0.0134631217109,0.34997504956,0.00417847089808,9.19513404369e-05,5.13540553736,3.8705464682,3.06675251089,map_000000060.png
2.06279780245,3.40354648937,-0.0134584078857,0.34997504956,0.00417847089808,9.19513404369e-05,5.13540553736,3.8705464682,3.06675251089,map_000000061.png
2.09777141653,3.4035025518,-0.01344957815,0.349974697719,0.00420783670882,9.34675335884e-05,5.13540553736,3.8705464682,3.06675251089,map_000000062.png
2.13276410156,3.40344248784,-0.0134491833294,0.349974405542,0.0042320679854,9.31266695261e-05,5.13540553736,3.8705464682,3.06675251089,map_000000063.png
2.16773771994,3.403403192,-0.0134392616953,0.349974452393,0.00422819182414,8.66111367941e-05,5.13540553736,3.8705464682,3.06675251089,map_000000064.png
2.20412020061,3.40335397629,-0.0134341562332,0.349974059144,0.00426061730299,9.27448272705e-05,5.13540553736,3.8705464682,3.06675251089,map_000000065.png
2.23911289004,3.40329768633,-0.0134340464794,0.349974051546,0.00426124140828,8.36439430714e-05,5.13540553736,3.8705464682,3.06675251089,map_000000066.png
2.27408651666,3.40326292546,-0.0134245647505,0.349974051546,0.00426124140828,8.36439430714e-05,5.13540553736,3.8705464682,3.06675251089,map_000000067.png
2.3090792105,3.40320987708,-0.0134242349318,0.349973701028,0.0042899326418,9.01985913515e-05,5.13540553736,3.8705464682,3.06675251089,map_000000068.png
2.34546170021,3.40316668014,-0.0134194048043,0.349973899679,0.00427369593595,8.26921314001e-05,5.13540553736,3.8705464682,3.06675251089,map_000000069.png
2.38043533012,3.40313450319,-0.0134110720996,0.349973600774,0.00429810366926,8.89077782631e-05,5.13540553736,3.8705464682,3.06675251089,map_000000070.png
2.41542802427,3.40308395485,-0.0134107136906,0.349973545999,0.00430256138376,8.83731991053e-05,5.13540553736,3.8705464682,3.06675251089,map_000000071.png
2.45040165533,3.40305377745,-0.0134021579156,0.349973485964,0.00430744189087,8.87531787157e-05,5.13540553736,3.8705464682,3.06675251089,map_000000072.png
2.45040165533,3.40305377745,-0.0134021579156,0.349973485964,0.00430744189087,8.87531787157e-05,5.13540553736,3.8705464682,3.06675251089,map_000000073.png
2.48678414855,3.40301336163,-0.0133973354549,0.34997372831,0.00428770646101,8.26232135296e-05,5.13540553736,3.8705464682,3.06675251089,map_000000074.png
2.52177685018,3.40296583855,-0.0133970654355,0.349973693989,0.00429050690159,8.20904970169e-05,5.13540553736,3.8705464682,3.06675251089,map_000000075.png
2.55675048292,3.40293562923,-0.0133883992757,0.34997345294,0.00431012423101,8.83862376213e-05,5.13540553736,3.8705464682,3.06675251089,map_000000076.png
2.59174318243,3.40288663202,-0.0133885576918,0.349973658925,0.00429336603494,8.20867717266e-05,5.13540553736,3.8705464682,3.06675251089,map_000000077.png
2.6267168155,3.40285698625,-0.0133801741946,0.349973550215,0.00430221846679,8.31391662359e-05,5.13540553736,3.8705464682,3.06675251089,map_000000078.png
2.66309930838,3.40281802239,-0.0133753997162,0.349973550215,0.00430221846679,8.31391662359e-05,5.13540553736,3.8705464682,3.06675251089,map_000000079.png
2.69809200713,3.40276991326,-0.0133758088514,0.349973550215,0.00430221846679,8.31391662359e-05,5.13540553736,3.8705464682,3.06675251089,map_000000080.png
2.7330656406,3.40274123664,-0.0133672433975,0.34997349077,0.00430705139445,8.2666054368e-05,5.13540553736,3.8705464682,3.06675251089,map_000000081.png
2.76805834272,3.4026946256,-0.013367581192,0.349973170942,0.00433296139593,8.9967623353e-05,5.13540553736,3.8705464682,3.06675251089,map_000000082.png
2.80444083866,3.402657332,-0.0133629974305,0.349973354979,0.00431807116336,8.38078558445e-05,5.13540553736,3.8705464682,3.06675251089,map_000000083.png
2.83941447518,3.4026318712,-0.0133539582237,0.349972978238,0.00434849825145,9.08076763153e-05,5.13540553736,3.8705464682,3.06675251089,map_000000084.png
2.87440717843,3.40258722504,-0.0133541157846,0.349973209762,0.00432982477972,8.39289277792e-05,5.13540553736,3.8705464682,3.06675251089,map_000000085.png
2.90938081811,3.40256404376,-0.0133448135698,0.349973209762,0.00432982477972,8.39289277792e-05,5.13540553736,3.8705464682,3.06675251089,map_000000086.png
2.94576331484,3.402528844,-0.013340338384,0.349972917604,0.00435337539307,9.08449292183e-05,5.13540553736,3.8705464682,3.06675251089,map_000000087.png
2.98075601884,3.40248720279,-0.0133395917064,0.349973185264,0.00433180448363,8.35657119751e-05,5.13540553736,3.8705464682,3.06675251089,map_000000088.png
3.01572965671,3.40246396912,-0.0133311846553,0.349973126651,0.00433653727449,8.35247337818e-05,5.13540553736,3.8705464682,3.06675251089,map_000000089.png
3.05072235939,3.40242134185,-0.0133311156427,0.349973112434,0.00433768452245,8.31354409456e-05,5.13540553736,3.8705464682,3.06675251089,map_000000090.png
3.08710485617,3.40238719473,-0.0133265815376,0.349972818751,0.00436131507751,8.96975398064e-05,5.13540553736,3.8705464682,3.06675251089,map_000000091.png
3.12207849592,3.40236387733,-0.013318592052,0.349972818751,0.00436131507751,8.96975398064e-05,5.13540553736,3.8705464682,3.06675251089,map_000000092.png
3.1570712029,3.40232426535,-0.0133179955576,0.349972741754,0.00436748930586,8.95615667105e-05,5.13540553736,3.8705464682,3.06675251089,map_000000093.png
3.19204484442,3.40230399142,-0.0133091587418,0.349972939055,0.00435165057159,8.42418521643e-05,5.13540553736,3.8705464682,3.06675251089,map_000000094.png
3.22842734613,3.4022729506,-0.0133044644275,0.349972690824,0.00437156846832,9.00067389011e-05,5.13540553736,3.8705464682,3.06675251089,map_000000095.png
3.2634200543,3.40223362939,-0.0133046133765,0.349972912825,0.00435375957989,8.30218195915e-05,5.13540553736,3.8705464682,3.06675251089,map_000000096.png
3.29839369572,3.40221441896,-0.0132952918294,0.349972640068,0.00437562997544,8.98968428373e-05,5.13540553736,3.8705464682,3.06675251089,map_000000097.png
3.33338640331,3.40217514935,-0.013295623929,0.349972640068,0.00437562997544,8.98968428373e-05,5.13540553736,3.8705464682,3.06675251089,map_000000098.png
3.36976890518,3.40214601497,-0.0132907540088,0.349972898002,0.00435495097617,8.25673341751e-05,5.13540553736,3.8705464682,3.06675251089,map_000000099.png
3.40474254663,3.40212643971,-0.0132819737282,0.349972607362,0.00437824509328,8.97105783224e-05,5.13540553736,3.8705464682,3.06675251089,map_000000100.png
3.43973525582,3.40208877512,-0.0132816937724,0.349972799477,0.00436286142079,8.25300812721e-05,5.13540553736,3.8705464682,3.06675251089,map_000000101.png
3.47470889972,3.40207078496,-0.0132729872448,0.349972523656,0.00438493092214,8.87513160706e-05,5.13540553736,3.8705464682,3.06675251089,map_000000102.png
3.51109140436,3.40204133134,-0.0132687621958,0.349973173969,0.00433271686123,9.53916460276e-05,5.13540553736,3.8705464682,3.06675251089,map_000000103.png
3.54608411464,3.4020061077,-0.0132683095299,0.349973173969,0.00433271686123,9.53916460276e-05,5.13540553736,3.8705464682,3.06675251089,map_000000104.png
3.58105775468,3.40198539032,-0.0132588670345,0.349973412172,0.00431343319893,8.89766961336e-05,5.13540553736,3.8705464682,3.06675251089,map_000000105.png
3.61605046113,3.40194406332,-0.013258206655,0.349972467927,0.00438937654425,8.8594853878e-05,5.13540553736,3.8705464682,3.06675251089,map_000000106.png
3.65102410161,3.40192406693,-0.0132493118717,0.349973242126,0.00432720803776,8.76989215612e-05,5.13540553736,3.8705464682,3.06675251089,map_000000107.png
3.68740660533,3.40189674526,-0.0132444876213,0.3499728352,0.00435999489923,9.3337148428e-05,5.13540553736,3.8705464682,3.06675251089,map_000000108.png
3.72239931095,3.40185659968,-0.0132440121308,0.34997298101,0.00434827511324,8.66241753101e-05,5.13540553736,3.8705464682,3.06675251089,map_000000109.png
3.75737295511,3.4018384137,-0.0132348088083,0.34997298101,0.00434827511324,8.66241753101e-05,5.13540553736,3.8705464682,3.06675251089,map_000000110.png
3.79236566542,3.4018009503,-0.0132344192943,0.349971914945,0.00443324749386,8.5299834609e-05,5.13540553736,3.8705464682,3.06675251089,map_000000111.png
3.82874817334,3.40177663876,-0.0132300327551,0.349971723177,0.00444836040647,8.41543078423e-05,5.13540553736,3.8705464682,3.06675251089,map_000000112.png
3.86372182079,3.40176687092,-0.0132213742766,0.349971696923,0.00445042544445,8.41915607452e-05,5.13540553736,3.8705464682,3.06675251089,map_000000113.png
3.8987145376,3.40173968966,-0.0132218912464,0.349972050692,0.00442251832988,7.78194516897e-05,5.13540553736,3.8705464682,3.06675251089,map_000000114.png
3.93368818716,3.40173132813,-0.0132128617866,0.349972606033,0.00437835127756,8.44299793243e-05,5.13540553736,3.8705464682,3.06675251089,map_000000115.png
3.97007069544,3.40171048346,-0.0132090696363,0.349972606033,0.00437835127756,8.44299793243e-05,5.13540553736,3.8705464682,3.06675251089,map_000000116.png
4.00506340725,3.40167756543,-0.0132090439728,0.349972476119,0.0043887233345,9.1815367341e-05,5.13540553736,3.8705464682,3.06675251089,map_000000117.png
4.04003705394,3.40166301016,-0.0132003108097,0.34997287998,0.00435639895938,8.57971608639e-05,5.13540553736,3.8705464682,3.06675251089,map_000000118.png
4.07502976587,3.40162939852,-0.0131996444202,0.349972265142,0.0044055152635,7.92630016804e-05,5.13540553736,3.8705464682,3.06675251089,map_000000119.png
4.1114122709,3.40160307517,-0.0131952136568,0.34997194135,0.00443116254612,8.58642160892e-05,5.13540553736,3.8705464682,3.06675251089,map_000000120.png
4.14638591946,3.4015911354,-0.0131873946198,0.349972457613,0.00439019883451,9.1465190053e-05,5.13540553736,3.8705464682,3.06675251089,map_000000121.png
4.18137863553,3.40156327168,-0.0131869492334,0.349972457613,0.00439019883451,9.1465190053e-05,5.13540553736,3.8705464682,3.06675251089,map_000000122.png
4.21635228338,3.40155107458,-0.0131782725353,0.349972061013,0.0044217015038,7.96895474195e-05,5.13540553736,3.8705464682,3.06675251089,map_000000123.png
4.2527347924,3.40152980658,-0.0131738265025,0.349972085373,0.00441977296589,7.91922211647e-05,5.13540553736,3.8705464682,3.06675251089,map_000000124.png
4.28772750913,3.40150150534,-0.0131742553233,0.349972572881,0.00438100040811,8.57803970575e-05,5.13540553736,3.8705464682,3.06675251089,map_000000125.png
4.32270115855,3.40149110734,-0.0131662017461,0.349971829943,0.00443995268692,8.63466411829e-05,5.13540553736,3.8705464682,3.06675251089,map_000000126.png
4.35769387261,3.40145907865,-0.0131662083105,0.349971829943,0.00443995268692,8.63466411829e-05,5.13540553736,3.8705464682,3.06675251089,map_000000127.png
4.39407638327,3.40144121558,-0.0131615969492,0.349972077514,0.00442039520921,8.08518379927e-05,5.13540553736,3.8705464682,3.06675251089,map_000000128.png
4.42905003146,3.40143242075,-0.0131532008839,0.349971738226,0.00444717624006,8.74456018209e-05,5.13540553736,3.8705464682,3.06675251089,map_000000129.png
4.46404274817,3.40140638636,-0.0131531243911,0.359960628163,0.0053230285423,0.00283849611878,5.13540553736,3.8705464682,3.06675251089,map_000000130.png
4.49937618715,3.40142650553,-0.0130470314451,0.369959999187,0.00543846704418,0.00284599140286,5.13540553736,3.8705464682,3.06675251089,map_000000131.png
4.53552823008,3.4014816615,-0.0127761036296,0.359861993178,0.00996666076288,0.0173470564187,5.13540553736,3.8705464682,3.06675251089,map_000000132.png
4.57398962156,3.40155820942,-0.0124898707698,0.359861993178,0.00996666076288,0.0173470564187,5.13540553736,3.8705464682,3.06675251089,map_000000133.png
4.61096218168,3.40165143798,-0.0122098641347,0.349328631006,0.0216680062132,0.0573689676821,5.13540553736,3.8705464682,3.06675251089,map_000000134.png
4.64618051186,3.40309883242,-0.0075774474348,0.327081365587,0.0437925892331,0.138478815556,5.13540553736,3.8705464682,3.06675251089,map_000000135.png
4.67996179408,3.40619689375,0.00221412994703,0.307207977481,0.0895727128459,0.273940742016,5.13540553736,3.8705464682,3.06675251089,map_000000136.png
4.71317848402,3.4125350069,0.0211696712149,0.274547630999,0.143956992678,0.495207548141,5.13540553736,3.8705464682,3.06675251089,map_000000137.png
4.7431478797,3.42289543996,0.0507235709771,0.219939214854,0.204026389708,0.853736102581,5.13540553736,3.8705464682,3.06675251089,map_000000138.png
4.769484317,3.43879789183,0.0994113219475,0.219939214854,0.204026389708,0.853736102581,5.13540553736,3.8705464682,3.06675251089,map_000000139.png
4.78905829867,3.46081491109,0.180549853017,0.210880415419,0.199071546825,0.825593829155,5.13540553736,3.8705464682,3.06675251089,map_000000140.png
4.80628958161,3.4852086718,0.265755007873,0.173707755134,0.206701839115,0.865747392178,5.13540553736,3.8705464682,3.06675251089,map_000000141.png
4.8188496922,3.50953060652,0.348832636783,0.186836765654,0.180809470515,0.744334220886,5.13540553736,3.8705464682,3.06675251089,map_000000142.png
4.82808958497,3.53392061415,0.430142683803,0.217325981743,0.123569666031,0.565919876099,5.13540553736,3.8705464682,3.06675251089,map_000000143.png
4.8376350567,3.55739565007,0.501221875393,0.225989083799,0.0808020667575,0.444149404764,5.13540553736,3.8705464682,3.06675251089,map_000000144.png
4.85092882133,3.57941847289,0.559100651277,0.225989083799,0.0808020667575,0.444149404764,5.13540553736,3.8705464682,3.06675251089,map_000000145.png
4.865505036,3.5983229879,0.603245135487,0.216449118671,0.077780550017,0.444303333759,5.13540553736,3.8705464682,3.06675251089,map_000000146.png
4.87893767561,3.61715483799,0.646924625847,0.209993477383,-0.00166342660207,0.220972970128,5.13540553736,3.8705464682,3.06675251089,map_000000147.png
4.89366127883,3.63294683228,0.679195134972,0.198854669747,-0.0213739444849,0.155533134937,5.13540553736,3.8705464682,3.06675251089,map_000000148.png
4.91087256541,3.64574248771,0.69947558306,0.187744144706,-0.029191756086,0.125059977174,5.13540553736,3.8705464682,3.06675251089,map_000000149.png
4.92743375324,3.6567090631,0.714284652286,0.177337580659,-0.0308448043116,0.125107362866,5.13540553736,3.8705464682,3.06675251089,map_000000150.png
4.94353441592,3.66681238992,0.726586719155,0.177337580659,-0.0308448043116,0.125107362866,5.13540553736,3.8705464682,3.06675251089,map_000000151.png
4.95951806304,3.6771050088,0.738883484583,0.157849681715,-0.0261436488355,0.0725577175617,5.13540553736,3.8705464682,3.06675251089,map_000000152.png
4.97400977864,3.68645554631,0.747750366616,0.148662412392,-0.0199874297788,0.0629712566733,5.13540553736,3.8705464682,3.06675251089,map_000000153.png
4.98676000742,3.6951666651,0.754356490997,0.139222345889,-0.0147358775874,0.0445527434349,5.13540553736,3.8705464682,3.06675251089,map_000000154.png
4.99859282838,3.70378735616,0.759895955453,0.12965380746,-0.0094813971939,0.0312729030848,5.13540553736,3.8705464682,3.06675251089,map_000000155.png
5.00958008389,3.712266433,0.764119580074,0.129321717509,-0.00500630184221,0.0213797707111,5.13540553736,3.8705464682,3.06675251089,map_000000156.png
5.01960167319,3.72054319922,0.767194180406,0.129321717509,-0.00500630184221,0.0213797707111,5.13540553736,3.8705464682,3.06675251089,map_000000157.png
5.02967576816,3.72946992464,0.769456152174,0.10940994394,0.00137533095415,0.0110578928143,5.13540553736,3.8705464682,3.06675251089,map_000000158.png
5.03796363277,3.73743345066,0.770827164813,0.102920043518,0.00329685396342,0.00645529292524,5.13540553736,3.8705464682,3.06675251089,map_000000159.png
5.04540366413,3.74498584861,0.771678780735,0.102869846289,0.00460427283145,0.00307009927928,5.13540553736,3.8705464682,3.06675251089,map_000000160.png
5.05252246221,3.75241961772,0.772219952008,0.102857620482,0.0048697548866,0.00102021172643,5.13540553736,3.8705464682,3.06675251089,map_000000161.png
5.05984512593,3.76022775488,0.772511225379,0.102870880429,0.00458110944067,-0.000251267105341,5.13540553736,3.8705464682,3.06675251089,map_000000162.png
5.06686889601,3.76775180982,0.772610977907,0.102870880429,0.00458110944067,-0.000251267105341,5.13540553736,3.8705464682,3.06675251089,map_000000163.png
5.0739117743,3.77525805373,0.772591236143,0.0829106848686,0.00321097135548,0.000487389042974,5.13540553736,3.8705464682,3.06675251089,map_000000164.png
5.07999599447,3.78168982408,0.772618504567,0.0764550025869,0.00239013701153,0.000343522056937,5.13540553736,3.8705464682,3.06675251089,map_000000165.png
5.0857181641,3.78765016721,0.77265343416,0.0764735476078,0.00169608129533,0.000378848984838,5.13540553736,3.8705464682,3.06675251089,map_000000166.png
5.09104179003,3.79313832103,0.77268832865,0.076483595343,0.00115750546274,0.000343667343259,5.13540553736,3.8705464682,3.06675251089,map_000000167.png
5.09640320137,3.79858963658,0.77272480673,0.0764884968575,0.000768130174083,0.000296982005239,5.13540553736,3.8705464682,3.06675251089,map_000000168.png
5.10179657638,3.8040093691,0.772758492075,0.0764884968575,0.000768130174083,0.000296982005239,5.13540553736,3.8705464682,3.06675251089,map_000000169.png
5.10742226771,3.80962927854,0.772795374891,0.0764917877241,0.000294255437051,0.000201290473342,5.13540553736,3.8705464682,3.06675251089,map_000000170.png
5.1128680776,3.81499628956,0.772817086639,0.0664922543039,0.00011740010319,1.0,5.13540553736,3.8705464682,3.06675251089,map_000000171.png
5.11820165495,3.81969157355,0.827919198863,0.0564923358558,-4.58935696509e-05,1.0,5.13540553736,3.8705464682,3.06675251089,map_000000172.png
5.12299937751,3.82392511558,0.926247425455,0.0499999619986,-6.30641963822e-05,1.0,5.13540553736,3.8705464682,3.06675251089,map_000000173.png
5.12705366021,3.82814547123,1.02851987174,0.0496258852882,-0.00610505416133,1.0,5.13540553736,3.8705464682,3.06675251089,map_000000174.png
5.13024821382,3.83209750302,1.12686619159,0.0496258852882,-0.00610505416133,1.0,5.13540553736,3.8705464682,3.06675251089,map_000000175.png
5.13357402825,3.83608454346,1.22519402374,0.0486844535873,-0.0113940403656,1.0,5.13540553736,3.8705464682,3.06675251089,map_000000176.png
5.1368455015,3.84019994769,1.32354062609,0.046964723955,-0.0171556078524,1.0,5.13540553736,3.8705464682,3.06675251089,map_000000177.png
5.1368455015,3.84019994769,1.32354062609,0.0446215417339,-0.0225592151956,1.0,5.13540553736,3.8705464682,3.06675251089,map_000000178.png
5.14350864568,3.84891227837,1.5241362259,0.0415081220455,-0.0278760826015,1.0,5.13540553736,3.8705464682,3.06675251089,map_000000179.png
5.14350864568,3.84891227837,1.5241362259,0.0328763956117,-0.0376715116306,1.0,5.13540553736,3.8705464682,3.06675251089,map_000000180.png
5.15005673674,3.85781730613,1.72080619386,0.0328763956117,-0.0376715116306,1.0,5.13540553736,3.8705464682,3.06675251089,map_000000181.png
5.15005673674,3.85781730613,1.72080619386,0.0328763956117,-0.0376715116306,1.0,5.13540553736,3.8705464682,3.06675251089,map_000000182.png
5.15395532794,3.86201393775,1.8191390109,0.0,0.0,1.0,5.13540553736,3.8705464682,3.06675251089,map_000000183.png
5.15578748064,3.86363119279,1.92141063493,0.0,0.0,1.0,5.13540553736,3.8705464682,3.06675251089,map_000000184.png
5.15664234581,3.86398970167,2.01975823423,0.0,0.0,1.0,5.13540553736,3.8705464682,3.06675251089,map_000000185.png
5.15748856167,3.86444583035,2.11808928189,0.0,0.0,1.0,5.13540553736,3.8705464682,3.06675251089,map_000000186.png
5.15825298511,3.86496015532,2.21643960537,0.0,0.0,1.0,5.13540553736,3.8705464682,3.06675251089,map_000000187.png
5.15901738324,3.86559450911,2.31870726894,0.0,0.0,1.0,5.13540553736,3.8705464682,3.06675251089,map_000000188.png
5.15969340156,3.86627919467,2.41703827048,0.0,0.0,1.0,5.13540553736,3.8705464682,3.06675251089,map_000000189.png
5.16027371426,3.86699596575,2.51538791601,0.0,0.0,1.0,5.13540553736,3.8705464682,3.06675251089,map_000000190.png
5.16080308318,3.86779960782,2.61371868916,0.0,0.0,0.959349572659,5.13540553736,3.8705464682,3.06675251089,map_000000191.png
5.16124127904,3.86865983598,2.71471368993,0.0,0.0,0.664929568768,5.13540553736,3.8705464682,3.06675251089,map_000000192.png
5.1615707076,3.86947010992,2.80674264477,0.0,0.0,0.51366353035,5.13540553736,3.8705464682,3.06675251089,map_000000193.png
5.16177791684,3.87008483755,2.87211740516,0.0,0.0,0.51366353035,5.13540553736,3.8705464682,3.06675251089,map_000000194.png
5.16189661822,3.87056510691,2.92441629882,0.0,0.0,0.37579613924,5.13540553736,3.8705464682,3.06675251089,map_000000195.png
5.16197859101,3.87097974615,2.96717940752,0.0,0.0,0.27786397934,5.13540553736,3.8705464682,3.06675251089,map_000000196.png
5.16203941381,3.87128165499,2.99951074071,0.0,0.0,0.199512958527,5.13540553736,3.8705464682,3.06675251089,map_000000197.png
5.16205954055,3.87153232803,3.02467212936,0.0,0.0,0.0869922414422,5.13540553736,3.8705464682,3.06675251089,map_000000198.png
5.16207803849,3.87171003509,3.04340599003,0.0,0.0,0.0,5.13540553736,3.8705464682,3.06675251089,map_000000199.png
