3.97703294946,5.99965121849,-1.88120336263,0.0,0.0,0.0,-3.6672898093,3.51462870289,0.395796557855,map_000000001.png
3.97703301047,5.99965115069,-1.8812035024,0.0,0.0,0.0,-3.6672898093,3.51462870289,0.395796557855,map_000000002.png
3.97702362221,5.99966056112,-1.88120881435,0.0,0.0,0.0,-3.6672898093,3.51462870289,0.395796557855,map_000000003.png
3.97702365847,5.99966051961,-1.88120879711,0.0,0.0,0.0,-3.6672898093,3.51462870289,0.395796557855,map_000000004.png
3.97702369471,5.99966047811,-1.88120877785,0.0,0.0,0.0,-3.6672898093,3.51462870289,0.395796557855,map_000000005.png
3.97703315343,5.99965098759,-1.88120350114,-0.0593591069349,-0.00874623318251,-1.0,-3.6672898093,3.51462870289,0.395796557855,map_000000006.png
3.9776437567,6.00146023964,-1.91268051018,-0.0674147315406,-0.0188481837167,-1.0,-3.6672898093,3.51462870289,0.395796557855,map_000000007.png
3.97988298983,6.00703720344,-2.01103715826,-0.0724908585743,-0.0338389607033,-1.0,-3.6672898093,3.51462870289,0.395796557855,map_000000008.png
3.98231500022,6.01368385906,-2.11331147945,-0.0724908585743,-0.0338389607033,-1.0,-3.6672898093,3.51462870289,0.395796557855,map_000000009.png
3.9844980159,6.02125325924,-2.21558355541,-0.0564210179939,-0.0825631126696,-1.0,-3.6672898093,3.51462870289,0.395796557855,map_000000010.png
3.98364584502,6.02984366188,-2.3139161163,-0.0605613275653,-0.0918276846888,-1.0,-3.6672898093,3.51462870289,0.395796557855,map_000000011.png
3.98228316094,6.03994790461,-2.41619028474,-0.0426290666003,-0.112172904798,-1.0,-3.6672898093,3.51462870289,0.395796557855,map_000000012.png
3.98086157746,6.05037031858,-2.51454083478,-0.0250128302093,-0.12757099026,-1.0,-3.6672898093,3.51462870289,0.395796557855,map_000000013.png
3.97828208823,6.06182044508,-2.6168142811,-0.0031855076754,-0.139963755213,-1.0,-3.6672898093,3.51462870289,0.395796557855,map_000000014.png
3.97487432942,6.07393583206,-2.71908736375,0.0460235313684,-0.153237846627,-1.0,-3.6672898093,3.51462870289,0.395796557855,map_000000015.png
3.97040982257,6.08617471951,-2.81741724341,0.0460235313684,-0.153237846627,-1.0,-3.6672898093,3.51462870289,0.395796557855,map_000000016.png
3.96275431869,6.0993113449,-2.91969027707,0.0719752819489,-0.154011570058,-1.0,-3.6672898093,3.51462870289,0.395796557855,map_000000017.png
3.95408941886,6.11246101173,-3.01803181477,0.096494708131,-0.151949924626,-1.0,-3.6672898093,3.51462870289,0.395796557855,map_000000018.png
3.94444688502,6.12674868107,-3.12030012469,0.134308161106,-0.134392444651,-1.0,-3.6672898093,3.51462870289,0.395796557855,map_000000019.png
3.93390192407,6.1414543677,3.06062585745,0.156177293887,-0.124934650443,-1.0,-3.6672898093,3.51462870289,0.395796557855,map_000000020.png
3.92209078291,6.15553103275,2.96229074958,0.198026909528,-0.0958402914598,-1.0,-3.6672898093,3.51462870289,0.395796557855,map_000000021.png
3.90901072675,6.17091031664,2.86001530607,0.198026909528,-0.0958402914598,-1.0,-3.6672898093,3.51462870289,0.395796557855,map_000000022.png
3.89385595014,6.18575431779,2.7616663731,0.215427774676,-0.0805661073678,-1.0,-3.6672898093,3.51462870289,0.395796557855,map_000000023.png
3.87744192215,6.20208345151,2.6593991365,0.235539276532,-0.0460572936509,-0.755644202232,-3.6672898093,3.51462870289,0.395796557855,map_000000024.png
3.86019757019,6.2189406987,2.56867352709,0.2486181036,-0.0262501117071,-0.608371853828,-3.6672898093,3.51462870289,0.395796557855,map_000000025.png
3.84248803919,6.23537090365,2.49843218752,0.268552113579,0.0279245748103,-0.269879758358,-3.6672898093,3.51462870289,0.395796557855,map_000000026.png
3.82302487567,6.25282814691,2.44021322629,0.276132587216,0.0463768272754,-0.164606675506,-3.6672898093,3.51462870289,0.395796557855,map_000000027.png
3.79986102694,6.26873224002,2.41261317723,0.276132587216,0.0463768272754,-0.164606675506,-3.6672898093,3.51462870289,0.395796557855,map_000000028.png
3.77628370469,6.28378276816,2.39600467089,0.28335391407,0.0617298537413,-0.0773320570588,-3.6672898093,3.51462870289,0.395796557855,map_000000029.png
3.75074860233,6.29928735409,2.3857004001,0.28959661407,0.0783186101483,0.0445886105299,-3.6672898093,3.51462870289,0.395796557855,map_000000030.png
3.72502682461,6.31384251126,2.38481106325,0.300208811294,0.0772960034475,0.0695173069835,-3.6672898093,3.51462870289,0.395796557855,map_000000031.png
3.69726838937,6.3288851703,2.39035516852,0.313090844617,0.104279006761,0.249835908413,-3.6672898093,3.51462870289,0.395796557855,map_000000032.png
3.66841908352,6.34405154347,2.40102034034,0.322891202965,0.106495321439,0.249920234084,-3.6672898093,3.51462870289,0.395796557855,map_000000033.png
3.63829666355,6.35730444005,2.42558153166,0.290122439824,0.157254437598,0.510462522507,-3.6672898093,3.51462870289,0.395796557855,map_000000034.png
3.60569993776,6.37077325963,2.45113967274,0.290122439824,0.157254437598,0.510462522507,-3.6672898093,3.51462870289,0.395796557855,map_000000035.png
3.57358682524,6.37776222525,2.49724155844,0.285049563263,0.156012352473,0.510633647442,-3.6672898093,3.51462870289,0.395796557855,map_000000036.png
3.57358682524,6.37776222525,2.49724155844,0.236330827848,0.208187017721,0.802041947842,-3.6672898093,3.51462870289,0.395796557855,map_000000037.png
3.54014345299,6.38223432786,2.54945854977,0.236330827848,0.208187017721,0.802041947842,-3.6672898093,3.51462870289,0.395796557855,map_000000038.png
3.5074722822,6.38156866087,2.61542625807,0.231697284754,0.209193310869,0.706920266151,-3.6672898093,3.51462870289,0.395796557855,map_000000039.png
3.4776536291,6.37432474817,2.69472034508,0.231697284754,0.209193310869,0.706920266151,-3.6672898093,3.51462870289,0.395796557855,map_000000040.png
3.44880469436,6.36256294041,2.77766165323,0.258715930446,0.184711838638,0.619729220867,-3.6672898093,3.51462870289,0.395796557855,map_000000041.png
3.42032965402,6.35092046077,2.84718143381,0.258715930446,0.184711838638,0.619729220867,-3.6672898093,3.51462870289,0.395796557855,map_000000042.png
3.38975572727,6.33960676126,2.91158257883,0.258325590101,0.185257349377,0.619936287403,-3.6672898093,3.51462870289,0.395796557855,map_000000043.png
3.35972798238,6.32664675759,2.97498627246,0.332390945547,0.0606970827958,0.304945290089,-3.6672898093,3.51462870289,0.395796557855,map_000000044.png
3.32864296654,6.31931072354,3.01983179544,0.344527047272,0.0127606294606,0.209941729903,-3.6672898093,3.51462870289,0.395796557855,map_000000045.png
3.29337342111,6.31876318993,3.0476539138,0.349196034958,-0.0237091565288,0.12549392879,-3.6672898093,3.51462870289,0.395796557855,map_000000046.png
3.25893974999,6.32101719323,3.06729948614,0.349138570409,-0.0245408554566,0.125536039472,-3.6672898093,3.51462870289,0.395796557855,map_000000047.png
3.22289706927,6.32607025738,3.08013536679,0.349138570409,-0.0245408554566,0.125536039472,-3.6672898093,3.51462870289,0.395796557855,map_000000048.png
3.18680255426,6.3307430143,3.09297508413,0.345684861794,-0.0547902478545,0.015430948697,-3.6672898093,3.51462870289,0.395796557855,map_000000049.png
3.15243974129,6.33723692265,3.09665889815,0.339807356148,-0.0838507939206,-0.120875164866,-3.6672898093,3.51462870289,0.395796557855,map_000000050.png
3.11723645467,6.34625385521,3.09019415337,0.340278265578,-0.0819188434277,-0.126440912485,-3.6672898093,3.51462870289,0.395796557855,map_000000051.png
3.0837831511,6.3563811363,3.07808180347,0.343965807462,-0.0647110363916,-0.0906795337796,-3.6672898093,3.51462870289,0.395796557855,map_000000052.png
3.04895680285,6.36679751567,3.0660040647,0.348834349193,-0.0285410538855,0.00663250498474,-3.6672898093,3.51462870289,0.395796557855,map_000000053.png
3.01381356511,6.37613443643,3.05711262249,0.348795559273,-0.0290112523814,0.00663501862437,-3.6672898093,3.51462870289,0.395796557855,map_000000054.png
2.97929663595,6.38192661124,3.05776004279,0.348795559273,-0.0290112523814,0.00663501862437,-3.6672898093,3.51462870289,0.395796557855,map_000000055.png
2.94342647936,6.38794362157,3.05844363288,0.349303879317,0.0220634273779,0.0849189311266,-3.6672898093,3.51462870289,0.395796557855,map_000000056.png
2.90861063946,6.39047651407,3.06401921129,0.347896503396,0.0383147211686,0.110331065953,-3.6672898093,3.51462870289,0.395796557855,map_000000057.png
2.87224413572,6.39022044638,3.07380526814,0.334434255663,0.0775896120284,0.232148304582,-3.6672898093,3.51462870289,0.395796557855,map_000000058.png
2.8362659986,6.38734614981,3.08892295816,0.332971923529,0.0858629936197,0.223862618208,-3.6672898093,3.51462870289,0.395796557855,map_000000059.png
2.80256994954,6.38113085424,3.11169145286,0.347908271048,0.0382077200314,0.0546808876097,-3.6672898093,3.51462870289,0.395796557855,map_000000060.png
2.76778345796,6.37308567482,3.13458223366,0.347908271048,0.0382077200314,0.0546808876097,-3.6672898093,3.51462870289,0.395796557855,map_000000061.png
2.733109021,6.369063831,3.14128860218,0.349585692233,0.0170246503487,0.0205465909094,-3.6672898093,3.51462870289,0.395796557855,map_000000062.png
2.69683168429,6.36657983648,-3.13871662671,0.349984615733,-0.00328080534801,0.00369546958245,-3.6672898093,3.51462870289,0.395796557855,map_000000063.png
2.66045663313,6.36583694043,-3.13754797911,0.349733971859,-0.0136434548774,-0.00456735026091,-3.6672898093,3.51462870289,0.395796557855,map_000000064.png
2.62548166597,6.36639062549,-3.13747624785,0.349928061681,0.00709553252214,0.105251714587,-3.6672898093,3.51462870289,0.395796557855,map_000000065.png
2.58911681547,6.36726097777,-3.13578239146,0.348341622009,-0.0340310051266,-0.0854690894485,-3.6672898093,3.51462870289,0.395796557855,map_000000066.png
2.55415604003,6.36626525915,-3.12542671577,0.348341622009,-0.0340310051266,-0.0854690894485,-3.6672898093,3.51462870289,0.395796557855,map_000000067.png
2.51778752101,6.36486356245,-3.1146656133,0.34912677754,-0.0247080581642,-0.0383597388864,-3.6672898093,3.51462870289,0.395796557855,map_000000068.png
2.48145965514,6.36650153157,-3.11876096943,0.348540088383,-0.0319343345538,-0.0539058372378,-3.6672898093,3.51462870289,0.395796557855,map_000000069.png
2.4465371396,6.3686745408,-3.12351645688,0.348544891712,-0.0318818662466,-0.0398080646992,-3.6672898093,3.51462870289,0.395796557855,map_000000070.png
2.41025689793,6.37138143458,-3.12841956822,0.349245855285,-0.0229636125181,-0.0331582464278,-3.6672898093,3.51462870289,0.395796557855,map_000000071.png
2.37538028584,6.37394994555,-3.13219863598,0.349617629626,-0.0163556714308,-0.025814415887,-3.6672898093,3.51462870289,0.395796557855,map_000000072.png
2.33905487371,6.37599662345,-3.13556095908,0.349908058541,-0.00802156477164,-0.0114426519722,-3.6672898093,3.51462870289,0.395796557855,map_000000073.png
2.30270169436,6.37749859334,-3.13820107448,0.349908058541,-0.00802156477164,-0.0114426519722,-3.6672898093,3.51462870289,0.395796557855,map_000000074.png
2.26771652168,6.37830341977,-3.13950083928,0.349997963456,-0.00119185152385,-0.000255496590398,-3.6672898093,3.51462870289,0.395796557855,map_000000075.png
2.23133512603,6.37863278134,-3.13996432836,0.349986047703,0.00312431546341,0.00370481191203,-3.6672898093,3.51462870289,0.395796557855,map_000000076.png
2.19636070641,6.37847839411,-3.13979504399,0.349993637916,0.00210911171332,-0.00997570622712,-3.6672898093,3.51462870289,0.395796557855,map_000000077.png
2.15996832267,6.37812568729,-3.13985157034,0.34999363069,0.00211031039347,-0.00997881218791,-3.6672898093,3.51462870289,0.395796557855,map_000000078.png
2.12358251124,6.37785311514,-3.1408728096,0.349998353873,0.00107108361882,-0.0117132049054,-3.6672898093,3.51462870289,0.395796557855,map_000000079.png
2.12358251124,6.37785311514,-3.1408728096,0.349999991753,-2.6576970288e-05,-0.011632097885,-3.6672898093,3.51462870289,0.395796557855,map_000000080.png
2.08860053529,6.37762193204,3.14133225965,0.349999991753,-2.6576970288e-05,-0.011632097885,-3.6672898093,3.51462870289,0.395796557855,map_000000081.png
2.05221382495,6.37752720641,3.140140304,0.349998019556,0.00117526197048,-0.00334186595865,-3.6672898093,3.51462870289,0.395796557855,map_000000082.png
2.01723123045,6.37756485155,3.13899591917,0.349998019556,0.00117526197048,-0.00334186595865,-3.6672898093,3.51462870289,0.395796557855,map_000000083.png
1.98084458419,6.37760121037,3.13829457128,0.349956920209,0.00549080426099,0.0147941699252,-3.6672898093,3.51462870289,0.395796557855,map_000000084.png
1.94446300822,6.3774119565,3.13873840904,0.349741756121,0.0134424312989,0.0414010770619,-3.6672898093,3.51462870289,0.395796557855,map_000000085.png
1.90948489631,6.37676545769,3.14082204717,0.345177682746,0.046720763377,0.155826702714,-3.6672898093,3.51462870289,0.395796557855,map_000000086.png
1.87314566163,6.37523386543,-3.13767764672,0.34465174575,0.0518485338517,0.152753427625,-3.6672898093,3.51462870289,0.395796557855,map_000000087.png
1.83869303814,6.37032186808,-3.12235514036,0.34465174575,0.0518485338517,0.152753427625,-3.6672898093,3.51462870289,0.395796557855,map_000000088.png
1.80300458266,6.36420525522,-3.1066849874,0.328912689823,0.0874100027233,0.278040111065,-3.6672898093,3.51462870289,0.395796557855,map_000000089.png
1.76870102578,6.35493120782,-3.08219323622,0.315252769667,0.114459613587,0.353716671467,-3.6672898093,3.51462870289,0.395796557855,map_000000090.png
1.73728655961,6.34286475819,-3.05128150934,0.315112215229,0.114846000099,0.353834688663,-3.6672898093,3.51462870289,0.395796557855,map_000000091.png
1.70595278948,6.32784614712,-3.01510703951,0.296757850942,0.140438830127,0.462030738592,-3.6672898093,3.51462870289,0.395796557855,map_000000092.png
1.67654480373,6.31213945937,-2.97945962905,0.30181747959,0.134810518692,0.42789465189,-3.6672898093,3.51462870289,0.395796557855,map_000000093.png
1.64882039459,6.29256411646,-2.93220890253,0.306818849794,0.124466397306,0.419821560383,-3.6672898093,3.51462870289,0.395796557855,map_000000094.png
1.62143151913,6.27212335795,-2.88818108206,0.306818849794,0.124466397306,0.419821560383,-3.6672898093,3.51462870289,0.395796557855,map_000000095.png
1.59532977061,6.25204469188,-2.84671165086,0.320472923026,0.100108219819,0.349085271358,-3.6672898093,3.51462870289,0.395796557855,map_000000096.png
1.5677276611,6.23127793757,-2.80767381905,0.30492714925,0.118774716301,0.479036837816,-3.6672898093,3.51462870289,0.395796557855,map_000000097.png
1.54172279844,6.21078482917,-2.76874804758,0.31520642714,0.102055538575,0.4169921875,-3.6672898093,3.51462870289,0.395796557855,map_000000098.png
1.51674718104,6.1878045811,-2.72097966976,0.294561480573,0.130422548826,0.557211399078,-3.6672898093,3.51462870289,0.395796557855,map_000000099.png
1.49147163147,6.1645918223,-2.67833755385,0.294046889759,0.132966250638,0.548869371414,-3.6672898093,3.51462870289,0.395796557855,map_000000100.png
1.47135857998,6.13969496559,-2.62354464917,0.294046889759,0.132966250638,0.548869371414,-3.6672898093,3.51462870289,0.395796557855,map_000000101.png
1.45209264818,6.11252870884,-2.56724874512,0.30226602708,0.124497646494,0.485088706017,-3.6672898093,3.51462870289,0.395796557855,map_000000102.png
1.4342963302,6.08552995455,-2.51729799325,0.320613594562,0.0952778436041,0.369645297527,-3.6672898093,3.51462870289,0.395796557855,map_000000103.png
1.41521347261,6.05717396507,-2.47314285862,0.333558263255,0.0658733036813,0.28532409668,-3.6672898093,3.51462870289,0.395796557855,map_000000104.png
1.3947003276,6.02903274511,-2.43765178988,0.349866588268,0.0096625745794,0.111384898424,-3.6672898093,3.51462870289,0.395796557855,map_000000105.png
1.37332543178,6.00260418294,-2.41097182036,0.332217828978,-0.0993448273923,-0.178613707423,-3.6672898093,3.51462870289,0.395796557855,map_000000106.png
1.34697056396,5.97751996363,-2.39958240637,0.332217828978,-0.0993448273923,-0.178613707423,-3.6672898093,3.51462870289,0.395796557855,map_000000107.png
1.31652128073,5.96135637309,-2.41372230318,0.319328679736,-0.128284025835,-0.218693822622,-3.6672898093,3.51462870289,0.395796557855,map_000000108.png
1.28318376721,5.94843936129,-2.43482822558,0.249008534322,-0.222799659836,-0.599504590034,-3.6672898093,3.51462870289,0.395796557855,map_000000109.png
1.24909720302,5.94382928363,-2.47815870473,0.197641023281,-0.256905253921,-0.80615323782,-3.6672898093,3.51462870289,0.395796557855,map_000000110.png
1.21702178825,5.94859628753,-2.54443293051,0.181061049237,-0.256703176738,-0.774763584137,-3.6672898093,3.51462870289,0.395796557855,map_000000111.png
1.1861182186,5.95983818383,-2.62637480372,0.19585205188,-0.240387051913,-0.73996090889,-3.6672898093,3.51462870289,0.395796557855,map_000000112.png
1.15749805336,5.97422103943,-2.7056045981,0.227006860916,-0.216189859817,-0.688133955002,-3.6672898093,3.51462870289,0.395796557855,map_000000113.png
1.13037137406,5.98805435733,-2.7783642636,0.227006860916,-0.216189859817,-0.688133955002,-3.6672898093,3.51462870289,0.395796557855,map_000000114.png
1.10142360818,6.00173426866,-2.84975456051,0.26953467013,-0.174816632977,-0.569518744946,-3.6672898093,3.51462870289,0.395796557855,map_000000115.png
1.07208852444,6.01294898144,-2.90995757067,0.295423283571,-0.137575814609,-0.499096870422,-3.6672898093,3.51462870289,0.395796557855,map_000000116.png
1.04026180911,6.02271505859,-2.96514968827,0.333142985848,-0.0536973591231,-0.322910547256,-3.6672898093,3.51462870289,0.395796557855,map_000000117.png
1.00707394644,6.02928042725,-3.01133872342,0.333189091253,-0.0534105314201,-0.323018103838,-3.6672898093,3.51462870289,0.395796557855,map_000000118.png
0.973410659829,6.03049218058,-3.04309512121,0.341671864664,-0.0175307272477,-0.251677513123,-3.6672898093,3.51462870289,0.395796557855,map_000000119.png
0.938467067597,6.03283843768,-3.07612237793,0.341671864664,-0.0175307272477,-0.251677513123,-3.6672898093,3.51462870289,0.395796557855,map_000000120.png
0.904348083253,6.03298350927,-3.10171581108,0.348530360336,0.0242712219594,-0.140993922949,-3.6672898093,3.51462870289,0.395796557855,map_000000121.png
0.904348083253,6.03298350927,-3.10171581108,0.347620998779,0.0407386320514,-0.0948365181684,-3.6672898093,3.51462870289,0.395796557855,map_000000122.png
0.868382104732,6.03054490619,-3.11961735642,0.347620998779,0.0407386320514,-0.0948365181684,-3.6672898093,3.51462870289,0.395796557855,map_000000123.png
0.832257254417,6.02641884988,-3.13149399608,0.346154663302,0.0517391921855,-0.0564964078367,-3.6672898093,3.51462870289,0.395796557855,map_000000124.png
0.797597456146,6.02166225721,-3.1394567356,0.346517903332,0.0492477167369,-0.0146393943578,-3.6672898093,3.51462870289,0.395796557855,map_000000125.png
0.761603247833,6.01629582067,3.13861044703,0.34733883642,0.0430781574312,-0.00323209539056,-3.6672898093,3.51462870289,0.395796557855,map_000000126.png
0.726937800396,6.01149630126,3.13716671423,0.34733883642,0.0430781574312,-0.00323209539056,-3.6672898093,3.51462870289,0.395796557855,map_000000127.png
0.690870087947,6.00669741427,3.13594052973,0.348275899469,0.0346971581371,0.00444423453882,-3.6672898093,3.51462870289,0.395796557855,map_000000128.png
0.654676164897,6.00308438788,3.13622025477,0.348235161197,0.0351036670437,0.00444593653083,-3.6672898093,3.51462870289,0.395796557855,map_000000129.png
0.619836428456,5.99978756581,3.13665163688,0.349856034532,0.0100374317127,0.00759343104437,-3.6672898093,3.51462870289,0.395796557855,map_000000130.png
0.583564418923,5.997404995,3.13724836042,0.349853819626,0.0101143376947,0.00759618077427,-3.6672898093,3.51462870289,0.395796557855,map_000000131.png
0.548578210967,5.99655853326,3.13798927108,0.349996584284,-0.00154464330029,0.00593696674332,-3.6672898093,3.51462870289,0.395796557855,map_000000132.png
0.512217258398,5.99566681546,3.13876534899,0.349981874225,-0.00356127050206,0.00481635285541,-3.6672898093,3.51462870289,0.395796557855,map_000000133.png
0.475823931273,5.99593549058,3.13936758956,0.349981874225,-0.00356127050206,0.00481635285541,-3.6672898093,3.51462870289,0.395796557855,map_000000134.png
0.440851050962,5.99633147967,3.13985929446,0.349952169931,-0.00578564553255,0.00365587905981,-3.6672898093,3.51462870289,0.395796557855,map_000000135.png
0.404461574449,5.99692219901,3.14026927216,0.349965287932,-0.00492870940065,0.00206646230072,-3.6672898093,3.51462870289,0.395796557855,map_000000136.png
0.369491114428,5.99749305623,3.14055871103,0.349963985654,-0.00502032656998,0.00206736545078,-3.6672898093,3.51462870289,0.395796557855,map_000000137.png
0.333101074194,5.99805429619,3.14076507598,0.349987128184,-0.0030008397928,0.00110032525845,-3.6672898093,3.51462870289,0.395796557855,map_000000138.png
0.296718282924,5.99858215155,3.14096417901,0.349986587559,-0.00306324373174,0.00110090593807,-3.6672898093,3.51462870289,0.395796557855,map_000000139.png
0.261736920122,5.99890134986,3.14107326557,0.349986587559,-0.00306324373174,0.00110090593807,-3.6672898093,3.51462870289,0.395796557855,map_000000140.png
0.225351831301,5.99923914167,3.14118495686,0.349998554478,-0.00100339278523,0.000936914468184,-3.6672898093,3.51462870289,0.395796557855,map_000000141.png
0.190369542343,5.99940863556,3.14128242983,0.349999754491,-0.000408399174081,0.000773810083047,-3.6672898093,3.51462870289,0.395796557855,map_000000142.png
0.15398300985,5.99949200746,3.14136839324,0.349999792766,0.000374161868362,0.00113925209735,-3.6672898093,3.51462870289,0.395796557855,map_000000143.png
0.117610564916,5.99949892851,3.14146770583,0.349998681719,0.000957981324841,0.00197639665566,-3.6672898093,3.51462870289,0.395796557855,map_000000144.png
0.0826136345112,5.99946539056,3.14159040372,0.349997981338,0.00118658869372,0.00184832303785,-3.6672898093,3.51462870289,0.395796557855,map_000000145.png
0.0462413005817,5.99935155529,-3.14138745154,0.349989679858,0.00268680600709,0.00666843308136,-3.6672898093,3.51462870289,0.395796557855,map_000000146.png
0.0112445602696,5.99923632693,-3.14121156682,0.349989679858,0.00268680600709,0.00666843308136,-3.6672898093,3.51462870289,0.395796557855,map_000000147.png
-0.0251268080777,5.99895804575,-3.14061858239,0.349974750852,0.00420341522537,0.0125144645572,-3.6672898093,3.51462870289,0.395796557855,map_000000148.png
-0.0615192164973,5.99854426943,-3.13955065013,0.349970583369,0.00453714778333,0.0122550204396,-3.6672898093,3.51462870289,0.395796557855,map_000000149.png
-0.0965031093699,5.9980307014,-3.13833083369,0.349920592587,0.00745478486116,0.0227130800486,-3.6672898093,3.51462870289,0.395796557855,map_000000150.png
-0.132879654575,5.99734860559,-3.13678754855,0.349745089435,0.0133554239803,0.0402028635144,-3.6672898093,3.51462870289,0.395796557855,map_000000151.png
-0.167852580365,5.99637323511,-3.1344154759,0.349152475094,0.0243422281043,0.0763697773218,-3.6672898093,3.51462870289,0.395796557855,map_000000152.png
-0.204198704375,5.99469146321,-3.1303028842,0.349152475094,0.0243422281043,0.0763697773218,-3.6672898093,3.51462870289,0.395796557855,map_000000153.png
-0.240466085094,5.99183178538,-3.12291910745,0.346423299858,0.0434990924412,0.143415182829,-3.6672898093,3.51462870289,0.395796557855,map_000000154.png
-0.275072828814,5.98730648458,-3.11066054769,0.332864409052,0.0747761242291,0.265385150909,-3.6672898093,3.51462870289,0.395796557855,map_000000155.png
-0.310111517207,5.97997174872,-3.08975561055,0.332299470272,0.0803904212448,0.254398137331,-3.6672898093,3.51462870289,0.395796557855,map_000000156.png
-0.342825568478,5.97047241547,-3.06396643687,0.25402995008,0.197683945804,0.784804701805,-3.6672898093,3.51462870289,0.395796557855,map_000000157.png
-0.375423094242,5.95803516646,-3.03169094634,0.237401066678,0.202270089812,0.746382594109,-3.6672898093,3.51462870289,0.395796557855,map_000000158.png
-0.398613445379,5.93457154854,-2.95143222055,0.237401066678,0.202270089812,0.746382594109,-3.6672898093,3.51462870289,0.395796557855,map_000000159.png
-0.417442944888,5.91024060633,-2.87787945222,0.201949299487,0.225277523316,0.855937421322,-3.6672898093,3.51462870289,0.395796557855,map_000000160.png
-0.43185439998,5.88275168558,-2.79336056246,0.230996122186,0.207379898162,0.735834538937,-3.6672898093,3.51462870289,0.395796557855,map_000000161.png
-0.444225521042,5.85527178137,-2.71581447472,0.230396395295,0.208045984489,0.736079573631,-3.6672898093,3.51462870289,0.395796557855,map_000000162.png
-0.456400785434,5.8259078658,-2.64055305816,0.280289227758,0.156435022034,0.575233817101,-3.6672898093,3.51462870289,0.395796557855,map_000000163.png
-0.467940543293,5.79607177326,-2.56907184854,0.322654693912,0.0738084542912,0.384686410427,-3.6672898093,3.51462870289,0.395796557855,map_000000164.png
-0.467940543293,5.79607177326,-2.56907184854,0.339605963666,0.024655141162,0.277592331171,-3.6672898093,3.51462870289,0.395796557855,map_000000165.png
-0.482553095517,5.76780226315,-2.51251080183,0.339605963666,0.024655141162,0.277592331171,-3.6672898093,3.51462870289,0.395796557855,map_000000166.png
-0.50489028413,5.74174355632,-2.47317389203,0.339605963666,0.024655141162,0.277592331171,-3.6672898093,3.51462870289,0.395796557855,map_000000167.png
-0.528956388114,5.71805553568,-2.44377037843,0.344560162957,-0.0110543987059,0.212967917323,-3.6672898093,3.51462870289,0.395796557855,map_000000168.png
-0.556054058047,5.69488369824,-2.41970395849,0.347661789341,-0.0403890476004,0.120682969689,-3.6672898093,3.51462870289,0.395796557855,map_000000169.png
-0.58464957955,5.67288167539,-2.4022822102,0.34713979273,-0.044653770695,0.0846229568124,-3.6672898093,3.51462870289,0.395796557855,map_000000170.png
-0.613077535656,5.65246499488,-2.39140890184,0.34702920331,-0.045505241273,0.0846505463123,-3.6672898093,3.51462870289,0.395796557855,map_000000171.png
-0.642616542554,5.63119978101,-2.38275445812,0.348251874822,-0.0349374672313,0.0479819104075,-3.6672898093,3.51462870289,0.395796557855,map_000000172.png
-0.67090043796,5.61056743087,-2.3744302193,0.348251874822,-0.0349374672313,0.0479819104075,-3.6672898093,3.51462870289,0.395796557855,map_000000173.png
-0.699517277869,5.58810996581,-2.36908266086,0.348191293872,-0.0355361478688,0.0479972660542,-3.6672898093,3.51462870289,0.395796557855,map_000000174.png
-0.727998896423,5.5654540852,-2.36417950793,0.349777810156,-0.0124691000547,0.0193094275892,-3.6672898093,3.51462870289,0.395796557855,map_000000175.png
-0.754493957415,5.54263191891,-2.36092556526,0.349770116671,-0.0126830760241,0.019315212965,-3.6672898093,3.51462870289,0.395796557855,map_000000176.png
-0.781235644365,5.51795545583,-2.35894901475,0.349940250246,-0.00646654398148,0.011966268532,-3.6672898093,3.51462870289,0.395796557855,map_000000177.png
-0.806860850914,5.49413325584,-2.35713488743,0.34999992697,-0.000214604034392,0.0050358120352,-3.6672898093,3.51462870289,0.395796557855,map_000000178.png
-0.833068541834,5.46889176543,-2.35590307836,0.34999992697,-0.000214604034392,0.0050358120352,-3.6672898093,3.51462870289,0.395796557855,map_000000179.png
-0.859264944137,5.44363683811,-2.35468450803,0.349995563108,0.00176089144,0.00281560700387,-3.6672898093,3.51462870289,0.395796557855,map_000000180.png
-0.883885285453,5.41877932859,-2.35433529888,0.349989526201,0.00270674775795,0.000968456501141,-3.6672898093,3.51462870289,0.395796557855,map_000000181.png
-0.909394539292,5.39283188337,-2.35415469994,0.349980543483,0.00368973124568,-0.000578637700528,-3.6672898093,3.51462870289,0.395796557855,map_000000182.png
-0.933862802242,5.36782310964,-2.35411930391,0.349984708356,0.00327090975164,-0.0011033017654,-3.6672898093,3.51462870289,0.395796557855,map_000000183.png
-0.959262649071,5.34176952668,-2.35418335489,0.349989850003,0.00266455037072,-0.00120392069221,-3.6672898093,3.51462870289,0.395796557855,map_000000184.png
-0.984711962953,5.31576338916,-2.35430274699,0.349998336894,0.00107661746474,-0.00103611382656,-3.6672898093,3.51462870289,0.395796557855,map_000000185.png
-1.0092155119,5.29079075715,-2.35442004057,0.349998336894,0.00107661746474,-0.00103611382656,-3.6672898093,3.51462870289,0.395796557855,map_000000186.png
-1.0348018714,5.26491997228,-2.35452742843,0.349999817547,0.000350215550427,-0.000858027022332,-3.6672898093,3.51462870289,0.395796557855,map_000000187.png
-1.05945961695,5.24009829963,-2.35461649536,0.349999917511,-0.000229513063629,-0.000550705706701,-3.6672898093,3.51462870289,0.395796557855,map_000000188.png
-1.08513408589,5.21431551355,-2.35468125858,0.34999950128,-0.000586546974968,-0.000390462577343,-3.6672898093,3.51462870289,0.395796557855,map_000000189.png
-1.11086691765,5.18857687091,-2.35473769581,0.349999216191,-0.000737291641249,-6.88196159899e-05,-3.6672898093,3.51462870289,0.395796557855,map_000000190.png
-1.13560542826,5.16385043977,-2.35477401011,0.349999169635,-0.000759070748582,0.00042923190631,-3.6672898093,3.51462870289,0.395796557855,map_000000191.png
-1.16135188634,5.138139229,-2.35478010174,0.349999169635,-0.000759070748582,0.00042923190631,-3.6672898093,3.51462870289,0.395796557855,map_000000192.png
-1.1861099628,5.11341791107,-2.35473932803,0.349999277558,-0.000707561176246,0.000483192154206,-3.6672898093,3.51462870289,0.395796557855,map_000000193.png
-1.21186288089,5.08769536394,-2.35469007797,0.349999654517,-0.000486591860378,0.00106153788511,-3.6672898093,3.51462870289,0.395796557855,map_000000194.png
-1.23758656728,5.06197884393,-2.35460583436,0.34999976555,-0.000398809076845,0.00100007746369,-3.6672898093,3.51462870289,0.395796557855,map_000000195.png
-1.2623181693,5.03723141817,-2.35450251666,0.34999998886,-5.22677226318e-05,0.00196800963022,-3.6672898093,3.51462870289,0.395796557855,map_000000196.png
-1.28802679648,5.01148143811,-2.35437576412,0.349999523836,0.000572929587801,0.00360709172674,-3.6672898093,3.51462870289,0.395796557855,map_000000197.png
-1.31371041816,4.9857061903,-2.35416668879,0.349999347242,0.000672208358284,0.00341751170345,-3.6672898093,3.51462870289,0.395796557855,map_000000198.png
-1.33834785587,4.96086429763,-2.35380387866,0.349999347242,0.000672208358284,0.00341751170345,-3.6672898093,3.51462870289,0.395796557855,map_000000199.png
-1.36397514628,4.93503279903,-2.35345641505,0.349996346877,0.00159753137488,0.00665419874713,-3.6672898093,3.51462870289,0.395796557855,map_000000200.png
-1.3885524749,4.91013221525,-2.35290263033,0.349996581571,0.00154525786551,0.00611154735088,-3.6672898093,3.51462870289,0.395796557855,map_000000201.png
-1.41407682112,4.88419958688,-2.35224825046,0.349985013775,0.00323806525136,0.0121792405844,-3.6672898093,3.51462870289,0.395796557855,map_000000202.png
-1.439548631,4.85821520666,-2.3514309052,0.349984693018,0.00327255045822,0.011355095543,-3.6672898093,3.51462870289,0.395796557855,map_000000203.png
-1.46392287257,4.83311494775,-2.35023492947,0.349936014583,0.00669183320966,0.0214483849704,-3.6672898093,3.51462870289,0.395796557855,map_000000204.png
-1.48925863352,4.80699779376,-2.34907840842,0.349936014583,0.00669183320966,0.0214483849704,-3.6672898093,3.51462870289,0.395796557855,map_000000205.png
-1.5133400934,4.7816178827,-2.34700809565,0.349770055674,0.0126847580784,0.0428698919713,-3.6672898093,3.51462870289,0.395796557855,map_000000206.png
-1.5133400934,4.7816178827,-2.34700809565,0.349734610781,0.013627067028,0.0411487333477,-3.6672898093,3.51462870289,0.395796557855,map_000000207.png
-1.53796121315,4.75482933887,-2.34312793914,0.349734610781,0.013627067028,0.0411487333477,-3.6672898093,3.51462870289,0.395796557855,map_000000208.png
-1.56231953673,4.72780034514,-2.33885079123,0.349855091465,0.0100702487514,0.0276477858424,-3.6672898093,3.51462870289,0.395796557855,map_000000209.png
-1.58569086156,4.70176477166,-2.33527451934,0.349855091465,0.0100702487514,0.0276477858424,-3.6672898093,3.51462870289,0.395796557855,map_000000210.png
-1.61010598227,4.67478654215,-2.33245287275,0.348602611198,-0.0312444299017,-0.117733947933,-3.6672898093,3.51462870289,0.395796557855,map_000000211.png
-1.63361047992,4.6488838311,-2.33030492455,0.32431445288,-0.102079089169,-0.331111341715,-3.6672898093,3.51462870289,0.395796557855,map_000000212.png
-1.66097687924,4.62491962617,-2.34234477779,0.32431445288,-0.102079089169,-0.331111341715,-3.6672898093,3.51462870289,0.395796557855,map_000000213.png
-1.69156134566,4.60728746287,-2.3728476469,0.290921204299,-0.155771831456,-0.529052138329,-3.6672898093,3.51462870289,0.395796557855,map_000000214.png
-1.72274179923,4.59658912539,-2.41863905077,0.277938634867,-0.168425603624,-0.511340260506,-3.6672898093,3.51462870289,0.395796557855,map_000000215.png
-1.75589901171,4.59014758828,-2.47184460516,0.266194841943,-0.181207301623,-0.556860506535,-3.6672898093,3.51462870289,0.395796557855,map_000000216.png
-1.78785942398,4.58695900107,-2.52337166088,0.301288467911,-0.139504138505,-0.401384294033,-3.6672898093,3.51462870289,0.395796557855,map_000000217.png
-1.82112509411,4.58610033237,-2.57848421502,0.319694065638,-0.107462915113,-0.324227899313,-3.6672898093,3.51462870289,0.395796557855,map_000000218.png
-1.85523021851,4.58198138207,-2.619530029,0.319694065638,-0.107462915113,-0.324227899313,-3.6672898093,3.51462870289,0.395796557855,map_000000219.png
-1.88815098978,4.57934010736,-2.65899424691,0.323568968502,-0.0911312723216,-0.341361969709,-3.6672898093,3.51462870289,0.395796557855,map_000000220.png
-1.92242730388,4.57300928157,-2.69374043559,0.329596693588,-0.0730579329008,-0.31961157918,-3.6672898093,3.51462870289,0.395796557855,map_000000221.png
-1.95537138413,4.56638930083,-2.72610571427,0.338379720917,-0.0458567816939,-0.260522037745,-3.6672898093,3.51462870289,0.395796557855,map_000000222.png
-1.98968460621,4.55862784838,-2.75646656113,0.318746425975,-0.0909667086403,-0.481126010418,-3.6672898093,3.51462870289,0.395796557855,map_000000223.png
-2.02403245452,4.55098835006,-2.78744707012,0.314592270959,-0.0893442549086,-0.481286555529,-3.6672898093,3.51462870289,0.395796557855,map_000000224.png
-2.0569659272,4.54878468693,-2.83475295119,0.312424641631,-0.102670086519,-0.453660964966,-3.6672898093,3.51462870289,0.395796557855,map_000000225.png
-2.09083795965,4.54812941536,-2.88397972843,0.312424641631,-0.102670086519,-0.453660964966,-3.6672898093,3.51462870289,0.395796557855,map_000000226.png
-2.12347736776,4.5501642277,-2.92901665596,0.31671702392,-0.0970134392434,-0.417467415333,-3.6672898093,3.51462870289,0.395796557855,map_000000227.png
-2.15751548789,4.55366097768,-2.97313238007,0.32596133305,-0.081835571579,-0.343766391277,-3.6672898093,3.51462870289,0.395796557855,map_000000228.png
-2.19185468557,4.55760188057,-3.01234508824,0.332738640262,-0.0664632148408,-0.294485509396,-3.6672898093,3.51462870289,0.395796557855,map_000000229.png
-2.225234856,4.56134979155,-3.0449818354,0.339945159033,-0.0462650081992,-0.237049862742,-3.6672898093,3.51462870289,0.395796557855,map_000000230.png
-2.26030729597,4.56496101237,-3.07465196168,0.349929121082,-0.00576120849405,-0.131850332022,-3.6672898093,3.51462870289,0.395796557855,map_000000231.png
-2.29448067082,4.567457321,-3.09795970896,0.349929121082,-0.00576120849405,-0.131850332022,-3.6672898093,3.51462870289,0.395796557855,map_000000232.png
-2.33072060443,4.56726798736,-3.11309946511,0.349737417489,0.0135548420129,-0.0845582783222,-3.6672898093,3.51462870289,0.395796557855,map_000000233.png
-2.36705730169,4.56553952574,-3.1232348632,0.348885317898,0.0279111069049,-0.0496246293187,-3.6672898093,3.51462870289,0.395796557855,map_000000234.png
-2.40192858682,4.5628498452,-3.12975812933,0.348077303471,0.0366358532335,-0.0177417062223,-3.6672898093,3.51462870289,0.395796557855,map_000000235.png
-2.43814002365,4.55928469206,-3.13382910874,0.34730830778,0.0433235995803,0.0165423024446,-3.6672898093,3.51462870289,0.395796557855,map_000000236.png
-2.47290724583,4.55529793449,-3.1351732097,0.346419042615,0.0499383805032,0.0687643960118,-3.6672898093,3.51462870289,0.395796557855,map_000000237.png
-2.50898860888,4.55053986885,-3.13347490887,0.346419042615,0.0499383805032,0.0687643960118,-3.6672898093,3.51462870289,0.395796557855,map_000000238.png
-2.54493729658,4.54504296524,-3.12665283812,0.343573313166,0.064030651716,0.138067051768,-3.6672898093,3.51462870289,0.395796557855,map_000000239.png
-2.57922412317,4.53840345571,-3.11471012113,0.329792839528,0.0891485560563,0.258138865232,-3.6672898093,3.51462870289,0.395796557855,map_000000240.png
-2.61380309066,4.529207322,-3.09350455038,0.330414308619,0.0894172909632,0.247991994023,-3.6672898093,3.51462870289,0.395796557855,map_000000241.png
-2.64621338001,4.51856272157,-3.06852437594,0.252491705092,0.200312328071,0.781533002853,-3.6672898093,3.51462870289,0.395796557855,map_000000242.png
-2.67789684718,4.50464031671,-3.03267090099,0.237286351562,0.203042581642,0.744323372841,-3.6672898093,3.51462870289,0.395796557855,map_000000243.png
-2.70085106497,4.48095012384,-2.95289199712,0.20393269844,0.223716385615,0.853224694729,-3.6672898093,3.51462870289,0.395796557855,map_000000244.png
-2.71962417845,4.45656965767,-2.87969299268,0.20393269844,0.223716385615,0.853224694729,-3.6672898093,3.51462870289,0.395796557855,map_000000245.png
-2.73378228791,4.42902184424,-2.79414848545,0.203209272641,0.22437370211,0.853509068489,-3.6672898093,3.51462870289,0.395796557855,map_000000246.png
-2.7444519941,4.40135472028,-2.7102366627,0.232587863813,0.205781497281,0.73412501812,-3.6672898093,3.51462870289,0.395796557855,map_000000247.png
-2.75467391478,4.37179552695,-2.62858582579,0.31157136122,0.106551340532,0.448461711407,-3.6672898093,3.51462870289,0.395796557855,map_000000248.png
-2.75467391478,4.37179552695,-2.62858582579,0.328969759625,0.0617941979256,0.365590542555,-3.6672898093,3.51462870289,0.395796557855,map_000000249.png
-2.76786062141,4.34262749984,-2.56137627241,0.340948683926,0.0160147946467,0.264897584915,-3.6672898093,3.51462870289,0.395796557855,map_000000250.png
-2.78807321041,4.31678133757,-2.51793255246,0.340948683926,0.0160147946467,0.264897584915,-3.6672898093,3.51462870289,0.395796557855,map_000000251.png
-2.81183808635,4.29144528179,-2.48054181812,0.344218401449,-0.0039770904191,0.220441356301,-3.6672898093,3.51462870289,0.395796557855,map_000000252.png
-2.83731001264,4.26887837581,-2.45369461144,0.344218401449,-0.0039770904191,0.220441356301,-3.6672898093,3.51462870289,0.395796557855,map_000000253.png
-2.86461887531,4.24590608347,-2.4297598059,0.3473064125,-0.0205516439332,0.164428189397,-3.6672898093,3.51462870289,0.395796557855,map_000000254.png
-2.89262127946,4.22328729199,-2.41030075436,0.348859235794,-0.0282352356999,0.0993169993162,-3.6672898093,3.51462870289,0.395796557855,map_000000255.png
-2.91999394683,4.20169465311,-2.39643957666,0.348942380218,-0.0271884207172,0.0760439038277,-3.6672898093,3.51462870289,0.395796557855,map_000000256.png
-2.94858529202,4.17917590205,-2.38665034452,0.349125343167,-0.0247283176198,0.0760686546564,-3.6672898093,3.51462870289,0.395796557855,map_000000257.png
-2.97581231356,4.15719680843,-2.37916541038,0.349125343167,-0.0247283176198,0.0760686546564,-3.6672898093,3.51462870289,0.395796557855,map_000000258.png
-3.00382585479,4.13394635376,-2.37139334937,0.349452635541,-0.0195665645121,0.0437903031707,-3.6672898093,3.51462870289,0.395796557855,map_000000259.png
-3.03134687551,4.11015840567,-2.36627941736,0.349647963386,-0.0156938406213,0.0325908623636,-3.6672898093,3.51462870289,0.395796557855,map_000000260.png
-3.05749121279,4.08690551307,-2.36263256702,0.359905843527,-0.00823239066202,0.0149880079553,-3.6672898093,3.51462870289,0.395796557855,map_000000261.png
-3.08455079353,4.0620471514,-2.3599145962,0.368061813461,-0.00830782163495,0.0149923739955,-3.6672898093,3.51462870289,0.395796557855,map_000000262.png
-3.11080720029,4.0371508886,-2.35844588143,0.358111604097,-0.00561277590185,0.0104555813596,-3.6672898093,3.51462870289,0.395796557855,map_000000263.png
-3.13848969847,4.01077705635,-2.35692904905,0.348136417729,-0.00365318217926,0.0063814772293,-3.6672898093,3.51462870289,0.395796557855,map_000000264.png
-3.1652407904,3.98487709293,-2.35585814663,0.348136417729,-0.00365318217926,0.0063814772293,-3.6672898093,3.51462870289,0.395796557855,map_000000265.png
-3.19019649489,3.96044632185,-2.35518123596,0.328154163459,-0.000973342070906,0.00240947352722,-3.6672898093,3.51462870289,0.395796557855,map_000000266.png
-3.21493050059,3.93591665081,-2.35478613854,0.318155608712,-8.96595320292e-05,0.00107615848538,-3.6672898093,3.51462870289,0.395796557855,map_000000267.png
-3.23780209118,3.91307562109,-2.3546172872,0.308155319682,0.000437360192236,6.05164095759e-05,-3.6672898093,3.51462870289,0.395796557855,map_000000268.png
-3.260921903,3.8898708931,-2.35453796169,0.298154921313,0.000651231763368,-0.000384328886867,-3.6672898093,3.51462870289,0.395796557855,map_000000269.png
-3.28341870817,3.86723107414,-2.35453554385,0.288154864806,0.000668845109548,-0.000638368655927,-3.6672898093,3.51462870289,0.395796557855,map_000000270.png
-3.30441310982,3.84607480735,-2.35457228736,0.288154864806,0.000668845109548,-0.000638368655927,-3.6672898093,3.51462870289,0.395796557855,map_000000271.png
-3.32557781995,3.82474342719,-2.35463510315,0.268155377394,0.000392764822251,-0.000682224403135,-3.6672898093,3.51462870289,0.395796557855,map_000000272.png
-3.34479969484,3.80539670894,-2.35470001595,0.258155584247,0.000206219093016,-0.000584697118029,-3.6672898093,3.51462870289,0.395796557855,map_000000273.png
-3.3640661818,3.78602982529,-2.35476374095,0.248155667458,9.34494741153e-06,-0.000491301878355,-3.6672898093,3.51462870289,0.395796557855,map_000000274.png
-3.38272450093,3.76729903924,-2.35481915609,0.238155623673,-0.000131915797842,-0.000394729548134,-3.6672898093,3.51462870289,0.395796557855,map_000000275.png
-3.40010143891,3.74987703412,-2.35486525888,0.218155424519,-0.000313316908749,-0.000193905318156,-3.6672898093,3.51462870289,0.395796557855,map_000000276.png
-3.41760392388,3.7323475139,-2.35490496351,0.208155348721,-0.000352177450973,-0.000112573616207,-3.6672898093,3.51462870289,0.395796557855,map_000000277.png
-3.43301388358,3.71694206809,-2.35492359209,0.208155348721,-0.000352177450973,-0.000112573616207,-3.6672898093,3.51462870289,0.395796557855,map_000000278.png
-3.44846595341,3.70150147162,-2.35493632066,0.198155297203,-0.000369995785674,-5.3686555475e-05,-3.6672898093,3.51462870289,0.395796557855,map_000000279.png
-3.46332327474,3.68666009749,-2.35494355629,0.188155314767,-0.000348378664334,-2.6393448934e-05,-3.6672898093,3.51462870289,0.395796557855,map_000000280.png
-3.47702719665,3.67297282933,-2.35494744741,0.178155346092,-0.000318273876125,-7.94127117842e-06,-3.6672898093,3.51462870289,0.395796557855,map_000000281.png
-3.49067777815,3.65933827295,-2.35494918504,0.158155431792,-0.000245628300152,1.42813660204e-05,-3.6672898093,3.51462870289,0.395796557855,map_000000282.png
-3.50366548948,3.64636416807,-2.35494950121,0.148155466717,-0.000210382190483,1.62612413988e-05,-3.6672898093,3.51462870289,0.395796557855,map_000000283.png
-3.51484126125,3.63519530598,-2.35494763823,0.148155466717,-0.000210382190483,1.62612413988e-05,-3.6672898093,3.51462870289,0.395796557855,map_000000284.png
-3.52581919259,3.62422144547,-2.35494559541,0.138155492676,-0.000178108109412,2.00438080356e-05,-3.6672898093,3.51462870289,0.395796557855,map_000000285.png
-3.53578340235,3.61425877012,-2.35494361285,0.128155508942,-0.000155659874993,1.66253885254e-05,-3.6672898093,3.51462870289,0.395796557855,map_000000286.png
-3.54558083382,3.60446140143,-2.35494127558,0.118155525708,-0.000137087333407,1.29360705614e-05,-3.6672898093,3.51462870289,0.395796557855,map_000000287.png
-3.55474428692,3.59529689846,-2.35493961214,0.103032861306,-0.00011504197518,5.2034156397e-06,-3.6672898093,3.51462870289,0.395796557855,map_000000288.png
-3.56296021157,3.58707937038,-2.35493805393,0.103032862142,-0.000114291067708,4.5751221478e-06,-3.6672898093,3.51462870289,0.395796557855,map_000000289.png
-3.57053316495,3.57950421646,-2.35493724489,0.103032862142,-0.000114291067708,4.5751221478e-06,-3.6672898093,3.51462870289,0.395796557855,map_000000290.png
-3.57781500735,3.57222028772,-2.35493669801,0.0930328664794,-0.000105023281324,9.02684405446e-07,-3.6672898093,3.51462870289,0.395796557855,map_000000291.png
-3.58483168291,3.56520175744,-2.35493589664,0.0830328789265,-9.17371039341e-05,2.73576006293e-07,-3.6672898093,3.51462870289,0.395796557855,map_000000292.png
-3.58483168291,3.56520175744,-2.35493589664,0.0830328789265,-9.17371039341e-05,2.73576006293e-07,-3.6672898093,3.51462870289,0.395796557855,map_000000293.png
-3.59124317422,3.5587884177,-2.35493583257,0.0765164120992,-8.84515168912e-05,-3.01946420223e-06,-3.6672898093,3.51462870289,0.395796557855,map_000000294.png
-3.59692059595,3.55310949473,-2.35493587241,0.0765164064631,-9.31996666758e-05,-4.947418347e-06,-3.6672898093,3.51462870289,0.395796557855,map_000000295.png
-3.60254485997,3.54748415295,-2.35493599228,0.0765164071427,-9.26400695497e-05,-5.57780731469e-06,-3.6672898093,3.51462870289,0.395796557855,map_000000296.png
-3.60795319489,3.54207533948,-2.35493637877,0.06651641374,-8.31384131351e-05,1.0,-3.6672898093,3.51462870289,0.395796557855,map_000000297.png
-3.61358677318,3.53644124325,-2.35493635865,0.06651641374,-8.31384131351e-05,1.0,-3.6672898093,3.51462870289,0.395796557855,map_000000298.png
-3.61898068967,3.53180916462,-2.26837608855,0.0565164197564,-7.07020112108e-05,1.0,-3.6672898093,3.51462870289,0.395796557855,map_000000299.png
-3.62337512349,3.52766278515,-2.17004920524,0.0498902962436,-0.00331036518792,1.0,-3.6672898093,3.51462870289,0.395796557855,map_000000300.png
-3.62726577457,3.52352880611,-2.06777817485,0.0498912189273,-0.00329643002398,1.0,-3.6672898093,3.51462870289,0.395796557855,map_000000301.png
-3.63056564762,3.51957740045,-1.96943011444,0.0482393773442,-0.0131515265423,1.0,-3.6672898093,3.51462870289,0.395796557855,map_000000302.png
-3.63369093691,3.51521523366,-1.86715864331,0.0463837497695,-0.0186694385097,1.0,-3.6672898093,3.51462870289,0.395796557855,map_000000303.png
-3.63719394791,3.51093125293,-1.7648876845,0.0463837497695,-0.0186694385097,1.0,-3.6672898093,3.51462870289,0.395796557855,map_000000304.png
-3.64065315766,3.50675324836,-1.66656200498,0.0433942027384,-0.0248383442614,1.0,-3.6672898093,3.51462870289,0.395796557855,map_000000305.png
-3.64426236571,3.50232208597,-1.56429492326,0.0399542542989,-0.0300609005249,1.0,-3.6672898093,3.51462870289,0.395796557855,map_000000306.png
-3.64773645142,3.4979784654,-1.46594918063,0.0314709550136,-0.0388533031734,1.0,-3.6672898093,3.51462870289,0.395796557855,map_000000307.png
-3.65152761854,3.49349501183,-1.36367818642,0.0264107416419,-0.0424555403084,1.0,-3.6672898093,3.51462870289,0.395796557855,map_000000308.png
-3.65563925842,3.48915145035,-1.26139751306,0.0263458847942,-0.0424958178102,1.0,-3.6672898093,3.51462870289,0.395796557855,map_000000309.png
-3.65959685219,3.4848540482,-1.16306889327,0.0,0.0,1.0,-3.6672898093,3.51462870289,0.395796557855,map_000000310.png
-3.66323053463,3.48002634686,-1.06079272555,0.0,0.0,1.0,-3.6672898093,3.51462870289,0.395796557855,map_000000311.png
-3.66450040655,3.4786508469,-0.962448936478,0.0,0.0,1.0,-3.6672898093,3.51462870289,0.395796557855,map_000000312.png
-3.66528011905,3.47805411885,-0.860176103471,0.0,0.0,1.0,-3.6672898093,3.51462870289,0.395796557855,map_000000313.png
-3.6659940257,3.47738175768,-0.75790245562,0.0,0.0,1.0,-3.6672898093,3.51462870289,0.395796557855,map_000000314.png
-3.66661378591,3.47665903046,-0.659567133089,0.0,0.0,1.0,-3.6672898093,3.51462870289,0.395796557855,map_000000315.png
-3.66718820636,3.47585236331,-0.557298071648,0.0,0.0,1.0,-3.6672898093,3.51462870289,0.395796557855,map_000000316.png
-3.66764256513,3.47504678155,-0.458949677259,0.0,0.0,1.0,-3.6672898093,3.51462870289,0.395796557855,map_000000317.png
-3.66803721775,3.47414898653,-0.35667662788,0.0,0.0,1.0,-3.6672898093,3.51462870289,0.395796557855,map_000000318.png
-3.66832723972,3.47321031916,-0.254404975732,0.0,0.0,1.0,-3.6672898093,3.51462870289,0.395796557855,map_000000319.png
-3.66853429925,3.47226187905,-0.156079619964,0.0,0.0,1.0,-3.6672898093,3.51462870289,0.395796557855,map_000000320.png
-3.6686509075,3.47128196725,-0.0538117091847,0.0,0.0,0.97941672802,-3.6672898093,3.51462870289,0.395796557855,map_000000321.png
-3.66866288771,3.47034541345,0.0442841189161,0.0,0.0,0.679127812386,-3.6672898093,3.51462870289,0.395796557855,map_000000322.png
-3.66857478414,3.4693879275,0.144450227593,0.0,0.0,0.679127812386,-3.6672898093,3.51462870289,0.395796557855,map_000000323.png
-3.66844223983,3.46869765638,0.216259553602,0.0,0.0,0.53220897913,-3.6672898093,3.51462870289,0.395796557855,map_000000324.png
-3.6683119264,3.46817779637,0.272060401975,0.0,0.0,0.382135540247,-3.6672898093,3.51462870289,0.395796557855,map_000000325.png
-3.66819312097,3.46775159836,0.317629844878,0.0,0.0,0.274547219276,-3.6672898093,3.51462870289,0.395796557855,map_000000326.png
-3.66808011431,3.46745767363,0.350975298634,0.0,0.0,0.122643403709,-3.6672898093,3.51462870289,0.395796557855,map_000000327.png
-3.66799449855,3.46723291357,0.376063526873,0.0,0.0,0.0,-3.6672898093,3.51462870289,0.395796557855,map_000000328.png
