-1.58115160446,5.95914850639,-0.805476250476,0.0,0.0,0.0,-1.00102701215,4.09565828065,-1.86862778901,map_000000001.png
-1.58115485493,5.95915176828,-0.805476481907,0.0,0.0,0.0,-1.00102701215,4.09565828065,-1.86862778901,map_000000002.png
-1.58115160155,5.95914850086,-0.80547594619,0.0,0.0,0.0,-1.00102701215,4.09565828065,-1.86862778901,map_000000003.png
-1.58115152951,5.95914844773,-0.805476461087,0.0,0.0,0.0,-1.00102701215,4.09565828065,-1.86862778901,map_000000004.png
-1.5811515285,5.95914843154,-0.80547635713,0.0,0.0,0.0,-1.00102701215,4.09565828065,-1.86862778901,map_000000005.png
-1.58115152868,5.9591484279,-0.80547608469,0.00720143923285,-0.0696285812802,-1.0,-1.00102701215,4.09565828065,-1.86862778901,map_000000006.png
-1.58210668528,5.95801191915,-0.829091699009,0.0156985745633,-0.078444595703,-1.0,-1.00102701215,4.09565828065,-1.86862778901,map_000000007.png
-1.5862764442,5.95355982386,-0.927431124175,0.0278838945094,-0.0855715356048,-1.0,-1.00102701215,4.09565828065,-1.86862778901,map_000000008.png
-1.59130667685,5.94819223467,-1.02970428797,0.0278838945094,-0.0855715356048,-1.0,-1.00102701215,4.09565828065,-1.86862778901,map_000000009.png
-1.59670199459,5.94235126683,-1.12805125691,0.0527159346928,-0.084976638405,-0.979030966759,-1.00102701215,4.09565828065,-1.86862778901,map_000000010.png
-1.60202070777,5.93540033573,-1.22505940416,0.0609435753151,-0.0915744434851,-0.979352653027,-1.00102701215,4.09565828065,-1.86862778901,map_000000011.png
-1.60789447165,5.92769248323,-1.32135806554,0.120279159079,-0.0493246705253,-0.533453285694,-1.00102701215,4.09565828065,-1.86862778901,map_000000012.png
-1.61383027863,5.91854088837,-1.41097382633,0.137055119511,-0.028563866129,-0.389178156853,-1.00102701215,4.09565828065,-1.86862778901,map_000000013.png
-1.61652562904,5.90597093993,-1.4628638465,0.146795124367,-0.030841406519,-0.389302879572,-1.00102701215,4.09565828065,-1.86862778901,map_000000014.png
-1.61777026785,5.89209801669,-1.50112765392,0.146795124367,-0.030841406519,-0.389302879572,-1.00102701215,4.09565828065,-1.86862778901,map_000000015.png
-1.61971021568,5.87746902022,-1.53940753014,0.159862658116,0.00662824401081,-0.177168935537,-1.00102701215,4.09565828065,-1.86862778901,map_000000016.png
-1.62001055721,5.86135376885,-1.56586850027,0.178195174441,0.0254261302016,-0.062461335212,-1.00102701215,4.09565828065,-1.86862778901,map_000000017.png
-1.61843683934,5.84455195909,-1.57832148648,0.188267107981,0.0256028781871,-0.06247702986,-1.00102701215,4.09565828065,-1.86862778901,map_000000018.png
-1.61603083867,5.82652088662,-1.5844657886,0.197593499065,0.0309325578358,-0.00412178598344,-1.00102701215,4.09565828065,-1.86862778901,map_000000019.png
-1.61371690889,5.80765211344,-1.59060274858,0.208132893446,0.027941278091,0.00509843043983,-1.00102701215,4.09565828065,-1.86862778901,map_000000020.png
-1.61102558361,5.78785303512,-1.59101012162,0.208132893446,0.027941278091,0.00509843043983,-1.00102701215,4.09565828065,-1.86862778901,map_000000021.png
-1.60849616164,5.76637303966,-1.59066777171,0.218552004125,0.0251999971658,0.0051052654162,-1.00102701215,4.09565828065,-1.86862778901,map_000000022.png
-1.60628424575,5.74488799583,-1.59015950742,0.239078970503,0.0210064502179,0.0149384997785,-1.00102701215,4.09565828065,-1.86862778901,map_000000023.png
-1.60438297382,5.72219060482,-1.58927357141,0.24946505672,0.0163467207116,0.014435082674,-1.00102701215,4.09565828065,-1.86862778901,map_000000024.png
-1.60281854,5.69805161938,-1.5878142239,0.259871485125,0.00817544773542,0.0123537182808,-1.00102701215,4.09565828065,-1.86862778901,map_000000025.png
-1.60154735027,5.67208345466,-1.58633419263,0.269954696353,0.00494787862985,0.0101739335805,-1.00102701215,4.09565828065,-1.86862778901,map_000000026.png
-1.60113976903,5.64610606432,-1.58512359571,0.269954696353,0.00494787862985,0.0101739335805,-1.00102701215,4.09565828065,-1.86862778901,map_000000027.png
-1.60096022325,5.61931645196,-1.58407999645,0.289989611303,0.00245780340709,0.00797090679407,-1.00102701215,4.09565828065,-1.86862778901,map_000000028.png
-1.6009742463,5.59120738298,-1.58320118196,0.299996387164,0.00147352129755,0.00616278033704,-1.00102701215,4.09565828065,-1.86862778901,map_000000029.png
-1.6011323968,5.56065895062,-1.58245711711,0.309998509336,0.000962671518978,0.0046045454219,-1.00102701215,4.09565828065,-1.86862778901,map_000000030.png
-1.60134396104,5.5304701328,-1.58188176741,0.319998823218,0.00086634428646,0.00329296570271,-1.00102701215,4.09565828065,-1.86862778901,map_000000031.png
-1.60158898064,5.49948272581,-1.58142890773,0.329998196774,0.00108552292678,0.002183069475,-1.00102701215,4.09565828065,-1.86862778901,map_000000032.png
-1.60183127821,5.46748586364,-1.58110033824,0.329998196774,0.00108552292678,0.002183069475,-1.00102701215,4.09565828065,-1.86862778901,map_000000033.png
-1.60208196868,5.43342798544,-1.58085534967,0.349992380258,0.00230355012719,0.000159275718033,-1.00102701215,4.09565828065,-1.86862778901,map_000000034.png
-1.60224287945,5.39924120989,-1.58076028938,0.349989071179,0.00276495724327,-0.000203054398298,-1.00102701215,4.09565828065,-1.86862778901,map_000000035.png
-1.60233327748,5.36424461186,-1.58075466979,0.349986214764,0.00310554479507,-0.000340616330504,-1.00102701215,4.09565828065,-1.86862778901,map_000000036.png
-1.60240930286,5.3292667462,-1.58078094184,0.349984051671,0.00334043550821,-0.000344064086676,-1.00102701215,4.09565828065,-1.86862778901,map_000000037.png
-1.60245002921,5.29287983164,-1.58081577101,0.349981887125,0.00356000256779,-0.000299675390124,-1.00102701215,4.09565828065,-1.86862778901,map_000000038.png
-1.60245756907,5.25788308421,-1.58084511822,0.349981887125,0.00356000256779,-0.000299675390124,-1.00102701215,4.09565828065,-1.86862778901,map_000000039.png
-1.60246810834,5.22290515204,-1.58088012686,0.349979369587,0.0037994469217,-0.000193425454199,-1.00102701215,4.09565828065,-1.86862778901,map_000000040.png
-1.60245177756,5.18791724234,-1.58090379866,0.349978697246,0.00386088168629,-0.000188400968909,-1.00102701215,4.09565828065,-1.86862778901,map_000000041.png
-1.60241298813,5.15152148301,-1.5809185857,0.349977638999,0.0039556458945,-0.000130864791572,-1.00102701215,4.09565828065,-1.86862778901,map_000000042.png
-1.6023891482,5.11654356792,-1.58094085335,0.34997721516,0.00399296914386,-9.03159379959e-05,-1.00102701215,4.09565828065,-1.86862778901,map_000000043.png
-1.6023486744,5.0815556762,-1.58095347586,0.34997721516,0.00399296914386,-9.03159379959e-05,-1.00102701215,4.09565828065,-1.86862778901,map_000000044.png
-1.60230874257,5.04656880003,-1.58096653057,0.34997710861,0.00400229713134,-2.46176496148e-05,-1.00102701215,4.09565828065,-1.86862778901,map_000000045.png
-1.60226303274,5.01018202511,-1.58097072121,0.349977300339,0.00398549636772,-6.10947608948e-07,-1.00102701215,4.09565828065,-1.86862778901,map_000000046.png
-1.60221986958,4.97519413778,-1.58097157538,0.349977488727,0.00396891902879,2.40476801991e-05,-1.00102701215,4.09565828065,-1.86862778901,map_000000047.png
-1.60217816135,4.94020726549,-1.58097076805,0.34997785278,0.00393668601948,3.54200601578e-05,-1.00102701215,4.09565828065,-1.86862778901,map_000000048.png
-1.60212854804,4.90521053739,-1.58096387495,0.349969211142,0.00464178693999,0.00279927719384,-1.00102701215,4.09565828065,-1.86862778901,map_000000049.png
-1.60210005852,4.87023262978,-1.58096468514,0.34988107927,0.00912279026109,0.0174573548138,-1.00102701215,4.09565828065,-1.86862778901,map_000000050.png
-1.60206075533,4.8338457187,-1.58096108659,0.34988107927,0.00912279026109,0.0174573548138,-1.00102701215,4.09565828065,-1.86862778901,map_000000051.png
-1.60160023515,4.79885263486,-1.57959669345,0.349371507352,0.0209653233716,0.0578855164349,-1.00102701215,4.09565828065,-1.86862778901,map_000000052.png
-1.60033134454,4.76390558442,-1.57565928576,0.345629020719,0.0442538189372,0.139392316341,-1.00102701215,4.09565828065,-1.86862778901,map_000000053.png
-1.59762929252,4.72909781814,-1.56740269445,0.329619942247,0.0801956875032,0.280175179243,-1.00102701215,4.09565828065,-1.86862778901,map_000000054.png
-1.59223518009,4.69346870446,-1.55092966258,0.327631135827,0.0894485160125,0.274367511272,-1.00102701215,4.09565828065,-1.86862778901,map_000000055.png
-1.58340790699,4.6608036718,-1.52338423309,0.327631135827,0.0894485160125,0.274367511272,-1.00102701215,4.09565828065,-1.86862778901,map_000000056.png
-1.57279611897,4.62862602933,-1.49637943977,0.297061610928,0.155813464948,0.473396748304,-1.00102701215,4.09565828065,-1.86862778901,map_000000057.png
-1.5567381094,4.59945697112,-1.45531070429,0.236155382806,0.223931185324,0.790598392487,-1.00102701215,4.09565828065,-1.86862778901,map_000000058.png
-1.53369287781,4.57507208896,-1.38942775656,0.219687556705,0.226369223716,0.750359654427,-1.00102701215,4.09565828065,-1.86862778901,map_000000059.png
-1.50748309729,4.55725747543,-1.31294461389,0.18624262723,0.242095921449,0.845951199532,-1.00102701215,4.09565828065,-1.86862778901,map_000000060.png
-1.48013214665,4.5430120904,-1.23803877063,0.195133969666,0.221834588287,0.747413516045,-1.00102701215,4.09565828065,-1.86862778901,map_000000061.png
-1.45154844334,4.53418361034,-1.15484820609,0.195133969666,0.221834588287,0.747413516045,-1.00102701215,4.09565828065,-1.86862778901,map_000000062.png
-1.42248133132,4.52587380471,-1.07763272951,0.22079681375,0.164677925108,0.594579458237,-1.00102701215,4.09565828065,-1.86862778901,map_000000063.png
-1.39665776984,4.51611390817,-1.01496572783,0.235653909667,0.122181786051,0.506064295769,-1.00102701215,4.09565828065,-1.86862778901,map_000000064.png
-1.37258633415,4.50457300697,-0.961024407933,0.24494912939,0.0724719489497,0.390414059162,-1.00102701215,4.09565828065,-1.86862778901,map_000000065.png
-1.35025858128,4.49136047379,-0.914903990693,0.251154942187,0.0330348643182,0.296548008919,-1.00102701215,4.09565828065,-1.86862778901,map_000000066.png
-1.32907153959,4.47559733075,-0.876086665241,0.232152427608,-0.0247639045363,0.164516985416,-1.00102701215,4.09565828065,-1.86862778901,map_000000067.png
-1.31042778129,4.45849464904,-0.846926646678,0.232152427608,-0.0247639045363,0.164516985416,-1.00102701215,4.09565828065,-1.86862778901,map_000000068.png
-1.29643267168,4.43967799627,-0.829712208624,0.231429430554,-0.0427169515411,0.106350034475,-1.00102701215,4.09565828065,-1.86862778901,map_000000069.png
-1.28349336483,4.4201113446,-0.81742493671,0.219249622659,-0.0520302440907,0.0714953839779,-1.00102701215,4.09565828065,-1.86862778901,map_000000070.png
-1.27101379023,4.39964432881,-0.808330346811,0.209354538075,-0.050412703944,0.0457017123699,-1.00102701215,4.09565828065,-1.86862778901,map_000000071.png
-1.25979127638,4.38045297115,-0.802112289887,0.204123497998,-0.0447344086987,0.027290193364,-1.00102701215,4.09565828065,-1.86862778901,map_000000072.png
-1.24885226792,4.36196327148,-0.797764197754,0.187125715765,-0.0263213769864,0.00868075992912,-1.00102701215,4.09565828065,-1.86862778901,map_000000073.png
-1.237800433,4.34423196763,-0.795081089257,0.187125715765,-0.0263213769864,0.00868075992912,-1.00102701215,4.09565828065,-1.86862778901,map_000000074.png
-1.22659414399,4.32873534553,-0.79400881935,0.181730022938,-0.0169767710099,0.00216565560549,-1.00102701215,4.09565828065,-1.86862778901,map_000000075.png
-1.21472116666,4.31366036867,-0.793557398451,0.172329002107,-0.0081425949087,0.000244232825935,-1.00102701215,4.09565828065,-1.86862778901,map_000000076.png
-1.21472116666,4.31366036867,-0.793557398451,0.162502195075,-0.00248918475649,-0.00135995354503,-1.00102701215,4.09565828065,-1.86862778901,map_000000077.png
-1.19178309419,4.28759839931,-0.793456013343,0.15596905188,0.0046312165243,-0.00221265293658,-1.00102701215,4.09565828065,-1.86862778901,map_000000078.png
-1.19178309419,4.28759839931,-0.793456013343,0.145902712334,0.00627965248162,-0.00117807742208,-1.00102701215,4.09565828065,-1.86862778901,map_000000079.png
-1.18055603535,4.27587531652,-0.793592922047,0.145902712334,0.00627965248162,-0.00117807742208,-1.00102701215,4.09565828065,-1.86862778901,map_000000080.png
-1.16885074191,4.26466360908,-0.793818775128,0.145902712334,0.00627965248162,-0.00117807742208,-1.00102701215,4.09565828065,-1.86862778901,map_000000081.png
-1.15810014039,4.25459789703,-0.793946849916,0.135858516766,0.00698145935049,-0.000968975946307,-1.00102701215,4.09565828065,-1.86862778901,map_000000082.png
-1.1478703626,4.24515558248,-0.794048450239,0.129381986502,0.00632867714477,-0.000626388005912,-1.00102701215,4.09565828065,-1.86862778901,map_000000083.png
-1.1380823333,4.23615148131,-0.794128780739,0.129422603566,0.00543509630014,-0.000430356711149,-1.00102701215,4.09565828065,-1.86862778901,map_000000084.png
-1.12820282401,4.22700114037,-0.794187052227,0.109489939835,0.0031994924015,0.000318849459291,-1.00102701215,4.09565828065,-1.86862778901,map_000000085.png
-1.11880116779,4.21819549796,-0.794226344273,0.103004924965,0.00214701650849,0.00041048694402,-1.00102701215,4.09565828065,-1.86862778901,map_000000086.png
-1.11090524096,4.21061501349,-0.794194916794,0.103004924965,0.00214701650849,0.00041048694402,-1.00102701215,4.09565828065,-1.86862778901,map_000000087.png
-1.10344894962,4.20335637183,-0.794155667919,0.103018800806,0.00132322615373,0.000473685562611,-1.00102701215,4.09565828065,-1.86862778901,map_000000088.png
-1.09583314647,4.19584408068,-0.794109367688,0.103023546279,0.000879294655685,0.000430824235082,-1.00102701215,4.09565828065,-1.86862778901,map_000000089.png
-1.08853488413,4.18857811285,-0.794064268424,0.103025576029,0.000595760812936,0.000376213341951,-1.00102701215,4.09565828065,-1.86862778901,map_000000090.png
-1.08124945183,4.18128087534,-0.794023123498,0.0830269767417,0.000233270474581,0.00045569986105,-1.00102701215,4.09565828065,-1.86862778901,map_000000091.png
-1.07404767463,4.17403637381,-0.793985739331,0.0765140137087,0.000188104514022,0.000398250296712,-1.00102701215,4.09565828065,-1.86862778901,map_000000092.png
-1.06798990803,4.16790771689,-0.793938947736,0.0765140137087,0.000188104514022,0.000398250296712,-1.00102701215,4.09565828065,-1.86862778901,map_000000093.png
-1.06253815557,4.1623896001,-0.793898724423,0.0765138598648,0.000242746195877,0.000346421264112,-1.00102701215,4.09565828065,-1.86862778901,map_000000094.png
-1.057160411,4.15695115897,-0.793862497837,0.076513499953,0.000337641926518,0.00028046220541,-1.00102701215,4.09565828065,-1.86862778901,map_000000095.png
-1.05176893637,4.15150808849,-0.793831252084,0.0765125318819,0.00051199819927,0.00017417781055,-1.00102701215,4.09565828065,-1.86862778901,map_000000096.png
-1.04617337724,4.14587300933,-0.793805070012,0.0765120126569,0.000584462413074,0.000131478533149,-1.00102701215,4.09565828065,-1.86862778901,map_000000097.png
-1.04077760836,4.14045896233,-0.793787918673,0.066511874071,0.000561771415759,-1.0,-1.00102701215,4.09565828065,-1.86862778901,map_000000098.png
-1.03537034658,4.13504346029,-0.793774834491,0.066511874071,0.000561771415759,-1.0,-1.00102701215,4.09565828065,-1.86862778901,map_000000099.png
-1.03016377174,4.13057770534,-0.876399139101,0.0565119660046,0.000507583050198,-1.0,-1.00102701215,4.09565828065,-1.86862778901,map_000000100.png
-1.02569746416,4.12638204575,-0.97472596677,0.0499978027082,0.000468936349,-1.0,-1.00102701215,4.09565828065,-1.86862778901,map_000000101.png
-1.02190511329,4.12214137973,-1.07700105605,0.0493481795204,0.00804719547265,-1.0,-1.00102701215,4.09565828065,-1.86862778901,map_000000102.png
-1.01873665986,4.11814051144,-1.17534572989,0.0481029504957,0.0136420794075,-1.0,-1.00102701215,4.09565828065,-1.86862778901,map_000000103.png
-1.01539453837,4.11411036833,-1.27367540004,0.0460892743215,0.0193850192022,-1.0,-1.00102701215,4.09565828065,-1.86862778901,map_000000104.png
-1.0119819718,4.11001130238,-1.37202029293,0.0460892743215,0.0193850192022,-1.0,-1.00102701215,4.09565828065,-1.86862778901,map_000000105.png
-1.0083781149,4.10567448751,-1.47427328283,0.0460851655522,0.0193947852006,-1.0,-1.00102701215,4.09565828065,-1.86862778901,map_000000106.png
-1.00530156117,4.10122729598,-1.57262327045,0.0402804584514,0.0296223706663,-0.757594585419,-1.00102701215,4.09565828065,-1.86862778901,map_000000107.png
-1.00228045004,4.09669153012,-1.66141281431,0.0312467497218,0.0390338418398,-0.457186758518,-1.00102701215,4.09565828065,-1.86862778901,map_000000108.png
-0.998978492724,4.09239079513,-1.7300005468,0.0,0.0,-0.324150472879,-1.00102701215,4.09565828065,-1.86862778901,map_000000109.png
-0.995134783986,4.08838226728,-1.77675462703,0.0,0.0,-0.221372514963,-1.00102701215,4.09565828065,-1.86862778901,map_000000110.png
-0.994829240841,4.0883089103,-1.80862478257,0.0,0.0,-0.221372514963,-1.00102701215,4.09565828065,-1.86862778901,map_000000111.png
-0.994614343535,4.08825876556,-1.83241751631,0.0,0.0,-0.221441820264,-1.00102701215,4.09565828065,-1.86862778901,map_000000112.png
-0.994404549694,4.08821139962,-1.85418682373,0.0,0.0,-0.103620693088,-1.00102701215,4.09565828065,-1.86862778901,map_000000113.png
-0.99425742812,4.08814319511,-1.8722040079,0.0,0.0,0.0,-1.00102701215,4.09565828065,-1.86862778901,map_000000114.png
