-3.66795147299,3.46712563288,0.388123119002,0.0,0.0,0.0,4.20539343533,2.53206451599,-0.334578135843,map_000000001.png
-3.66795148682,3.46712565487,0.388123145282,0.0,0.0,0.0,4.20539343533,2.53206451599,-0.334578135843,map_000000002.png
-3.66794198135,3.46711618703,0.388117377317,0.0,0.0,0.0,4.20539343533,2.53206451599,-0.334578135843,map_000000003.png
-3.66794197397,3.46711618138,0.388117411214,0.0,0.0,0.0,4.20539343533,2.53206451599,-0.334578135843,map_000000004.png
-3.66795141264,3.46712559149,0.388123142988,0.0,0.0,0.0,4.20539343533,2.53206451599,-0.334578135843,map_000000005.png
-3.66795224186,3.46712556424,0.388123320454,0.0324080918649,-0.0504947101454,-0.57266074419,4.20539343533,2.53206451599,-0.334578135843,map_000000006.png
-3.66795224186,3.46712556424,0.388123320454,0.0531000778211,-0.0598362897723,-0.573055028915,4.20539343533,2.53206451599,-0.334578135843,map_000000007.png
-3.6675681087,3.46687620931,0.383611055165,0.0531000778211,-0.0598362897723,-0.573055028915,4.20539343533,2.53206451599,-0.334578135843,map_000000008.png
-3.662781846,3.46365771429,0.32504871449,0.0531000778211,-0.0598362897723,-0.573055028915,4.20539343533,2.53206451599,-0.334578135843,map_000000009.png
-3.65629448015,3.46004425261,0.268706394311,0.0636452430934,-0.0636339713547,-0.566479325294,4.20539343533,2.53206451599,-0.334578135843,map_000000010.png
-3.64878204949,3.45576942204,0.210567353996,0.0813609884149,-0.0581411077406,-0.478826254606,4.20539343533,2.53206451599,-0.334578135843,map_000000011.png
-3.64023645128,3.45144938621,0.157462406942,0.0979948778738,-0.0499700108294,-0.394473999739,4.20539343533,2.53206451599,-0.334578135843,map_000000012.png
-3.63089301933,3.44757197888,0.113364897121,0.113689589289,-0.0384014996749,-0.307398378849,4.20539343533,2.53206451599,-0.334578135843,map_000000013.png
-3.6200624726,3.44393344698,0.0743940866143,0.139369450997,-0.013272390937,-0.161775991321,4.20539343533,2.53206451599,-0.334578135843,map_000000014.png
-3.60850791139,3.44106356233,0.0441633447088,0.139369450997,-0.013272390937,-0.161775991321,4.20539343533,2.53206451599,-0.334578135843,map_000000015.png
-3.5965847359,3.43772618006,0.0127307467657,0.149995604665,-0.00114868415678,-0.103375099599,4.20539343533,2.53206451599,-0.334578135843,map_000000016.png
-3.58129260211,3.43746310257,0.00043373597016,0.159749984259,0.00894123078681,-0.0580648258328,4.20539343533,2.53206451599,-0.334578135843,map_000000017.png
-3.56571137263,3.43796733392,-0.00705717670296,0.168696882496,0.0210087305547,-0.00941045768559,4.20539343533,2.53206451599,-0.334578135843,map_000000018.png
-3.54870647186,3.43931198902,-0.0108854384948,0.178384014471,0.0240655702672,0.0090305628255,4.20539343533,2.53206451599,-0.334578135843,map_000000019.png
-3.53157959855,3.44128751901,-0.0113818773407,0.198549532212,0.0240436533326,0.0296639800072,4.20539343533,2.53206451599,-0.334578135843,map_000000020.png
-3.51292996247,3.44357574251,-0.0103795284638,0.20896136982,0.020860543576,0.0304171685129,4.20539343533,2.53206451599,-0.334578135843,map_000000021.png
-3.4922760879,3.44587112998,-0.00734271636782,0.20896136982,0.020860543576,0.0304171685129,4.20539343533,2.53206451599,-0.334578135843,map_000000022.png
-3.47145864575,3.44783029824,-0.00435857205604,0.21936491058,0.0167049205403,0.0289224199951,4.20539343533,2.53206451599,-0.334578135843,map_000000023.png
-3.44893954368,3.44958947459,-0.00136056396533,0.229367597448,0.0170449112506,0.0289306957275,4.20539343533,2.53206451599,-0.334578135843,map_000000024.png
-3.42645089863,3.45125153814,0.00148273833856,0.23961761259,0.0135434421058,0.0315492674708,4.20539343533,2.53206451599,-0.334578135843,map_000000025.png
-3.40224057854,3.45293991769,0.00453340557731,0.259946923457,0.0052558264628,0.0317916199565,4.20539343533,2.53206451599,-0.334578135843,map_000000026.png
-3.37692978903,3.45430522842,0.00776329016752,0.269990947449,0.00221537389853,0.0272248405963,4.20539343533,2.53206451599,-0.334578135843,map_000000027.png
-3.35095000323,3.45504128704,0.0108882642734,0.279933215548,0.0061164257406,0.0517839342356,4.20539343533,2.53206451599,-0.334578135843,map_000000028.png
-3.32287632807,3.45557895788,0.0136664352273,0.279933215548,0.0061164257406,0.0517839342356,4.20539343533,2.53206451599,-0.334578135843,map_000000029.png
-3.29510423551,3.45650449721,0.0182740901523,0.289936296335,0.00607943490577,0.0471123568714,4.20539343533,2.53206451599,-0.334578135843,map_000000030.png
-3.26539993505,3.45770654017,0.0232739271458,0.309420151834,0.0189518380758,0.0926858484745,4.20539343533,2.53206451599,-0.334578135843,map_000000031.png
-3.2343483522,3.45970097572,0.0302416569357,0.317753137687,0.0378542058851,0.166211396456,4.20539343533,2.53206451599,-0.334578135843,map_000000032.png
-3.20332632438,3.46303548826,0.0410932477576,0.327264727755,0.0424003089758,0.158765643835,4.20539343533,2.53206451599,-0.334578135843,map_000000033.png
-3.17044574138,3.46847092583,0.0580308331389,0.3297498258,0.0806432358546,0.2960716784,4.20539343533,2.53206451599,-0.334578135843,map_000000034.png
-3.138062688,3.47468472301,0.0736367339621,0.3297498258,0.0806432358546,0.2960716784,4.20539343533,2.53206451599,-0.334578135843,map_000000035.png
-3.10462016759,3.48527855861,0.102298109712,0.297391540298,0.141799871427,0.508579909801,4.20539343533,2.53206451599,-0.334578135843,map_000000036.png
-3.07443071497,3.50139338429,0.147618175911,0.307229586909,0.130448653171,0.383415549994,4.20539343533,2.53206451599,-0.334578135843,map_000000037.png
-3.04685969113,3.5194969644,0.191229718478,0.336612190641,0.06981856122,0.150471627712,4.20539343533,2.53206451599,-0.334578135843,map_000000038.png
-3.01686105392,3.53719237151,0.222193629568,0.341788987447,0.0707673975549,0.150520160794,4.20539343533,2.53206451599,-0.334578135843,map_000000039.png
-2.98432732858,3.5521142095,0.237581597624,0.336839923153,0.0619286048404,0.25064176321,4.20539343533,2.53206451599,-0.334578135843,map_000000040.png
-2.9528514094,3.56710822615,0.252376780689,0.336839923153,0.0619286048404,0.25064176321,4.20539343533,2.53206451599,-0.334578135843,map_000000041.png
-2.92067826074,3.58227465855,0.277616804358,0.349770981411,0.0126592059838,0.0626095756888,4.20539343533,2.53206451599,-0.334578135843,map_000000042.png
-2.88806336285,3.59425966838,0.288212893715,0.344760833789,-0.0603321010621,-0.125397443771,4.20539343533,2.53206451599,-0.334578135843,map_000000043.png
-2.85263620424,3.60161991555,0.283522501458,0.344690403304,-0.0607331935924,-0.125440940261,4.20539343533,2.53206451599,-0.334578135843,map_000000044.png
-2.81646855991,3.60549135136,0.270688900864,0.323031525986,-0.106857658579,-0.274829804897,4.20539343533,2.53206451599,-0.334578135843,map_000000045.png
-2.78189290285,3.60759136034,0.254833749213,0.310340813159,-0.128085616072,-0.343841195107,4.20539343533,2.53206451599,-0.334578135843,map_000000046.png
-2.74671972438,3.60499225395,0.226451874222,0.311407319161,-0.128805336692,-0.32470703125,4.20539343533,2.53206451599,-0.334578135843,map_000000047.png
-2.71377746662,3.59926313679,0.192641705691,0.311407319161,-0.128805336692,-0.32470703125,4.20539343533,2.53206451599,-0.334578135843,map_000000048.png
-2.71377746662,3.59926313679,0.192641705691,0.312976305262,-0.125302787543,-0.322903245687,4.20539343533,2.53206451599,-0.334578135843,map_000000049.png
-2.67963259438,3.59209274291,0.159136835959,0.312976305262,-0.125302787543,-0.322903245687,4.20539343533,2.53206451599,-0.334578135843,map_000000050.png
-2.64564720386,3.58403939273,0.126058470695,0.324034530167,-0.10443535909,-0.272297114134,4.20539343533,2.53206451599,-0.334578135843,map_000000051.png
-2.61275927975,3.57638707943,0.0966891024814,0.333529481471,-0.0814910956176,-0.228222176433,4.20539343533,2.53206451599,-0.334578135843,map_000000052.png
-2.57806687246,3.56939134485,0.0702327236499,0.342097007135,-0.0552212462921,-0.179663583636,4.20539343533,2.53206451599,-0.334578135843,map_000000053.png
-2.54422678521,3.5637756855,0.0483658585119,0.342579258162,-0.0360582845096,-0.211132496595,4.20539343533,2.53206451599,-0.334578135843,map_000000054.png
-2.50847045463,3.55962127365,0.029993848837,0.342579258162,-0.0360582845096,-0.211132496595,4.20539343533,2.53206451599,-0.334578135843,map_000000055.png
-2.47279165456,3.55663180826,0.00865014073083,0.349742616291,0.01342003293,-0.0283095315099,4.20539343533,2.53206451599,-0.334578135843,map_000000056.png
-2.43799994931,3.55697926231,0.00155110942945,0.348680880663,0.03035849788,-0.000762323848903,4.20539343533,2.53206451599,-0.334578135843,map_000000057.png
-2.40170631531,3.55942400556,0.000280378200038,0.34790720833,0.0382173955931,0.00183452176861,4.20539343533,2.53206451599,-0.334578135843,map_000000058.png
-2.36688301385,3.56275006161,0.000296230365357,0.347476474731,0.0419534794988,0.0163538120687,4.20539343533,2.53206451599,-0.334578135843,map_000000059.png
-2.33072488852,3.56680985328,0.00076916439832,0.348452362001,0.0328777485514,0.0170803815126,4.20539343533,2.53206451599,-0.334578135843,map_000000060.png
-2.2946037027,3.57120047554,0.00243466992429,0.349049942166,0.0257707742961,0.0169463884085,4.20539343533,2.53206451599,-0.334578135843,map_000000061.png
-2.25979536545,3.57462921965,0.0041159555187,0.349049942166,0.0257707742961,0.0169463884085,4.20539343533,2.53206451599,-0.334578135843,map_000000062.png
-2.22353267193,3.57761379178,0.00585193078788,0.349603699952,0.0166507631555,0.0114557240158,4.20539343533,2.53206451599,-0.334578135843,map_000000063.png
-2.18861809302,3.57982405571,0.00717300009512,0.349859955247,0.00989983070243,0.00893623940647,4.20539343533,2.53206451599,-0.334578135843,map_000000064.png
-2.15226946671,3.58151697265,0.00822876820267,0.349922773775,-0.00735168875499,-0.021273702383,4.20539343533,2.53206451599,-0.334578135843,map_000000065.png
-2.11591362627,3.58238346475,0.00831339414228,0.349799677375,-0.0118397906323,-0.0228658188134,4.20539343533,2.53206451599,-0.334578135843,map_000000066.png
-2.08092957477,3.58190591553,0.00621293194027,0.349797097647,-0.0119157631516,-0.0228748135269,4.20539343533,2.53206451599,-0.334578135843,map_000000067.png
-2.04456827759,3.58087289794,0.00386764600738,0.349797097647,-0.0119157631516,-0.0228748135269,4.20539343533,2.53206451599,-0.334578135843,map_000000068.png
-2.00958788459,3.57981194187,0.0016230168859,0.348391914979,-0.0335122143526,-0.0909361243248,4.20539343533,2.53206451599,-0.334578135843,map_000000069.png
-1.97333246176,3.5770441777,-0.00553628064183,0.348377790161,-0.0336587322448,-0.0909678041935,4.20539343533,2.53206451599,-0.334578135843,map_000000070.png
-1.93714618071,3.57328419088,-0.0148333661751,0.340366708909,-0.0652605852299,-0.179352089763,4.20539343533,2.53206451599,-0.334578135843,map_000000071.png
-1.90267184482,3.56834863946,-0.0265578191958,0.340311884119,-0.0655458774147,-0.179413199425,4.20539343533,2.53206451599,-0.334578135843,map_000000072.png
-1.86754430869,3.56048841582,-0.0448989727695,0.345946322155,-0.0531143777259,-0.12506338954,4.20539343533,2.53206451599,-0.334578135843,map_000000073.png
-1.83390447038,3.55228968598,-0.0625443807898,0.345946322155,-0.0531143777259,-0.12506338954,4.20539343533,2.53206451599,-0.334578135843,map_000000074.png
-1.79845007014,3.54432896551,-0.0757595744453,0.345903332818,-0.0533936258271,-0.125106364489,4.20539343533,2.53206451599,-0.334578135843,map_000000075.png
-1.76306370013,3.53599401802,-0.0885460433063,0.349513830427,-0.0184411841712,-0.0204521678388,4.20539343533,2.53206451599,-0.334578135843,map_000000076.png
-1.72873951785,3.52946169005,-0.0950840346941,0.348324690983,0.0342038679903,0.0905109122396,4.20539343533,2.53206451599,-0.334578135843,map_000000077.png
-1.6926101024,3.52616358781,-0.0928170552607,0.34578816515,0.0541344601506,0.109719514847,4.20539343533,2.53206451599,-0.334578135843,map_000000078.png
-1.65764150861,3.52681309809,-0.0835360578741,0.341112096474,0.0782553903669,0.135163038969,4.20539343533,2.53206451599,-0.334578135843,map_000000079.png
-1.62138471028,3.52960668841,-0.072217522347,0.34207817706,0.0740440120007,0.121285311878,4.20539343533,2.53206451599,-0.334578135843,map_000000080.png
-1.58547548581,3.5352684941,-0.0583965796939,0.34207817706,0.0740440120007,0.121285311878,4.20539343533,2.53206451599,-0.334578135843,map_000000081.png
-1.55094976026,3.5408096252,-0.04625764146,0.346321043751,0.0506135316776,0.0892388448119,4.20539343533,2.53206451599,-0.334578135843,map_000000082.png
-1.51489850366,3.54534285421,-0.0359997509803,0.346266843148,0.0509830194262,0.0892672613263,4.20539343533,2.53206451599,-0.334578135843,map_000000083.png
-1.48013270715,3.54924072859,-0.0272204412851,0.348143118416,0.0360050556609,0.0710872784257,4.20539343533,2.53206451599,-0.334578135843,map_000000084.png
-1.44398135609,3.55321254649,-0.0185940200147,0.349757008291,0.0130395584576,0.0441985428333,4.20539343533,2.53206451599,-0.334578135843,map_000000085.png
-1.40772167023,3.55606580814,-0.0116433195266,0.349756262347,0.0130595513961,0.0442119240761,4.20539343533,2.53206451599,-0.334578135843,map_000000086.png
-1.37274055699,3.55698437768,-0.00730357468863,0.349756262347,0.0130595513961,0.0442119240761,4.20539343533,2.53206451599,-0.334578135843,map_000000087.png
-1.33639276137,3.55811131399,-0.00278494144307,0.349947254303,-0.00607570072925,0.0211826283485,4.20539343533,2.53206451599,-0.334578135843,map_000000088.png
-1.30140762686,3.5579792788,-6.47368091955e-05,0.349869555179,-0.00955454301685,0.0148489717394,4.20539343533,2.53206451599,-0.334578135843,map_000000089.png
-1.26504223936,3.55714391706,0.00172148849294,0.349737590134,-0.013550386731,0.00816698092967,4.20539343533,2.53206451599,-0.334578135843,map_000000090.png
-1.26504223936,3.55714391706,0.00172148849294,0.34970176886,-0.014445337997,0.00408803019673,4.20539343533,2.53206451599,-0.334578135843,map_000000091.png
-1.19369414693,3.55480516732,0.00369761774775,0.349736052861,-0.0135900059809,0.0014588048216,4.20539343533,2.53206451599,-0.334578135843,map_000000092.png
-1.19369414693,3.55480516732,0.00369761774775,0.349736052861,-0.0135900059809,0.0014588048216,4.20539343533,2.53206451599,-0.334578135843,map_000000093.png
-1.15734561851,3.55345057905,0.00411864481536,0.349859150751,-0.00992822084627,-0.00146582815796,4.20539343533,2.53206451599,-0.334578135843,map_000000094.png
-1.12239223435,3.55222729706,0.00425588752114,0.349859150751,-0.00992822084627,-0.00146582815796,4.20539343533,2.53206451599,-0.334578135843,map_000000095.png
-1.08601173536,3.55128690327,0.00416712566217,0.349919893333,-0.0074875352208,-0.00209922343493,4.20539343533,2.53206451599,-0.334578135843,map_000000096.png
-1.04963558154,3.55056122699,0.00397571591303,0.349961746617,-0.00517405432959,-0.00229914905503,4.20539343533,2.53206451599,-0.334578135843,map_000000097.png
-1.01465552822,3.55006137502,0.003758539753,0.349984271594,-0.00331731374181,-0.00216379528865,4.20539343533,2.53206451599,-0.334578135843,map_000000098.png
-0.978271596186,3.54971954272,0.00352736347118,0.349995204075,-0.00183086273086,-0.00187641056255,4.20539343533,2.53206451599,-0.334578135843,map_000000099.png
-0.943290258346,3.54951976623,0.00331458394979,0.34999999271,-6.06092807071e-06,-0.0012064720504,4.20539343533,2.53206451599,-0.334578135843,map_000000100.png
-0.906906698988,3.54944842467,0.00312105900409,0.34999999271,-6.06092807071e-06,-0.0012064720504,4.20539343533,2.53206451599,-0.334578135843,map_000000101.png
-0.870533388884,3.54953573525,0.00298614593807,0.349999670332,0.000475080435087,-0.000888374168426,4.20539343533,2.53206451599,-0.334578135843,map_000000102.png
-0.835537594374,3.54968720855,0.00289594782875,0.349999297817,0.000697467519716,-0.000599744264036,4.20539343533,2.53206451599,-0.334578135843,map_000000103.png
-0.79914719827,3.54984246979,0.00281412459997,0.349999505675,0.000583918490842,-0.000398559030145,4.20539343533,2.53206451599,-0.334578135843,map_000000104.png
-0.764172797112,3.55001541802,0.00276525076163,0.349999989173,5.01277033983e-05,-0.000143153592944,4.20539343533,2.53206451599,-0.334578135843,map_000000105.png
-0.727799637845,3.55015792832,0.00272234218628,0.349999884938,-0.00027473021289,-7.12494365871e-05,4.20539343533,2.53206451599,-0.334578135843,map_000000106.png
-0.691406529823,3.55027205756,0.00271130185513,0.349999568273,-0.000545107489886,-8.20914283395e-06,4.20539343533,2.53206451599,-0.334578135843,map_000000107.png
-0.656413012499,3.55033007805,0.00269848808644,0.349999568273,-0.000545107489886,-8.20914283395e-06,4.20539343533,2.53206451599,-0.334578135843,map_000000108.png
-0.620039141588,3.5503863004,0.00269933505425,0.349999138168,-0.000773443759991,7.02310353518e-06,4.20539343533,2.53206451599,-0.334578135843,map_000000109.png
-0.585064784112,3.55040262192,0.00269313970465,0.349998856603,-0.000891801515508,2.48877331614e-05,4.20539343533,2.53206451599,-0.334578135843,map_000000110.png
-0.548671531491,3.55042499157,0.00269830436324,0.349998408989,-0.00105291906323,2.09459103644e-05,4.20539343533,2.53206451599,-0.334578135843,map_000000111.png
-0.512287893089,3.55042651721,0.00269911773935,0.349998234108,-0.00110952923925,2.11470760405e-05,4.20539343533,2.53206451599,-0.334578135843,map_000000112.png
-0.47730404741,3.55041544692,0.00269998565368,0.349998189576,-0.00112348892653,1.85780227184e-05,4.20539343533,2.53206451599,-0.334578135843,map_000000113.png
-0.4409183319,3.5504001645,0.00270163405411,0.349998189576,-0.00112348892653,1.85780227184e-05,4.20539343533,2.53206451599,-0.334578135843,map_000000114.png
-0.405936430486,3.55038060322,0.00270132624584,0.34999815519,-0.00113415047876,1.72285363078e-05,4.20539343533,2.53206451599,-0.334578135843,map_000000115.png
-0.369552798052,3.55036128878,0.00270151077882,0.349998191225,-0.00112297492089,1.45798549056e-05,4.20539343533,2.53206451599,-0.334578135843,map_000000116.png
-0.333179318833,3.55033236717,0.00269690858763,0.349998460721,-0.00103558025424,9.5940195024e-06,4.20539343533,2.53206451599,-0.334578135843,map_000000117.png
-0.298183240361,3.55032877161,0.00270277412572,0.349998433884,-0.00104461113328,8.24313610792e-06,4.20539343533,2.53206451599,-0.334578135843,map_000000118.png
-0.261792482816,3.55030813679,0.00269701918525,0.349998580745,-0.000994188111545,1.37961469591e-05,4.20539343533,2.53206451599,-0.334578135843,map_000000119.png
-0.226817694625,3.5503073965,0.00270068433612,0.349998580745,-0.000994188111545,1.37961469591e-05,4.20539343533,2.53206451599,-0.334578135843,map_000000120.png
-0.190444211008,3.55029200699,0.0026957973431,0.349998692392,-0.000954074051951,1.22818164527e-05,4.20539343533,2.53206451599,-0.334578135843,map_000000121.png
-0.154050954827,3.55029994654,0.00270076857051,0.34999865061,-0.000969280388067,4.08757477999e-06,4.20539343533,2.53206451599,-0.334578135843,map_000000122.png
-0.119057372293,3.55028890402,0.00269561073049,0.34999867044,-0.000962093585805,2.61049717665e-06,4.20539343533,2.53206451599,-0.334578135843,map_000000123.png
-0.0826834702261,3.55029584975,0.00269909266248,0.349998715117,-0.000945700680529,8.99704173207e-06,4.20539343533,2.53206451599,-0.334578135843,map_000000124.png
-0.0462977518232,3.55029623764,0.00269899978109,0.349998654065,-0.000968032001603,2.42656096816e-06,4.20539343533,2.53206451599,-0.334578135843,map_000000125.png
-0.0113158446524,3.55029417918,0.00269769800248,0.349998631462,-0.000976170184413,1.21630728245e-06,4.20539343533,2.53206451599,-0.334578135843,map_000000126.png
0.025067793963,3.55029160418,0.00269632464284,0.349998631462,-0.000976170184413,1.21630728245e-06,4.20539343533,2.53206451599,-0.334578135843,map_000000127.png
0.0600516391107,3.55028845037,0.00269516251324,0.349998602907,-0.000986355348015,4.70783561468e-07,4.20539343533,2.53206451599,-0.334578135843,map_000000128.png
0.0964373552688,3.55028614781,0.00269493406207,0.349998616939,-0.000981363486998,2.92528420687e-06,4.20539343533,2.53206451599,-0.334578135843,map_000000129.png
0.1328281116,3.55027070394,0.00268821150992,0.349998596649,-0.000988573408626,1.5776604414e-06,4.20539343533,2.53206451599,-0.334578135843,map_000000130.png
0.167802899221,3.55027580361,0.00269145104786,0.349998589508,-0.000991098233471,5.72763383389e-07,4.20539343533,2.53206451599,-0.334578135843,map_000000131.png
0.204176381971,3.55026102508,0.00268532845586,0.34999866241,-0.000965010100996,9.30950045586e-06,4.20539343533,2.53206451599,-0.334578135843,map_000000132.png
0.239172462654,3.55026775155,0.00268992347631,0.34999866241,-0.000965010100996,9.30950045586e-06,4.20539343533,2.53206451599,-0.334578135843,map_000000133.png
0.239172462654,3.55026775155,0.00268992347631,0.349998680838,-0.000958303386069,1.09439715743e-05,4.20539343533,2.53206451599,-0.334578135843,map_000000134.png
0.275563218992,3.55025378154,0.00268387865072,0.349998680838,-0.000958303386069,1.09439715743e-05,4.20539343533,2.53206451599,-0.334578135843,map_000000135.png
0.311937120358,3.55026097658,0.00268796429,0.349998685701,-0.000956525620044,1.04308128357e-05,4.20539343533,2.53206451599,-0.334578135843,map_000000136.png
0.34691148991,3.55024810147,0.00268244619304,0.349998685701,-0.000956525620044,1.04308128357e-05,4.20539343533,2.53206451599,-0.334578135843,map_000000137.png
0.38330474593,3.55025466438,0.00268664731397,0.349998624429,-0.000978688784963,2.9606744647e-06,4.20539343533,2.53206451599,-0.334578135843,map_000000138.png
0.418298328381,3.55024337846,0.00268169209979,0.349998625438,-0.000978327613723,2.25100666285e-06,4.20539343533,2.53206451599,-0.334578135843,map_000000139.png
0.454672230179,3.55024855049,0.00268501156517,0.349998675127,-0.000960386725975,8.34139063954e-06,4.20539343533,2.53206451599,-0.334578135843,map_000000140.png
0.491057948277,3.55024634527,0.0026848119625,0.349998675127,-0.000960386725975,8.34139063954e-06,4.20539343533,2.53206451599,-0.334578135843,map_000000141.png
0.526039855747,3.55024188837,0.00268325791464,0.349998626423,-0.000977975439592,2.02190130949e-06,4.20539343533,2.53206451599,-0.334578135843,map_000000142.png
0.562423494348,3.55023846295,0.00268207314544,0.349998621579,-0.000979707448246,9.79285687208e-07,4.20539343533,2.53206451599,-0.334578135843,map_000000143.png
0.597407340343,3.55023443158,0.00268100996398,0.349998630803,-0.00097640658804,1.96928158402e-06,4.20539343533,2.53206451599,-0.334578135843,map_000000144.png
0.633793058617,3.55023201817,0.00268062798595,0.349998641093,-0.000972711163424,2.66125425696e-06,4.20539343533,2.53206451599,-0.334578135843,map_000000145.png
0.670183816632,3.55021686369,0.00267408706413,0.349998638598,-0.000973608360938,1.89850106835e-06,4.20539343533,2.53206451599,-0.334578135843,map_000000146.png
0.705158604501,3.55022250722,0.00267735476051,0.349998638598,-0.000973608360938,1.89850106835e-06,4.20539343533,2.53206451599,-0.334578135843,map_000000147.png
0.741532088341,3.55020881229,0.00267133611167,0.349998712129,-0.000946806205206,1.03795900941e-05,4.20539343533,2.53206451599,-0.334578135843,map_000000148.png
0.776528169001,3.55021872686,0.00267661070882,0.349998663398,-0.00096465191203,4.15882095695e-06,4.20539343533,2.53206451599,-0.334578135843,map_000000149.png
0.812918926131,3.55020555177,0.00267066080939,0.349998728553,-0.000940715039652,2.82004475594e-06,4.20539343533,2.53206451599,-0.334578135843,map_000000150.png
0.84929282755,3.55021245222,0.00267395996925,0.349998718051,-0.00094461424693,1.02766789496e-05,4.20539343533,2.53206451599,-0.334578135843,map_000000151.png
0.884267197034,3.55020198167,0.00266809339272,0.349998663263,-0.000964700716154,3.99257987738e-06,4.20539343533,2.53206451599,-0.334578135843,map_000000152.png
0.920660453116,3.55021085626,0.00267281060909,0.349998711661,-0.000946979068561,1.15665607154e-05,4.20539343533,2.53206451599,-0.334578135843,map_000000153.png
0.955654034074,3.5501986996,0.00266727031914,0.349998711661,-0.000946979068561,1.15665607154e-05,4.20539343533,2.53206451599,-0.334578135843,map_000000154.png
0.992027935469,3.55020622407,0.00267137456474,0.34999864484,-0.000971361966791,3.3606775105e-06,4.20539343533,2.53206451599,-0.334578135843,map_000000155.png
1.02841365385,3.55020523031,0.00267162393767,0.349998702748,-0.000950267547928,1.07116065919e-05,4.20539343533,2.53206451599,-0.334578135843,map_000000156.png
1.06339556106,3.55020048693,0.00267002809982,0.349998630142,-0.000976643559302,1.88872218132e-06,4.20539343533,2.53206451599,-0.334578135843,map_000000157.png
1.09977919906,3.55019812726,0.00266925281198,0.349998650748,-0.00096923076973,4.5457854867e-06,4.20539343533,2.53206451599,-0.334578135843,map_000000158.png
1.13476304232,3.55019387826,0.0026683094496,0.349998636845,-0.000974238210009,3.21166589856e-06,4.20539343533,2.53206451599,-0.334578135843,map_000000159.png
1.17114876075,3.5501920121,0.00266833536048,0.349998636845,-0.000974238210009,3.21166589856e-06,4.20539343533,2.53206451599,-0.334578135843,map_000000160.png
1.20753951674,3.55017668353,0.00266183765756,0.349998637176,-0.000974119305595,3.04076820612e-06,4.20539343533,2.53206451599,-0.334578135843,map_000000161.png
1.24251430279,3.55018175313,0.00266505903206,0.349998651042,-0.000969124522031,8.45594331622e-06,4.20539343533,2.53206451599,-0.334578135843,map_000000162.png
1.27888778528,3.55016780853,0.00265939318,0.349998734315,-0.000938569036118,2.48816795647e-05,4.20539343533,2.53206451599,-0.334578135843,map_000000163.png
1.31388386635,3.55017668346,0.00266519950415,0.349998787085,-0.000918679966916,4.19891439378e-05,4.20539343533,2.53206451599,-0.334578135843,map_000000164.png
1.35027462406,3.55016512768,0.00266112319246,0.349998745875,-0.000934248133383,5.91767020524e-05,4.20539343533,2.53206451599,-0.334578135843,map_000000165.png
1.38664852729,3.55017582565,0.00266841451229,0.349998745875,-0.000934248133383,5.91767020524e-05,4.20539343533,2.53206451599,-0.334578135843,map_000000166.png
1.4216228975,3.5501660342,0.00266795268385,0.349998734255,-0.000938591311567,5.78640028834e-05,4.20539343533,2.53206451599,-0.334578135843,map_000000167.png
1.45801615307,3.55017568893,0.00267754857353,0.349998766115,-0.00092663464047,0.000100596575066,4.20539343533,2.53206451599,-0.334578135843,map_000000168.png
1.49300973494,3.55016688388,0.00267951278345,0.349998882061,-0.000881753791764,0.00019245990552,4.20539343533,2.53206451599,-0.334578135843,map_000000169.png
1.52938363808,3.55017906917,0.00269606351449,0.349998943794,-0.000856899315577,0.000347240827978,4.20539343533,2.53206451599,-0.334578135843,map_000000170.png
1.56576936171,3.5501879416,0.00271846177267,0.349999016744,-0.000826566442635,0.000343080144376,4.20539343533,2.53206451599,-0.334578135843,map_000000171.png
1.56576936171,3.5501879416,0.00271846177267,0.349999016744,-0.000826566442635,0.000343080144376,4.20539343533,2.53206451599,-0.334578135843,map_000000172.png
1.60075126438,3.55019567255,0.00275033358437,0.349999469776,-0.000605053932464,0.00117541756481,4.20539343533,2.53206451599,-0.334578135843,map_000000173.png
1.67211872965,3.5502427993,0.0028816940467,0.349999464379,-0.000608167542913,0.00117448018864,4.20539343533,2.53206451599,-0.334578135843,map_000000174.png
1.70850443982,3.55028732107,0.0030014858676,0.349999899275,-0.000255814470482,0.00214239885099,4.20539343533,2.53206451599,-0.334578135843,map_000000175.png
1.70850443982,3.55028732107,0.0030014858676,0.349999890094,0.000268081143047,0.00396083109081,4.20539343533,2.53206451599,-0.334578135843,map_000000176.png
1.74489510562,3.55033842243,0.00315677461526,0.349997823679,0.00123221492398,0.0074052773416,4.20539343533,2.53206451599,-0.334578135843,map_000000177.png
1.77986977036,3.55044433272,0.00340604529258,0.349997823679,0.00123221492398,0.0074052773416,4.20539343533,2.53206451599,-0.334578135843,map_000000178.png
1.81624295557,3.55059319735,0.00381842892933,0.349983825988,0.00336399771558,0.0134863238782,4.20539343533,2.53206451599,-0.334578135843,map_000000179.png
1.85123807044,3.55086707443,0.00455108699731,0.349983825988,0.00336399771558,0.0134863238782,4.20539343533,2.53206451599,-0.334578135843,map_000000180.png
1.88762509621,3.55134570058,0.0058279197014,0.349934200265,0.00678604587202,0.0252032335848,4.20539343533,2.53206451599,-0.334578135843,map_000000181.png
1.92399148531,3.55217576348,0.00804058125066,0.349773088358,0.0126008568755,0.0468484610319,4.20539343533,2.53206451599,-0.334578135843,map_000000182.png
1.9589431328,3.55344446936,0.0116200021259,0.349734311187,0.0136347538314,0.0449474975467,4.20539343533,2.53206451599,-0.334578135843,map_000000183.png
1.99530023039,3.55525274167,0.0163420417852,0.349122320409,0.0247709572989,0.0835786014795,4.20539343533,2.53206451599,-0.334578135843,map_000000184.png
2.03021017245,3.55735706805,0.0212199834959,0.34594460359,0.0470521446713,0.148291870952,4.20539343533,2.53206451599,-0.334578135843,map_000000185.png
2.06642936735,3.56076855461,0.0297654081596,0.343738000458,0.055131893741,0.16358935833,4.20539343533,2.53206451599,-0.334578135843,map_000000186.png
2.10219224265,3.56684353703,0.0449285789161,0.343738000458,0.055131893741,0.16358935833,4.20539343533,2.53206451599,-0.334578135843,map_000000187.png
2.13626699039,3.57382683089,0.0607082236995,0.346630695499,0.0484474547505,0.124840453267,4.20539343533,2.53206451599,-0.334578135843,map_000000188.png
2.17176962344,3.5814249809,0.0749971427554,0.349390158677,0.0206521658316,0.0234072320163,4.20539343533,2.53206451599,-0.334578135843,map_000000189.png
2.20613981871,3.58774611922,0.0828873199588,0.349959712183,0.00530987593537,-0.000255847815424,4.20539343533,2.53206451599,-0.334578135843,map_000000190.png
2.24218979127,3.59253934246,0.0847173101872,0.347359900371,-0.0429079776682,-0.106618538499,4.20539343533,2.53206451599,-0.334578135843,map_000000191.png
2.27841342398,3.59579780587,0.0838572257802,0.346018323029,-0.0526432812576,-0.109400466084,4.20539343533,2.53206451599,-0.334578135843,map_000000192.png
2.31336644271,3.59436597798,0.0733789224312,0.346018323029,-0.0526432812576,-0.109400466084,4.20539343533,2.53206451599,-0.334578135843,map_000000193.png
2.34961438254,3.59156254276,0.0622195463342,0.344611363874,-0.0611800851762,-0.118166953325,4.20539343533,2.53206451599,-0.334578135843,map_000000194.png
2.38437226396,3.58776385124,0.0508429432544,0.344537151125,-0.0615966429975,-0.118207722902,4.20539343533,2.53206451599,-0.334578135843,map_000000195.png
2.42044418424,3.58312180691,0.0387606350973,0.345601191153,-0.0553155638764,-0.102180346847,4.20539343533,2.53206451599,-0.334578135843,map_000000196.png
2.45649221604,3.57823234573,0.0272359934238,0.349490314342,-0.0188816078388,-0.0312145520002,4.20539343533,2.53206451599,-0.334578135843,map_000000197.png
2.49120298237,3.57415120465,0.0183065686358,0.349834453854,-0.0107633558906,-0.0267343129963,4.20539343533,2.53206451599,-0.334578135843,map_000000198.png
2.52755450144,3.57283813469,0.015119314716,0.349834453854,-0.0107633558906,-0.0267343129963,4.20539343533,2.53206451599,-0.334578135843,map_000000199.png
2.56251355711,3.57145636399,0.0120495654986,0.349833424787,-0.0107967511534,-0.0267445556819,4.20539343533,2.53206451599,-0.334578135843,map_000000200.png
2.59889157545,3.57071918244,0.00929740566471,0.349998771753,0.000924502498955,-0.0133606586605,4.20539343533,2.53206451599,-0.334578135843,map_000000201.png
2.63527136626,3.57066390798,0.00740272647139,0.349629967824,0.0160897648539,0.0100375451148,4.20539343533,2.53206451599,-0.334578135843,map_000000202.png
2.6702435351,3.57159967422,0.00700098094767,0.349592628627,0.0168816155402,0.00879234820604,4.20539343533,2.53206451599,-0.334578135843,map_000000203.png
2.70657305501,3.57355382522,0.00799330210039,0.349582721135,0.0170855499601,0.00879395566881,4.20539343533,2.53206451599,-0.334578135843,map_000000204.png
2.74149068411,3.57553580344,0.00885809017953,0.349749229624,0.013246558472,-0.00235249521211,4.20539343533,2.53206451599,-0.334578135843,map_000000205.png
2.77781187526,3.57763975872,0.00975295446228,0.349749229624,0.013246558472,-0.00235249521211,4.20539343533,2.53206451599,-0.334578135843,map_000000206.png
2.81414983039,3.57943464695,0.00968334949076,0.349961745937,0.00517410035973,-0.0212233699858,4.20539343533,2.53206451599,-0.334578135843,map_000000207.png
2.84912331348,3.58053538883,0.0081815705817,0.349806826446,-0.0116266549447,-0.0494495220482,4.20539343533,2.53206451599,-0.334578135843,map_000000208.png
2.88549472324,3.58055002953,0.00467456832149,0.348937882572,-0.0272460830115,-0.0899478122592,4.20539343533,2.53206451599,-0.334578135843,map_000000209.png
2.92183204674,3.57897777365,-0.00166052411469,0.34847204812,-0.0326684344991,-0.0877264365554,4.20539343533,2.53206451599,-0.334578135843,map_000000210.png
2.95667644146,3.57607843227,-0.0104780207084,0.343656485765,-0.0555352727575,-0.155825957656,4.20539343533,2.53206451599,-0.334578135843,map_000000211.png
2.99284725621,3.57223326945,-0.0194529357788,0.343656485765,-0.0555352727575,-0.155825957656,4.20539343533,2.53206451599,-0.334578135843,map_000000212.png
3.02706509054,3.56600447322,-0.0345081180225,0.32859239251,-0.0886281988837,-0.274689882994,4.20539343533,2.53206451599,-0.334578135843,map_000000213.png
3.06117237163,3.55626345407,-0.0597955478339,0.29115667617,-0.151956397508,-0.456804633141,4.20539343533,2.53206451599,-0.334578135843,map_000000214.png
3.09200293653,3.54124925962,-0.0986329796428,0.290827785868,-0.152584913372,-0.456958085299,4.20539343533,2.53206451599,-0.334578135843,map_000000215.png
3.1191129372,3.52309174638,-0.143554139413,0.302949988781,-0.141242736359,-0.368036299944,4.20539343533,2.53206451599,-0.334578135843,map_000000216.png
3.14671649062,3.50309681824,-0.188185511623,0.315485946859,-0.121497065686,-0.309903919697,4.20539343533,2.53206451599,-0.334578135843,map_000000217.png
3.17356338436,3.48342234561,-0.224380539842,0.336880642026,-0.0688537912585,-0.221947282553,4.20539343533,2.53206451599,-0.334578135843,map_000000218.png
3.17356338436,3.48342234561,-0.224380539842,0.336880642026,-0.0688537912585,-0.221947282553,4.20539343533,2.53206451599,-0.334578135843,map_000000219.png
3.2024859255,3.46366986627,-0.256070750489,0.336880642026,-0.0688537912585,-0.221947282553,4.20539343533,2.53206451599,-0.334578135843,map_000000220.png
3.23388205958,3.44699532042,-0.280143494822,0.332209141468,-0.0688745687456,-0.291834652424,4.20539343533,2.53206451599,-0.334578135843,map_000000221.png
3.26392985195,3.43103206732,-0.306368739037,0.332557503505,-0.0607913466489,-0.310342788696,4.20539343533,2.53206451599,-0.334578135843,map_000000222.png
3.29467851442,3.41398565288,-0.337085847626,0.33653176307,-0.0513880800913,-0.274338036776,4.20539343533,2.53206451599,-0.334578135843,map_000000223.png
3.32409977771,3.39729400995,-0.36661326514,0.338339317034,-0.0465839243893,-0.257653415203,4.20539343533,2.53206451599,-0.334578135843,map_000000224.png
3.35472190443,3.37963777868,-0.394536295541,0.324119370734,-0.0828804759028,-0.404440671206,4.20539343533,2.53206451599,-0.334578135843,map_000000225.png
3.38521350246,3.3614875972,-0.420884043442,0.324119370734,-0.0828804759028,-0.404440671206,4.20539343533,2.53206451599,-0.334578135843,map_000000226.png
3.41151056834,3.34090258615,-0.458918492982,0.31077202326,-0.10351628839,-0.471325814724,4.20539343533,2.53206451599,-0.334578135843,map_000000227.png
3.43607032093,3.31722254847,-0.505013352097,0.31209937121,-0.107661262679,-0.431962043047,4.20539343533,2.53206451599,-0.334578135843,map_000000228.png
3.4578939994,3.29279847701,-0.549347656333,0.311294899638,-0.110642386697,-0.428654909134,4.20539343533,2.53206451599,-0.334578135843,map_000000229.png
3.47928456717,3.26614203616,-0.593406403271,0.320830548701,-0.096052291027,-0.359656155109,4.20539343533,2.53206451599,-0.334578135843,map_000000230.png
3.49960773918,3.23851949253,-0.636153395731,0.336424100368,-0.060237945328,-0.254906117916,4.20539343533,2.53206451599,-0.334578135843,map_000000231.png
3.51943930386,3.21168583049,-0.671516931091,0.336424100368,-0.060237945328,-0.254906117916,4.20539343533,2.53206451599,-0.334578135843,map_000000232.png
3.54259998002,3.18484524394,-0.69799590069,0.342922457474,-0.037981262397,-0.205436363816,4.20539343533,2.53206451599,-0.334578135843,map_000000233.png
3.56591341502,3.15954432483,-0.719169207855,0.348153094162,-0.0153841890324,-0.152460038662,4.20539343533,2.53206451599,-0.334578135843,map_000000234.png
3.59113083738,3.13379858773,-0.737051979229,0.358484018845,-0.00251284855686,-0.120575599372,4.20539343533,2.53206451599,-0.334578135843,map_000000235.png
3.61749256811,3.10830177225,-0.751261593912,0.367899725361,0.00853733645711,-0.0888863652945,4.20539343533,2.53206451599,-0.334578135843,map_000000236.png
3.64378209564,3.0836356791,-0.762368138954,0.357427470456,0.0202171326996,-0.0449655056,4.20539343533,2.53206451599,-0.334578135843,map_000000237.png
3.67200640669,3.05792507684,-0.771111299952,0.347367831142,0.0209463593753,-0.0449809320271,4.20539343533,2.53206451599,-0.334578135843,map_000000238.png
3.69902705073,3.0344370571,-0.775531566229,0.347367831142,0.0209463593753,-0.0449809320271,4.20539343533,2.53206451599,-0.334578135843,map_000000239.png
3.72642273736,3.01056001444,-0.780129178161,0.337258756841,0.0223545385756,-0.0174837019295,4.20539343533,2.53206451599,-0.334578135843,map_000000240.png
3.75315660578,2.98727034442,-0.782781049322,0.327203310349,0.0228302095863,-0.0174899548292,4.20539343533,2.53206451599,-0.334578135843,map_000000241.png
3.77827585312,2.96545393707,-0.784499979538,0.307559537397,0.0164441968601,-0.00519799999893,4.20539343533,2.53206451599,-0.334578135843,map_000000242.png
3.80334657563,2.94343846911,-0.785852996445,0.297734067458,0.0125594087236,-0.00188565463759,4.20539343533,2.53206451599,-0.334578135843,map_000000243.png
3.82612020379,2.92289974078,-0.786324213283,0.287870245587,0.00860606364794,0.000691694149282,4.20539343533,2.53206451599,-0.334578135843,map_000000244.png
3.84890955688,2.90191485839,-0.786516964649,0.287870245587,0.00860606364794,0.000691694149282,4.20539343533,2.53206451599,-0.334578135843,map_000000245.png
3.87072867801,2.88133614889,-0.786455862338,0.277958460239,0.00473939832043,0.00236143777147,4.20539343533,2.53206451599,-0.334578135843,map_000000246.png
3.89092125831,2.86190325369,-0.786262560423,0.267993021819,0.00177088815648,0.00306863244623,4.20539343533,2.53206451599,-0.334578135843,map_000000247.png
3.91112705045,2.8421090562,-0.785978762004,0.24798574662,-0.00255212464104,0.00307232048362,4.20539343533,2.53206451599,-0.334578135843,map_000000248.png
3.92956835037,2.82367782022,-0.785676581055,0.237969909026,-0.00371295963942,0.00278297369368,4.20539343533,2.53206451599,-0.334578135843,map_000000249.png
3.9474477743,2.80538160129,-0.785367442953,0.227955834954,-0.00442949728085,0.00225201714784,4.20539343533,2.53206451599,-0.334578135843,map_000000250.png
3.96463813859,2.78764325212,-0.785084438996,0.217950964941,-0.0045693699583,0.0017990777269,4.20539343533,2.53206451599,-0.334578135843,map_000000251.png
3.98045204389,2.77121368848,-0.78486252384,0.217950964941,-0.0045693699583,0.0017990777269,4.20539343533,2.53206451599,-0.334578135843,map_000000252.png
3.996252143,2.75476269731,-0.784671065426,0.19798166558,-0.00260902959209,0.000520978937857,4.20539343533,2.53206451599,-0.334578135843,map_000000253.png
4.01047642547,2.74010231532,-0.784579183194,0.187990724807,-0.00174712141409,0.000233546248637,4.20539343533,2.53206451599,-0.334578135843,map_000000254.png
4.02452667814,2.72575518167,-0.784540259387,0.177995056367,-0.00116036498281,6.44474057481e-05,4.20539343533,2.53206451599,-0.334578135843,map_000000255.png
4.03800704922,2.71206784802,-0.784521268653,0.167994814175,-0.00116273902888,6.40504295006e-05,4.20539343533,2.53206451599,-0.334578135843,map_000000256.png
4.05043218742,2.69950055564,-0.784514914459,0.157997048238,-0.000750407441442,5.26779331267e-06,4.20539343533,2.53206451599,-0.334578135843,map_000000257.png
4.06270684691,2.68707674501,-0.784507922989,0.137998595532,-0.000249647061097,-5.00431051478e-05,4.20539343533,2.53206451599,-0.334578135843,map_000000258.png
4.07388561629,2.67580721703,-0.784506523972,0.137998595532,-0.000249647061097,-5.00431051478e-05,4.20539343533,2.53206451599,-0.334578135843,map_000000259.png
4.08441345938,2.66524167974,-0.784509980164,0.127998810501,-2.92884530494e-05,-6.09649578109e-05,4.20539343533,2.53206451599,-0.334578135843,map_000000260.png
4.08441345938,2.66524167974,-0.784509980164,0.117998762436,0.000111894201666,-6.35015312582e-05,4.20539343533,2.53206451599,-0.334578135843,map_000000261.png
4.10290052812,2.64677323282,-0.784521114349,0.1079986699,0.000180159100776,-5.87559770793e-05,4.20539343533,2.53206451599,-0.334578135843,map_000000262.png
4.10290052812,2.64677323282,-0.784521114349,0.103032424768,0.000192525785064,-5.09801320732e-05,4.20539343533,2.53206451599,-0.334578135843,map_000000263.png
4.11144998809,2.63825716274,-0.784527391424,0.103032424768,0.000192525785064,-5.09801320732e-05,4.20539343533,2.53206451599,-0.334578135843,map_000000264.png
4.11910276369,2.63064317289,-0.784533073767,0.083032474908,0.000148182736769,-4.23492165282e-05,4.20539343533,2.53206451599,-0.334578135843,map_000000265.png
4.12670646714,2.6230809213,-0.784538231117,0.083032474908,0.000148182736769,-4.23492165282e-05,4.20539343533,2.53206451599,-0.334578135843,map_000000266.png
4.13304398314,2.61677710348,-0.784542299485,0.0765162576689,0.000104725650553,-3.42568382621e-05,4.20539343533,2.53206451599,-0.334578135843,map_000000267.png
4.1386281376,2.61121954376,-0.784545906304,0.0765163122385,5.11519973688e-05,-2.69493320957e-05,4.20539343533,2.53206451599,-0.334578135843,map_000000268.png
4.1442758307,2.60559322251,-0.784548884831,0.0765163289498,7.69151024663e-06,-2.12725717574e-05,4.20539343533,2.53206451599,-0.334578135843,map_000000269.png
4.14968248349,2.6002012922,-0.784551214804,0.0765163247963,-2.63585796379e-05,-1.62861542776e-05,4.20539343533,2.53206451599,-0.334578135843,map_000000270.png
4.15531205257,2.59458181491,-0.784552907906,0.0765162956911,-7.1755308767e-05,-9.16584394872e-06,4.20539343533,2.53206451599,-0.334578135843,map_000000271.png
4.16093952706,2.58895997357,-0.784554699832,0.0665162897999,-7.55311377245e-05,0.676210403442,4.20539343533,2.53206451599,-0.334578135843,map_000000272.png
4.16634761155,2.58355138827,-0.784555493022,0.0665162897999,-7.55311377245e-05,0.676210403442,4.20539343533,2.53206451599,-0.334578135843,map_000000273.png
4.17119244339,2.5782070887,-0.734014855813,0.0565162828929,-7.30399651358e-05,0.676438093185,4.20539343533,2.53206451599,-0.334578135843,map_000000274.png
4.17540990202,2.57376618948,-0.66751522113,0.0499999595541,-6.49733666746e-05,0.676664292812,4.20539343533,2.53206451599,-0.334578135843,map_000000275.png
4.17955223828,2.5698785537,-0.598331031883,0.0497618500109,-0.00487426511883,0.501528561115,4.20539343533,2.53206451599,-0.334578135843,map_000000276.png
4.18354509887,2.56647594289,-0.532575965451,0.0492472849285,-0.00864321144743,0.397918760777,4.20539343533,2.53206451599,-0.334578135843,map_000000277.png
4.18742814279,2.56320604199,-0.483261029128,0.0492490230572,-0.00863330208329,0.398050636053,4.20539343533,2.53206451599,-0.334578135843,map_000000278.png
4.1914263886,2.55977735447,-0.442562723683,0.0492490230572,-0.00863330208329,0.398050636053,4.20539343533,2.53206451599,-0.334578135843,map_000000279.png
4.19540089602,2.55661709896,-0.403428070003,0.0483732691903,-0.0126501780539,0.299549937248,4.20539343533,2.53206451599,-0.334578135843,map_000000280.png
4.1995436174,2.55334582902,-0.368532856954,0.0474231200903,-0.0158444898263,0.22567653656,4.20539343533,2.53206451599,-0.334578135843,map_000000281.png
4.20361733735,2.54999379867,-0.341386226887,0.0451865107246,-0.0214051261498,0.106035843492,4.20539343533,2.53206451599,-0.334578135843,map_000000282.png
4.20742586528,2.54664710562,-0.322491902159,0.0,0.0,0.0,4.20539343533,2.53206451599,-0.334578135843,map_000000283.png
