6.51178500433,1.7047925424,1.09930464435,0.0,0.0,0.0,-5.41672957905,6.98550063846,-1.95394456224,map_000000001.png
6.51178502203,1.7047925337,1.0993046958,0.0,0.0,0.0,-5.41672957905,6.98550063846,-1.95394456224,map_000000002.png
6.51178503792,1.70479252611,1.09930469979,0.0,0.0,0.0,-5.41672957905,6.98550063846,-1.95394456224,map_000000003.png
6.51178505379,1.70479251852,1.09930469662,0.0,0.0,0.0,-5.41672957905,6.98550063846,-1.95394456224,map_000000004.png
6.51178220607,1.70479537399,1.0993065204,0.0,0.0,0.0,-5.41672957905,6.98550063846,-1.95394456224,map_000000005.png
6.51178222153,1.70479536662,1.09930647277,-0.0380036945617,0.0464297250762,1.0,-5.41672957905,6.98550063846,-1.95394456224,map_000000006.png
6.50956176667,1.70401843256,1.14258982276,-0.0434856279101,0.0548543546437,1.0,-5.41672957905,6.98550063846,-1.95394456224,map_000000007.png
6.50440975739,1.70179699733,1.24092722114,-0.0544213909689,0.0716820164601,1.0,-5.41672957905,6.98550063846,-1.95394456224,map_000000008.png
6.4983979028,1.69867740665,1.34319862055,-0.0439245770064,0.0898366872718,1.0,-5.41672957905,6.98550063846,-1.95394456224,map_000000009.png
6.49129438922,1.69443323415,1.44154130572,-0.0439245770064,0.0898366872718,1.0,-5.41672957905,6.98550063846,-1.95394456224,map_000000010.png
6.48313251626,1.69055951012,1.53987223002,-0.0329404623937,0.104952008123,1.0,-5.41672957905,6.98550063846,-1.95394456224,map_000000011.png
6.47413981463,1.68675383451,1.63819536262,-0.0176910182769,0.118688776901,1.0,-5.41672957905,6.98550063846,-1.95394456224,map_000000012.png
6.46382831176,1.68286614987,1.74047824817,0.0176289232927,0.138885641072,1.0,-5.41672957905,6.98550063846,-1.95394456224,map_000000013.png
6.45265739927,1.67972536392,1.83880799144,0.0384113526522,0.144998513377,1.0,-5.41672957905,6.98550063846,-1.95394456224,map_000000014.png
6.43968804242,1.67752793567,1.93715452839,0.0394970616038,0.15504833183,1.0,-5.41672957905,6.98550063846,-1.95394456224,map_000000015.png
6.4257560873,1.67560172681,2.03548445639,0.0394970616038,0.15504833183,1.0,-5.41672957905,6.98550063846,-1.95394456224,map_000000016.png
6.4257560873,1.67560172681,2.03548445639,0.0775528435772,0.151279745427,1.0,-5.41672957905,6.98550063846,-1.95394456224,map_000000017.png
6.41067214011,1.67177369799,2.13775780338,0.0847704568238,0.158789098936,1.0,-5.41672957905,6.98550063846,-1.95394456224,map_000000018.png
6.39510466569,1.66898357272,2.23610169937,0.127188951513,0.15434696181,1.0,-5.41672957905,6.98550063846,-1.95394456224,map_000000019.png
6.37878461474,1.66560699536,2.33443143674,0.132388819495,0.163012934542,1.0,-5.41672957905,6.98550063846,-1.95394456224,map_000000020.png
6.36142198303,1.6616127879,2.43278205878,0.132388819495,0.163012934542,1.0,-5.41672957905,6.98550063846,-1.95394456224,map_000000021.png
6.34164376879,1.65776294995,2.53505099334,0.178566529552,0.128506859304,1.0,-5.41672957905,6.98550063846,-1.95394456224,map_000000022.png
6.32229781121,1.65178986064,2.63337954934,0.200197953868,0.113228984918,1.0,-5.41672957905,6.98550063846,-1.95394456224,map_000000023.png
6.30119335705,1.64863436375,2.73172722606,0.200197953868,0.113228984918,1.0,-5.41672957905,6.98550063846,-1.95394456224,map_000000024.png
6.27920534734,1.64542106327,2.83005556273,0.20813127636,0.1195047986,1.0,-5.41672957905,6.98550063846,-1.95394456224,map_000000025.png
6.25584025867,1.6401848209,2.93232246227,0.269794949519,-0.0105216348548,0.3804436028,-5.41672957905,6.98550063846,-1.95394456224,map_000000026.png
6.23231615332,1.63585282538,3.01598302009,0.269794949519,-0.0105216348548,0.3804436028,-5.41672957905,6.98550063846,-1.95394456224,map_000000027.png
6.20627954803,1.63701911537,3.06664771099,0.279858061996,-0.00891520986443,0.380564987659,-5.41672957905,6.98550063846,-1.95394456224,map_000000028.png
6.17943639642,1.63995656781,3.10405952705,0.279858061996,-0.00891520986443,0.380564987659,-5.41672957905,6.98550063846,-1.95394456224,map_000000029.png
6.1516146946,1.64177623011,3.14147446271,0.286624980352,-0.044115032583,0.229893743992,-5.41672957905,6.98550063846,-1.95394456224,map_000000030.png
6.12197038587,1.64505671624,-3.11345899187,0.301923016253,-0.0703028789163,0.0275710262358,-5.41672957905,6.98550063846,-1.95394456224,map_000000031.png
6.09233211922,1.64985571232,-3.10119299306,0.311003399376,-0.0753450926719,-0.0251206699759,-5.41672957905,6.98550063846,-1.95394456224,map_000000032.png
6.06162414604,1.65576738903,-3.09993160065,0.321052087065,-0.076325262038,-0.0251345895231,-5.41672957905,6.98550063846,-1.95394456224,map_000000033.png
6.03017587223,1.66201619494,-3.10240217678,0.33402313226,-0.0634706984024,-0.0564142130315,-5.41672957905,6.98550063846,-1.95394456224,map_000000034.png
5.99651014329,1.66866639062,-3.10497926833,0.33402313226,-0.0634706984024,-0.0564142130315,-5.41672957905,6.98550063846,-1.95394456224,map_000000035.png
5.96307711422,1.67397030784,-3.11015707106,0.344024687783,-0.0643971022479,-0.0564385540783,-5.41672957905,6.98550063846,-1.95394456224,map_000000036.png
5.92884907878,1.67933304968,-3.11570192406,0.346495419264,-0.0494056612428,-0.0912579447031,-5.41672957905,6.98550063846,-1.95394456224,map_000000037.png
5.89421114649,1.68420114522,-3.12290051741,0.347757481138,-0.0395566586801,-0.0835271775723,-5.41672957905,6.98550063846,-1.95394456224,map_000000038.png
5.85808969571,1.68846069346,-3.13202068797,0.347237662974,-0.0407875066617,-0.120173797011,-5.41672957905,6.98550063846,-1.95394456224,map_000000039.png
5.82332162256,1.69215834494,-3.14052819328,0.341927987639,-0.0497000890412,-0.182891890407,-5.41672957905,6.98550063846,-1.95394456224,map_000000040.png
5.78861890045,1.69627111251,3.13084480462,0.341927987639,-0.0497000890412,-0.182891890407,-5.41672957905,6.98550063846,-1.95394456224,map_000000041.png
5.75447780471,1.70159749798,3.11360476735,0.336588148971,-0.0625486338905,-0.23137755692,-5.41672957905,6.98550063846,-1.95394456224,map_000000042.png
5.71955874726,1.70882357392,3.09146192033,0.336041385307,-0.0669918288569,-0.226909831166,-5.41672957905,6.98550063846,-1.95394456224,map_000000043.png
5.6863838484,1.71710647896,3.06892247943,0.336043881277,-0.0669793074658,-0.226990863681,-5.41672957905,6.98550063846,-1.95394456224,map_000000044.png
5.6534572172,1.72635564726,3.04661064888,0.338822579819,-0.0609645236179,-0.202490061522,-5.41672957905,6.98550063846,-1.95394456224,map_000000045.png
5.62070079191,1.73630962477,3.02447876191,0.347996384841,-0.0334797698214,-0.121018759906,-5.41672957905,6.98550063846,-1.95394456224,map_000000046.png
5.58653921655,1.74686470583,3.00376980394,0.347996384841,-0.0334797698214,-0.121018759906,-5.41672957905,6.98550063846,-1.95394456224,map_000000047.png
5.55273142174,1.75537110015,2.99090805853,0.349808878862,-0.0115647396362,-0.0641110017896,-5.41672957905,6.98550063846,-1.95394456224,map_000000048.png
5.51851496386,1.76252497153,2.98281244512,0.349907674863,-0.00803828376175,-0.0857073888183,-5.41672957905,6.98550063846,-1.95394456224,map_000000049.png
5.48415829197,1.76906199471,2.97549215143,0.349999838119,-0.000329014331572,-0.0664486289024,-5.41672957905,6.98550063846,-1.95394456224,map_000000050.png
5.44839713784,1.77575883548,2.96725686871,0.341179264862,0.0691902769484,0.175323680043,-5.41672957905,6.98550063846,-1.95394456224,map_000000051.png
5.41391899605,1.78137243443,2.96262037369,0.332581397205,0.0903203731628,0.228779375553,-5.41672957905,6.98550063846,-1.95394456224,map_000000052.png
5.37916035234,1.78050955714,2.97986227936,0.332581397205,0.0903203731628,0.228779375553,-5.41672957905,6.98550063846,-1.95394456224,map_000000053.png
5.34488126496,1.77717278475,3.00151629828,0.328773666879,0.101795614824,0.235876083374,-5.41672957905,6.98550063846,-1.95394456224,map_000000054.png
5.30957593167,1.77171734941,3.02538792299,0.330094424081,0.0984051707927,0.231703713536,-5.41672957905,6.98550063846,-1.95394456224,map_000000055.png
5.27579885233,1.76542897342,3.04838764003,0.334807244584,0.0868441777969,0.20983313024,-5.41672957905,6.98550063846,-1.95394456224,map_000000056.png
5.24201305018,1.7588894046,3.07056733516,0.341484134386,0.068219392999,0.174090266228,-5.41672957905,6.98550063846,-1.95394456224,map_000000057.png
5.20807620391,1.75252934226,3.09106587554,0.346596178483,0.048693777781,0.143067613244,-5.41672957905,6.98550063846,-1.95394456224,map_000000058.png
5.1736774157,1.74733467091,3.10817968479,0.346596178483,0.048693777781,0.143067613244,-5.41672957905,6.98550063846,-1.95394456224,map_000000059.png
5.13761746836,1.74295805895,3.12342074146,0.349935655655,0.00671057632167,0.0766749456525,-5.41672957905,6.98550063846,-1.95394456224,map_000000060.png
5.10272772291,1.74131281052,3.13331126738,0.349763245976,-0.0128711575952,0.041783247143,-5.41672957905,6.98550063846,-1.95394456224,map_000000061.png
5.06776473535,1.74172456892,3.13934652733,0.348428998705,-0.033124428975,-0.000505140051246,-5.41672957905,6.98550063846,-1.95394456224,map_000000062.png
5.03282117777,1.74355225776,-3.14073244105,0.347449161084,-0.0421790871842,-0.0153465420008,-5.41672957905,6.98550063846,-1.95394456224,map_000000063.png
4.9966128951,1.74698893191,-3.14083683115,0.34550794621,-0.0558950269647,-0.0612249225378,-5.41672957905,6.98550063846,-1.95394456224,map_000000064.png
4.96187067248,1.75120144187,3.14083347282,0.34550794621,-0.0558950269647,-0.0612249225378,-5.41672957905,6.98550063846,-1.95394456224,map_000000065.png
4.92733118398,1.75661050689,3.13553997146,0.325278417107,-0.101352200418,-0.25663715601,-5.41672957905,6.98550063846,-1.95394456224,map_000000066.png
4.89419527646,1.7653548753,3.11721640562,0.324163324386,-0.105346445556,-0.254455566406,-5.41672957905,6.98550063846,-1.95394456224,map_000000067.png
4.86084469985,1.77707272272,3.09107335013,0.293482853791,-0.152743323146,-0.462715417147,-5.41672957905,6.98550063846,-1.95394456224,map_000000068.png
4.82996817486,1.79042727516,3.06113161062,0.292090034959,-0.151451784374,-0.435389667749,-5.41672957905,6.98550063846,-1.95394456224,map_000000069.png
4.80230434359,1.80816173787,3.0157442373,0.198745302326,-0.236629981434,-0.881056249142,-5.41672957905,6.98550063846,-1.95394456224,map_000000070.png
4.77557497062,1.82698506916,2.97293368142,0.198745302326,-0.236629981434,-0.881056249142,-5.41672957905,6.98550063846,-1.95394456224,map_000000071.png
4.7580364031,1.85314414733,2.89159320839,0.198870076416,-0.230353582525,-0.813274025917,-5.41672957905,6.98550063846,-1.95394456224,map_000000072.png
4.74542459839,1.88037565675,2.80920994136,0.208382687435,-0.227520829308,-0.749334394932,-5.41672957905,6.98550063846,-1.95394456224,map_000000073.png
4.73451790081,1.90836744897,2.73201239004,0.228570180584,-0.211520379881,-0.705343902111,-5.41672957905,6.98550063846,-1.95394456224,map_000000074.png
4.72470424716,1.93713653258,2.65918634711,0.26658897828,-0.176127697897,-0.582009017467,-5.41672957905,6.98550063846,-1.95394456224,map_000000075.png
4.71437935754,1.96733183366,2.58754535045,0.317914240187,-0.0945486445419,-0.396683365107,-5.41672957905,6.98550063846,-1.95394456224,map_000000076.png
4.70147560917,1.9962325884,2.53031066919,0.317914240187,-0.0945486445419,-0.396683365107,-5.41672957905,6.98550063846,-1.95394456224,map_000000077.png
4.68299503639,2.02307291545,2.48765292418,0.335906911101,-0.0435060636737,-0.289358824492,-5.41672957905,6.98550063846,-1.95394456224,map_000000078.png
4.66101457829,2.04826621129,2.45498426551,0.342949874017,-0.00534707618039,-0.224113196135,-5.41672957905,6.98550063846,-1.95394456224,map_000000079.png
4.63573455272,2.07295942104,2.42821457612,0.346447120422,0.0225686011112,-0.160205885768,-5.41672957905,6.98550063846,-1.95394456224,map_000000080.png
4.60977213139,2.09548494231,2.4076762713,0.347673570088,0.0374005182866,-0.122115604579,-5.41672957905,6.98550063846,-1.95394456224,map_000000081.png
4.58259499367,2.11708871581,2.39192969898,0.346447143626,0.0497430558686,-0.0570171698928,-5.41672957905,6.98550063846,-1.95394456224,map_000000082.png
4.55465351277,2.13811043971,2.37992069641,0.346447143626,0.0497430558686,-0.0570171698928,-5.41672957905,6.98550063846,-1.95394456224,map_000000083.png
4.52634218124,2.15866862377,2.37303277004,0.346617410787,0.0485424090158,-0.0334208495915,-5.41672957905,6.98550063846,-1.95394456224,map_000000084.png
4.49692043129,2.18008552095,2.36859172857,0.347317229369,0.0432520186472,-0.0185143519193,-5.41672957905,6.98550063846,-1.95394456224,map_000000085.png
4.46888095852,2.20099004185,2.36588964585,0.34818773808,0.0355709710902,-0.00819315388799,-5.41672957905,6.98550063846,-1.95394456224,map_000000086.png
4.44116034976,2.22235775601,2.36426949246,0.349560248523,0.0175393154416,0.000857895240188,-5.41672957905,6.98550063846,-1.95394456224,map_000000087.png
4.41387077936,2.24422966049,2.36346156959,0.349875812635,0.00932258905812,0.00240484904498,-5.41672957905,6.98550063846,-1.95394456224,map_000000088.png
4.38670839312,2.26843909033,2.3635464959,0.349875812635,0.00932258905812,0.00240484904498,-5.41672957905,6.98550063846,-1.95394456224,map_000000089.png
4.36102182377,2.29221048803,2.36374961684,0.34999292061,0.0022249621888,0.0036130240187,-5.41672957905,6.98550063846,-1.95394456224,map_000000090.png
4.33576211542,2.31641823687,2.36406123386,0.349994756367,-0.00191453632848,0.00301562529057,-5.41672957905,6.98550063846,-1.95394456224,map_000000091.png
4.31079063816,2.34091633174,2.36439297876,0.349970024848,-0.00458002635703,0.00270743761212,-5.41672957905,6.98550063846,-1.95394456224,map_000000092.png
4.28503452539,2.36661897884,2.36469408698,0.34993205496,-0.00689578458826,0.00148854032159,-5.41672957905,6.98550063846,-1.95394456224,map_000000093.png
4.26042368183,2.39148010732,2.36495075222,0.349928620862,-0.00706790174905,0.000903765670955,-5.41672957905,6.98550063846,-1.95394456224,map_000000094.png
4.23596688787,2.41647703172,2.36509711194,0.349928620862,-0.00706790174905,0.000903765670955,-5.41672957905,6.98550063846,-1.95394456224,map_000000095.png
4.21149594846,2.44150264032,2.36519282771,0.349934542865,-0.00676835602303,0.000514565035701,-5.41672957905,6.98550063846,-1.95394456224,map_000000096.png
4.18605540696,2.46749121127,2.3652608094,0.349947983369,-0.00603356194807,0.000223101116717,-5.41672957905,6.98550063846,-1.95394456224,map_000000097.png
4.16153767548,2.49247093782,2.36529868302,0.349960820606,-0.0052363130263,7.50990584493e-05,-5.41672957905,6.98550063846,-1.95394456224,map_000000098.png
4.13698967801,2.51739413444,2.36531715681,0.349980077837,-0.00373363775695,-0.000128083862364,-5.41672957905,6.98550063846,-1.95394456224,map_000000099.png
4.11240618557,2.54226643108,2.36532454236,0.349985892205,-0.00314168597349,-0.000178215093911,-5.41672957905,6.98550063846,-1.95394456224,map_000000100.png
4.08670834151,2.56804354601,2.36531136832,0.349985892205,-0.00314168597349,-0.000178215093911,-5.41672957905,6.98550063846,-1.95394456224,map_000000101.png
4.06198332685,2.59277514906,2.36529472859,0.34998990346,-0.00265751951377,-0.000193848274648,-5.41672957905,6.98550063846,-1.95394456224,map_000000102.png
4.03720865384,2.61750006995,2.36527611182,0.349991348517,-0.00245985710295,-0.000188301317394,-5.41672957905,6.98550063846,-1.95394456224,map_000000103.png
4.01242950092,2.64219347321,2.3652573286,0.34999203413,-0.00236029212221,-0.000167896971107,-5.41672957905,6.98550063846,-1.95394456224,map_000000104.png
3.98664612388,2.66786899607,2.3652385258,0.349991955206,-0.00237196644135,-0.000125174410641,-5.41672957905,6.98550063846,-1.95394456224,map_000000105.png
3.96185308666,2.69254846244,2.36522215115,0.349991510439,-0.00243670971939,-0.000104362145066,-5.41672957905,6.98550063846,-1.95394456224,map_000000106.png
3.9370692216,2.71722109916,2.36520994165,0.349991510439,-0.00243670971939,-0.000104362145066,-5.41672957905,6.98550063846,-1.95394456224,map_000000107.png
3.91226798933,2.74191938973,2.36519924457,0.34999098053,-0.00251166899067,-8.43219459057e-05,-5.41672957905,6.98550063846,-1.95394456224,map_000000108.png
3.88748462871,2.76660857409,2.36519028204,0.349991530221,-0.00243386669801,-8.88351351023e-05,-5.41672957905,6.98550063846,-1.95394456224,map_000000109.png
3.86170576281,2.79228862793,2.36518141791,0.349989510345,-0.00270879716414,-5.75575977564e-05,-5.41672957905,6.98550063846,-1.95394456224,map_000000110.png
3.83692391055,2.81697932298,2.36517338702,0.3499890049,-0.00277333427683,-4.87612560391e-05,-5.41672957905,6.98550063846,-1.95394456224,map_000000111.png
3.81216498233,2.84167698451,2.36516782465,0.349988520079,-0.00283385717135,-5.94491139054e-05,-5.41672957905,6.98550063846,-1.95394456224,map_000000112.png
3.787389244,2.86640085003,2.36516292219,0.349988520079,-0.00283385717135,-5.94491139054e-05,-5.41672957905,6.98550063846,-1.95394456224,map_000000113.png
3.76165016888,2.89209377011,2.36515706477,0.349988383509,-0.00285067407914,-5.56036829948e-05,-5.41672957905,6.98550063846,-1.95394456224,map_000000114.png
3.73687973459,2.9168229493,2.36515141549,0.349988230255,-0.00286942797238,-0.000106030143797,-5.41672957905,6.98550063846,-1.95394456224,map_000000115.png
3.71212394513,2.94153977745,2.36514373144,0.349988765533,-0.00280337906406,-0.000106262043118,-5.41672957905,6.98550063846,-1.95394456224,map_000000116.png
3.68737599771,2.96624844113,2.36513339647,0.349988033957,-0.00289327156563,-0.000220587477088,-5.41672957905,6.98550063846,-1.95394456224,map_000000117.png
3.6616151597,2.99196260018,2.36512156744,0.349988560745,-0.00282883036072,-0.000225130468607,-5.41672957905,6.98550063846,-1.95394456224,map_000000118.png
3.63687062106,3.01667467857,2.36509988593,0.349988560745,-0.00282883036072,-0.000225130468607,-5.41672957905,6.98550063846,-1.95394456224,map_000000119.png
3.6121012967,3.04140496763,2.36507777527,0.349987993312,-0.00289818411656,-0.000491332262754,-5.41672957905,6.98550063846,-1.95394456224,map_000000120.png
3.58734843853,3.06612472744,2.36503885105,0.349986056043,-0.00312338108447,-0.000990723259747,-5.41672957905,6.98550063846,-1.95394456224,map_000000121.png
3.58734843853,3.06612472744,2.36503885105,0.349983031515,-0.0034456617831,-0.00193873140961,-5.41672957905,6.98550063846,-1.95394456224,map_000000122.png
3.56161232166,3.09184761082,2.36496503141,0.349983602951,-0.0033871225603,-0.00194383878261,-5.41672957905,6.98550063846,-1.95394456224,map_000000123.png
3.53688659018,3.11659448869,2.3648415496,0.349977741267,-0.00394658728833,-0.0035734558478,-5.41672957905,6.98550063846,-1.95394456224,map_000000124.png
3.4874701429,3.16613417687,2.36445971887,0.349977741267,-0.00394658728833,-0.0035734558478,-5.41672957905,6.98550063846,-1.95394456224,map_000000125.png
3.4874701429,3.16613417687,2.36445971887,0.349977741267,-0.00394658728833,-0.0035734558478,-5.41672957905,6.98550063846,-1.95394456224,map_000000126.png
3.46182702485,3.19192280763,2.36411998246,0.349977997886,-0.00392376466579,-0.00329312868416,-5.41672957905,6.98550063846,-1.95394456224,map_000000127.png
3.43716093513,3.21675601754,2.36378724888,0.349978602545,-0.00386945655884,-0.00329868402332,-5.41672957905,6.98550063846,-1.95394456224,map_000000128.png
3.41251411771,3.2415814624,2.36346320826,0.349967514513,-0.00476798899236,-0.00608275551349,-5.41672957905,6.98550063846,-1.95394456224,map_000000129.png
3.38789639227,3.26641977836,2.36307313811,0.349934839947,-0.00675297895945,-0.0117395017296,-5.41672957905,6.98550063846,-1.95394456224,map_000000130.png
3.36234760297,3.29234444288,2.36240654235,0.349852203718,-0.0101700780373,-0.0235434770584,-5.41672957905,6.98550063846,-1.95394456224,map_000000131.png
3.33795115558,3.31739993451,2.36125225434,0.349852203718,-0.0101700780373,-0.0235434770584,-5.41672957905,6.98550063846,-1.95394456224,map_000000132.png
3.31378313716,3.34271668324,2.35907526824,0.349837555466,-0.0106620691852,-0.0225558765233,-5.41672957905,6.98550063846,-1.95394456224,map_000000133.png
3.2897360264,3.36812978349,2.35682493404,0.349601793266,-0.0166907482961,-0.0441710725427,-5.41672957905,6.98550063846,-1.95394456224,map_000000134.png
3.26593296851,3.39376843842,2.35375517683,0.349677096892,-0.0150307299371,-0.0330502875149,-5.41672957905,6.98550063846,-1.95394456224,map_000000135.png
3.24152108778,3.42074660223,2.34954099606,0.349677000389,-0.0150329748433,-0.0330657325685,-5.41672957905,6.98550063846,-1.95394456224,map_000000136.png
3.21806772911,3.44668670763,2.34628807034,0.348957105384,0.0269987691445,0.116769209504,-5.41672957905,6.98550063846,-1.95394456224,map_000000137.png
3.19467932312,3.47272287915,2.34303364161,0.348957105384,0.0269987691445,0.116769209504,-5.41672957905,6.98550063846,-1.95394456224,map_000000138.png
3.16885405812,3.4962662619,2.35216727808,0.348138333993,0.036051287606,0.121683105826,-5.41672957905,6.98550063846,-1.95394456224,map_000000139.png
3.1408725711,3.51950078871,2.36443274426,0.323700491256,0.10400959933,0.316620618105,-5.41672957905,6.98550063846,-1.95394456224,map_000000140.png
3.1122194522,3.53837285777,2.38483274372,0.292626667103,0.15254390937,0.492887377739,-5.41672957905,6.98550063846,-1.95394456224,map_000000141.png
3.08135356434,3.55143113438,2.42012865982,0.289583005732,0.152273386584,0.493047207594,-5.41672957905,6.98550063846,-1.95394456224,map_000000142.png
3.04944500861,3.55891429432,2.46859710023,0.27435913836,0.170866531502,0.55372095108,-5.41672957905,6.98550063846,-1.95394456224,map_000000143.png
3.01617853471,3.56486773071,2.51902506333,0.27435913836,0.170866531502,0.55372095108,-5.41672957905,6.98550063846,-1.95394456224,map_000000144.png
2.98417668146,3.56688324719,2.57275343449,0.283038659463,0.163127261862,0.500957071781,-5.41672957905,6.98550063846,-1.95394456224,map_000000145.png
2.95189497232,3.56756616171,2.62388979981,0.317642120991,0.112152418367,0.345825940371,-5.41672957905,6.98550063846,-1.95394456224,map_000000146.png
2.91917436692,3.56949026437,2.66704049241,0.334595580448,0.0637967357674,0.288465052843,-5.41672957905,6.98550063846,-1.95394456224,map_000000147.png
2.88467434214,3.57513775017,2.70105323734,0.334593644513,0.0638068883591,0.288556426764,-5.41672957905,6.98550063846,-1.95394456224,map_000000148.png
2.8517117539,3.58341917577,2.72942249189,0.325157729451,0.0679572996425,0.41754052043,-5.41672957905,6.98550063846,-1.95394456224,map_000000149.png
2.81850536992,3.59078274719,2.75779429604,0.325157729451,0.0679572996425,0.41754052043,-5.41672957905,6.98550063846,-1.95394456224,map_000000150.png
2.78574414885,3.59653727596,2.79682116264,0.328826419207,0.0638586250486,0.375241070986,-5.41672957905,6.98550063846,-1.95394456224,map_000000151.png
2.75143051832,3.60134478229,2.83669140718,0.318651597397,0.0862253103794,0.449553638697,-5.41672957905,6.98550063846,-1.95394456224,map_000000152.png
2.71837123606,3.60381306792,2.87680303123,0.321898275676,0.0877456897104,0.3957644701,-5.41672957905,6.98550063846,-1.95394456224,map_000000153.png
2.68539946462,3.60351665722,2.91973728405,0.321885805955,0.0877914225336,0.395891368389,-5.41672957905,6.98550063846,-1.95394456224,map_000000154.png
2.65219271497,3.60177744904,2.95865517763,0.324120849451,0.0857884317251,0.370992451906,-5.41672957905,6.98550063846,-1.95394456224,map_000000155.png
2.61775741712,3.59861001985,2.99913534755,0.324120849451,0.0857884317251,0.370992451906,-5.41672957905,6.98550063846,-1.95394456224,map_000000156.png
2.5846201046,3.59443537303,3.03600920339,0.337116802403,0.0580102959345,0.267506599426,-5.41672957905,6.98550063846,-1.95394456224,map_000000157.png
2.55093109677,3.59094227314,3.0659724783,0.348026011631,0.0204317930881,0.167504742742,-5.41672957905,6.98550063846,-1.95394456224,map_000000158.png
2.51657179982,3.58918290329,3.08795489224,0.348037224348,0.0202398964556,0.167555376887,-5.41672957905,6.98550063846,-1.95394456224,map_000000159.png
2.48032603263,3.58887967171,3.1050827013,0.349902726659,-0.00825086723971,0.0927237272263,-5.41672957905,6.98550063846,-1.95394456224,map_000000160.png
2.44548968498,3.58812499642,3.12126298304,0.34989479285,-0.00858072667616,0.0927493944764,-5.41672957905,6.98550063846,-1.95394456224,map_000000161.png
2.41053099934,3.58959329825,3.13038353249,0.34989479285,-0.00858072667616,0.0927493944764,-5.41672957905,6.98550063846,-1.95394456224,map_000000162.png
2.37556119957,3.59077401984,3.13950294163,0.34926983545,-0.0225959504798,0.0454852692783,-5.41672957905,6.98550063846,-1.95394456224,map_000000163.png
2.34061113895,3.59252908481,-3.1375313847,0.34922779636,-0.0232366345088,0.0318143442273,-5.41672957905,6.98550063846,-1.95394456224,map_000000164.png
2.30429773354,3.59473274135,-3.13352808454,0.34916018751,-0.0242313514248,0.0188411660492,-5.41672957905,6.98550063846,-1.95394456224,map_000000165.png
2.26936894419,3.5967740514,-3.13070442833,0.349244082576,-0.0229905571775,0.0103303454816,-5.41672957905,6.98550063846,-1.95394456224,map_000000166.png
2.23444071047,3.59879745357,-3.12888374984,0.349416518645,-0.0202012730205,0.00432357192039,-5.41672957905,6.98550063846,-1.95394456224,map_000000167.png
2.1995034056,3.60064429769,-3.12786586298,0.349416518645,-0.0202012730205,0.00432357192039,-5.41672957905,6.98550063846,-1.95394456224,map_000000168.png
2.16315578798,3.6022951719,-3.127305144,0.349750888276,-0.0132026922963,0.000119253993034,-5.41672957905,6.98550063846,-1.95394456224,map_000000169.png
2.12819840515,3.60335454303,-3.12713959037,0.34988267712,-0.00906130149447,0.00173253752291,-5.41672957905,6.98550063846,-1.95394456224,map_000000170.png
2.09320773126,3.60399859476,-3.12706400603,0.349953897162,-0.00568021080352,0.000886776484549,-5.41672957905,6.98550063846,-1.95394456224,map_000000171.png
2.05822667789,3.6043252328,-3.12690931041,0.349995364252,-0.00179998223759,0.00638985913247,-5.41672957905,6.98550063846,-1.95394456224,map_000000172.png
2.02184016999,3.60436728587,-3.12679796789,0.349972789179,0.00436368740882,0.016622453928,-5.41672957905,6.98550063846,-1.95394456224,map_000000173.png
1.98685895198,3.60402316903,-3.12616879249,0.349972789179,0.00436368740882,0.016622453928,-5.41672957905,6.98550063846,-1.95394456224,map_000000174.png
1.95187581381,3.60312836895,-3.12468925071,0.349989168882,0.00275256229863,0.00593574345112,-5.41672957905,6.98550063846,-1.95394456224,map_000000175.png
1.91691038944,3.60219719898,-3.1236898411,0.34999831168,0.0010847833738,-0.0007065217942,-5.41672957905,6.98550063846,-1.95394456224,map_000000176.png
1.88054833816,3.60131582843,-3.1233643266,0.349999027802,-0.000821870691588,-0.00293132662773,-5.41672957905,6.98550063846,-1.95394456224,map_000000177.png
1.84555854197,3.60061996867,-3.12348350036,0.349982431749,-0.00350605199108,-0.00751584582031,-5.41672957905,6.98550063846,-1.95394456224,map_000000178.png
1.81058010359,3.60006863717,-3.12377086742,0.349929319013,-0.00703325166246,-0.0103982705623,-5.41672957905,6.98550063846,-1.95394456224,map_000000179.png
1.77560584987,3.59979109181,-3.12450486896,0.349929319013,-0.00703325166246,-0.0103982705623,-5.41672957905,6.98550063846,-1.95394456224,map_000000180.png
1.73921228034,3.59983275612,-3.12550512818,0.349909158029,-0.0079734597729,-0.00997593253851,-5.41672957905,6.98550063846,-1.95394456224,map_000000181.png
1.70423775679,3.60002695327,-3.12649776402,0.349900354429,-0.00835086246333,-0.00936414860189,-5.41672957905,6.98550063846,-1.95394456224,map_000000182.png
1.66924214067,3.60033009882,-3.12746063333,0.349909434946,-0.00796129820503,-0.00813175737858,-5.41672957905,6.98550063846,-1.95394456224,map_000000183.png
1.63426133685,3.60066890564,-3.12836107251,0.3499432452,-0.00630238625755,-0.00536839477718,-5.41672957905,6.98550063846,-1.95394456224,map_000000184.png
1.59787645854,3.60102371493,-3.12919358701,0.349959358883,-0.0053331101568,-0.00417255423963,-5.41672957905,6.98550063846,-1.95394456224,map_000000185.png
1.56289443239,3.60122162891,-3.12972051993,0.349959358883,-0.0053331101568,-0.00417255423963,-5.41672957905,6.98550063846,-1.95394456224,map_000000186.png
1.52791949736,3.60135631541,-3.13015407827,0.349972545398,-0.0043831953264,-0.00321328639984,-5.41672957905,6.98550063846,-1.95394456224,map_000000187.png
1.49292266174,3.60145093584,-3.13051750735,0.349979456009,-0.00379147796284,-0.00242918729782,-5.41672957905,6.98550063846,-1.95394456224,map_000000188.png
1.45793995925,3.60148067063,-3.13080480662,0.349982180422,-0.00353105090225,-0.00245829857886,-5.41672957905,6.98550063846,-1.95394456224,map_000000189.png
1.42155329695,3.60148096012,-3.13105465836,0.349982312166,-0.00351796878408,-0.00301703996956,-5.41672957905,6.98550063846,-1.95394456224,map_000000190.png
1.38657055369,3.60146496805,-3.13129541449,0.349972647677,-0.00437502131808,-0.00581206195056,-5.41672957905,6.98550063846,-1.95394456224,map_000000191.png
1.35159527153,3.60144864104,-3.13158502052,0.349972647677,-0.00437502131808,-0.00581206195056,-5.41672957905,6.98550063846,-1.95394456224,map_000000192.png
1.31659836877,3.60152998882,-3.13209647359,0.349946728517,-0.00610590975759,-0.0116293113679,-5.41672957905,6.98550063846,-1.95394456224,map_000000193.png
1.2802268123,3.6017360516,-3.13302809912,0.34993845854,-0.00656278663457,-0.0112039931118,-5.41672957905,6.98550063846,-1.95394456224,map_000000194.png
1.24523158597,3.60208527666,-3.13416085506,0.349857901334,-0.00997215160947,-0.0220289696008,-5.41672957905,6.98550063846,-1.95394456224,map_000000195.png
1.21026192098,3.60253066939,-3.13542696593,0.349015544564,-0.0262325101027,-0.0793224275112,-5.41672957905,6.98550063846,-1.95394456224,map_000000196.png
1.17527604885,3.60333717964,-3.13759814421,0.349015544564,-0.0262325101027,-0.0793224275112,-5.41672957905,6.98550063846,-1.95394456224,map_000000197.png
1.13893252521,3.60482336799,3.14130602329,0.348810970867,-0.0288253627229,-0.0774549096823,-5.41672957905,6.98550063846,-1.95394456224,map_000000198.png
1.10408116856,3.60769859783,3.13364998623,0.344566946672,-0.0490086022831,-0.145378500223,-5.41672957905,6.98550063846,-1.95394456224,map_000000199.png
1.06949612009,3.61204474712,3.12228844794,0.330102156917,-0.0815918636446,-0.267582654953,-5.41672957905,6.98550063846,-1.95394456224,map_000000200.png
1.03575701369,3.6188357219,3.10367010657,0.329592604987,-0.0866333662472,-0.256192952394,-5.41672957905,6.98550063846,-1.95394456224,map_000000201.png
1.00190947406,3.62889107631,3.07647825286,0.245960771551,-0.205933019166,-0.791618108749,-5.41672957905,6.98550063846,-1.95394456224,map_000000202.png
0.969710309365,3.63982062087,3.05128790091,0.245960771551,-0.205933019166,-0.791618108749,-5.41672957905,6.98550063846,-1.95394456224,map_000000203.png
0.937804903573,3.65155461227,3.02609847337,0.228959830695,-0.210158856911,-0.751099169254,-5.41672957905,6.98550063846,-1.95394456224,map_000000204.png
0.917394023917,3.67457049105,2.95338622697,0.1879839943,-0.234809731844,-0.871200621128,-5.41672957905,6.98550063846,-1.95394456224,map_000000205.png
0.901673285152,3.7012767416,2.86948395861,0.176568750655,-0.246288114133,-0.833711802959,-5.41672957905,6.98550063846,-1.95394456224,map_000000206.png
0.891302353951,3.72887032239,2.78514293136,0.231225960796,-0.211649513411,-0.675071895123,-5.41672957905,6.98550063846,-1.95394456224,map_000000207.png
0.883203342014,3.75754786951,2.70565196056,0.271639811703,-0.172438222075,-0.548789978027,-5.41672957905,6.98550063846,-1.95394456224,map_000000208.png
0.871818530278,3.7862682494,2.63927679466,0.271639811703,-0.172438222075,-0.548789978027,-5.41672957905,6.98550063846,-1.95394456224,map_000000209.png
0.856682725618,3.8156606757,2.58215842533,0.299382831199,-0.131638141274,-0.468110144138,-5.41672957905,6.98550063846,-1.95394456224,map_000000210.png
0.839981500358,3.84330210401,2.53389657988,0.321622807583,-0.0884549600804,-0.368707895279,-5.41672957905,6.98550063846,-1.95394456224,map_000000211.png
0.820828600457,3.87001129588,2.49334554256,0.333572287043,-0.0536820234254,-0.30317658186,-5.41672957905,6.98550063846,-1.95394456224,map_000000212.png
0.799799894348,3.89593250217,2.45914870488,0.346562882257,0.00413437890004,-0.170143932104,-5.41672957905,6.98550063846,-1.95394456224,map_000000213.png
0.776918200604,3.92080399465,2.43091039528,0.348587802271,0.0215302806955,-0.129512995481,-5.41672957905,6.98550063846,-1.95394456224,map_000000214.png
0.749415393042,3.94408653239,2.41350947853,0.348587802271,0.0215302806955,-0.129512995481,-5.41672957905,6.98550063846,-1.95394456224,map_000000215.png
0.722087075859,3.96578467811,2.40061400179,0.348195688305,0.0354930638187,-0.0872029662132,-5.41672957905,6.98550063846,-1.95394456224,map_000000216.png
0.694310561005,3.98703161113,2.39087316773,0.348109661198,0.0363271071513,-0.0872362852097,-5.41672957905,6.98550063846,-1.95394456224,map_000000217.png
0.666449707437,4.00820959505,2.38229602568,0.348438615986,0.0330231104443,-0.0474794730544,-5.41672957905,6.98550063846,-1.95394456224,map_000000218.png
0.637714942344,4.03054316592,2.37478079078,0.349330858636,0.0216320627358,-0.0230642240494,-5.41672957905,6.98550063846,-1.95394456224,map_000000219.png
0.610439806983,4.05247863658,2.37039743871,0.349663207187,0.015350455154,-0.0134172532707,-5.41672957905,6.98550063846,-1.95394456224,map_000000220.png
0.583912498691,4.07526986803,2.36812714254,0.349663207187,0.015350455154,-0.0134172532707,-5.41672957905,6.98550063846,-1.95394456224,map_000000221.png
0.557796423966,4.09857121184,2.36672905586,0.349864690616,0.00973104279151,-0.00685091130435,-5.41672957905,6.98550063846,-1.95394456224,map_000000222.png
0.531000961829,4.12318518129,2.3658447699,0.349858333689,0.00995697152148,-0.00685740541667,-5.41672957905,6.98550063846,-1.95394456224,map_000000223.png
0.505357540769,4.14696475647,2.36516819441,0.349999394302,-0.000647241822053,-0.00135555770248,-5.41672957905,6.98550063846,-1.95394456224,map_000000224.png
0.479938910279,4.17101974275,2.36466406779,0.349999521714,-0.000574224151709,-0.00136021524668,-5.41672957905,6.98550063846,-1.95394456224,map_000000225.png
0.45504682772,4.19558441799,2.36452798384,0.349988169888,-0.00287678157235,-0.000350008718669,-5.41672957905,6.98550063846,-1.95394456224,map_000000226.png
0.429147662939,4.22114078673,2.3643858698,0.349988169888,-0.00287678157235,-0.000350008718669,-5.41672957905,6.98550063846,-1.95394456224,map_000000227.png
0.429147662939,4.22114078673,2.3643858698,0.349963796454,-0.00503349826578,0.000364947132766,-5.41672957905,6.98550063846,-1.95394456224,map_000000228.png
0.404393477949,4.24588385953,2.36434442756,0.349963951581,-0.00502270118525,0.000360867939889,-5.41672957905,6.98550063846,-1.95394456224,map_000000229.png
0.379776495165,4.27072402672,2.36435785212,0.349957422571,-0.00545869227114,0.000501471571624,-5.41672957905,6.98550063846,-1.95394456224,map_000000230.png
0.355181588029,4.29562548085,2.36439039253,0.349957422571,-0.00545869227114,0.000501471571624,-5.41672957905,6.98550063846,-1.95394456224,map_000000231.png
0.32962184433,4.3215213167,2.36442872882,0.349968230656,-0.00471513148608,0.000358258374035,-5.41672957905,6.98550063846,-1.95394456224,map_000000232.png
0.305069257238,4.34642532186,2.36447360179,0.349968230656,-0.00471513148608,0.000358258374035,-5.41672957905,6.98550063846,-1.95394456224,map_000000233.png
0.280450244424,4.37130294456,2.36450610429,0.349979772791,-0.00376212313867,0.000195038504899,-5.41672957905,6.98550063846,-1.95394456224,map_000000234.png
0.255849270495,4.39615915887,2.36453863764,0.349979772791,-0.00376212313867,0.000195038504899,-5.41672957905,6.98550063846,-1.95394456224,map_000000235.png
0.230201655163,4.42196793075,2.36456004904,0.34998005527,-0.00373575254348,0.000190910883248,-5.41672957905,6.98550063846,-1.95394456224,map_000000236.png
0.205510910177,4.44677435681,2.364575875,0.349989161871,-0.00275345354839,2.61245295405e-05,-5.41672957905,6.98550063846,-1.95394456224,map_000000237.png
0.180816426037,4.47153762602,2.36458674052,0.349989461351,-0.00271512007832,2.19456851482e-05,-5.41672957905,6.98550063846,-1.95394456224,map_000000238.png
0.156054461725,4.49627296177,2.36458620939,0.34999093289,-0.0025182986669,-5.97350299358e-06,-5.41672957905,6.98550063846,-1.95394456224,map_000000239.png
0.131309859997,4.52098619342,2.36458561216,0.34999093289,-0.0025182986669,-5.97350299358e-06,-5.41672957905,6.98550063846,-1.95394456224,map_000000240.png
0.105551901834,4.54668487705,2.36458218886,0.349991864789,-0.00238527044346,-3.11089679599e-05,-5.41672957905,6.98550063846,-1.95394456224,map_000000241.png
0.0807670277661,4.57139725324,2.36457678016,0.349991298913,-0.00246690471139,-3.51723283529e-05,-5.41672957905,6.98550063846,-1.95394456224,map_000000242.png
0.0560026244425,4.59609063881,2.36457074003,0.349990861574,-0.00252819066121,-3.23262065649e-05,-5.41672957905,6.98550063846,-1.95394456224,map_000000243.png
0.0312227344561,4.62080801393,2.36456427474,0.349991135824,-0.00248993544587,-3.65162268281e-05,-5.41672957905,6.98550063846,-1.95394456224,map_000000244.png
0.00546452038627,4.64650644274,2.36455792795,0.349990065154,-0.0026361387227,-2.2305175662e-05,-5.41672957905,6.98550063846,-1.95394456224,map_000000245.png
-0.0192952548169,4.67120447124,2.3645515843,0.349990065154,-0.0026361387227,-2.2305175662e-05,-5.41672957905,6.98550063846,-1.95394456224,map_000000246.png
-0.0440646987185,4.69593231543,2.36454622088,0.34999033368,-0.00260024304841,-2.64896079898e-05,-5.41672957905,6.98550063846,-1.95394456224,map_000000247.png
-0.0688157947031,4.72063904131,2.36454100294,0.349989158275,-0.00275391057524,-8.13230872154e-06,-5.41672957905,6.98550063846,-1.95394456224,map_000000248.png
-0.0945616065686,4.74634989172,2.36453629344,0.349989416479,-0.00272089805771,-1.23083591461e-05,-5.41672957905,6.98550063846,-1.95394456224,map_000000249.png
-0.119322788551,4.7710860072,2.36453223637,0.349988819173,-0.00279667442357,-1.95205211639e-06,-5.41672957905,6.98550063846,-1.95394456224,map_000000250.png
-0.144064772649,4.79580185743,2.36452846995,0.349989070334,-0.00276506423523,-6.12251460552e-06,-5.41672957905,6.98550063846,-1.95394456224,map_000000251.png
-0.168821902564,4.8205420294,2.36452522673,0.349989070334,-0.00276506423523,-6.12251460552e-06,-5.41672957905,6.98550063846,-1.95394456224,map_000000252.png
-0.194561205517,4.84625939616,2.36452153765,0.349988767655,-0.00280311418153,1.44261866808e-06,-5.41672957905,6.98550063846,-1.95394456224,map_000000253.png
-0.219298622218,4.87097981638,2.36451878641,0.349988838372,-0.00279427064692,3.50456684828e-06,-5.41672957905,6.98550063846,-1.95394456224,map_000000254.png
-0.244055409932,4.89572033161,2.36451599053,0.349988893733,-0.00278732791201,3.46824526787e-06,-5.41672957905,6.98550063846,-1.95394456224,map_000000255.png
-0.268792831032,4.92044075099,2.36451357756,0.349989129142,-0.00275761057147,-6.92903995514e-07,-5.41672957905,6.98550063846,-1.95394456224,map_000000256.png
-0.294530626327,4.94615962978,2.36451083187,0.349989189585,-0.00274992859067,-6.62170350552e-07,-5.41672957905,6.98550063846,-1.95394456224,map_000000257.png
-0.319290078474,4.97089747584,2.36450771851,0.349989189585,-0.00274992859067,-6.62170350552e-07,-5.41672957905,6.98550063846,-1.95394456224,map_000000258.png
-0.344030244569,4.99561514452,2.36450489168,0.349989238507,-0.0027436951436,-1.20233744383e-06,-5.41672957905,6.98550063846,-1.95394456224,map_000000259.png
-0.368790428076,5.02035225987,2.364501671,0.349989259412,-0.00274102709328,-7.31088221073e-07,-5.41672957905,6.98550063846,-1.95394456224,map_000000260.png
-0.394530901961,5.0460684567,2.36449860334,0.349988992217,-0.00277493436757,4.18350100517e-06,-5.41672957905,6.98550063846,-1.95394456224,map_000000261.png
-0.419270536738,5.07078665958,2.36449596835,0.349989210018,-0.00274732686504,3.07336449623e-08,-5.41672957905,6.98550063846,-1.95394456224,map_000000262.png
-0.444028714831,5.09552578324,2.36449320718,0.349988933243,-0.00278236249289,4.43123281002e-06,-5.41672957905,6.98550063846,-1.95394456224,map_000000263.png
-0.468768731073,5.12024360256,2.3644904879,0.349988933243,-0.00278236249289,4.43123281002e-06,-5.41672957905,6.98550063846,-1.95394456224,map_000000264.png
-0.494506060193,5.14596294689,2.36448791125,0.349989145268,-0.00275556312549,2.80328094959e-07,-5.41672957905,6.98550063846,-1.95394456224,map_000000265.png
-0.519264715867,5.17070159247,2.36448490508,0.349989117319,-0.00275911067468,2.02096998692e-07,-5.41672957905,6.98550063846,-1.95394456224,map_000000266.png
-0.544003794832,5.19542035104,2.3644822139,0.349989129363,-0.00275758246304,-8.19563865662e-08,-5.41672957905,6.98550063846,-1.95394456224,map_000000267.png
-0.568762473135,5.22015897274,2.36447917315,0.349989117667,-0.00275906659859,2.80328094959e-07,-5.41672957905,6.98550063846,-1.95394456224,map_000000268.png
-0.593501399316,5.24487788236,2.36447641391,0.349989098746,-0.00276146561457,1.72294676304e-07,-5.41672957905,6.98550063846,-1.95394456224,map_000000269.png
-0.619239977304,5.27059597676,2.36447340538,0.349989059904,-0.00276638418001,5.85801899433e-07,-5.41672957905,6.98550063846,-1.95394456224,map_000000270.png
-0.643998232244,5.29533502129,2.36447037996,0.349989059904,-0.00276638418001,5.85801899433e-07,-5.41672957905,6.98550063846,-1.95394456224,map_000000271.png
-0.668736406281,5.32005468449,2.36446766428,0.349989031592,-0.00276996371258,9.58330929279e-07,-5.41672957905,6.98550063846,-1.95394456224,map_000000272.png
-0.693494031657,5.3447943606,2.36446463567,0.349989014638,-0.00277210500824,1.35693699121e-06,-5.41672957905,6.98550063846,-1.95394456224,map_000000273.png
-0.719231449593,5.37051361567,2.36446177071,0.349989001989,-0.00277370152172,1.29267573357e-06,-5.41672957905,6.98550063846,-1.95394456224,map_000000274.png
-0.743968915196,5.39523398993,2.36445914597,0.349988993872,-0.00277472554161,1.6987323761e-06,-5.41672957905,6.98550063846,-1.95394456224,map_000000275.png
-0.768725955456,5.41997425117,2.36445615797,0.349988975735,-0.00277701237203,1.66427344084e-06,-5.41672957905,6.98550063846,-1.95394456224,map_000000276.png
-0.793463120554,5.44469492523,2.36445360984,0.349988975735,-0.00277701237203,1.66427344084e-06,-5.41672957905,6.98550063846,-1.95394456224,map_000000277.png
-0.819199831961,5.47041488647,2.36445076577,0.349988973228,-0.00277732827435,2.01351940632e-06,-5.41672957905,6.98550063846,-1.95394456224,map_000000278.png
-0.843956417242,5.49515560275,2.3644478431,0.349988970333,-0.00277769311865,1.70525163412e-06,-5.41672957905,6.98550063846,-1.95394456224,map_000000279.png
-0.868693182243,5.51987667631,2.36444530545,0.349988963019,-0.00277861444452,1.84215605259e-06,-5.41672957905,6.98550063846,-1.95394456224,map_000000280.png
-0.893449585218,5.54461757568,2.36444243386,0.3499889634,-0.00277856648865,2.09733843803e-06,-5.41672957905,6.98550063846,-1.95394456224,map_000000281.png
-0.919185857637,5.57033797751,2.36443953671,0.349988959899,-0.0027790074143,8.85687768459e-07,-5.41672957905,6.98550063846,-1.95394456224,map_000000282.png
-0.94392234021,5.59505933446,2.36443702778,0.349988959899,-0.0027790074143,8.85687768459e-07,-5.41672957905,6.98550063846,-1.95394456224,map_000000283.png
-0.96867846552,5.61980051345,2.36443408836,0.349988943239,-0.0027811048255,-3.54275107384e-06,-5.41672957905,6.98550063846,-1.95394456224,map_000000284.png
-0.993414691107,5.64452212651,2.36443115656,0.349988939862,-0.00278152972294,-3.90317291021e-06,-5.41672957905,6.98550063846,-1.95394456224,map_000000285.png
-1.01915046922,5.670243022,2.36442774095,0.349988898493,-0.00278673024014,-2.18562781811e-05,-5.41672957905,6.98550063846,-1.95394456224,map_000000286.png
-1.04390610471,5.69498468924,2.36442396192,0.349988891002,-0.00278767080007,-2.1587125957e-05,-5.41672957905,6.98550063846,-1.95394456224,map_000000287.png
-1.06864161269,5.71970702211,2.36441904949,0.349988741831,-0.00280633666381,-7.23507255316e-05,-5.41672957905,6.98550063846,-1.95394456224,map_000000288.png
-1.09339666724,5.74444926933,2.36441381526,0.349988741831,-0.00280633666381,-7.23507255316e-05,-5.41672957905,6.98550063846,-1.95394456224,map_000000289.png
-1.1191304025,5.77017220653,2.36440443581,0.349988447591,-0.00284279553354,-0.000198582187295,-5.41672957905,6.98550063846,-1.95394456224,map_000000290.png
-1.14386246871,5.79489798046,2.36438711544,0.349988388019,-0.00285012030583,-0.000194911845028,-5.41672957905,6.98550063846,-1.95394456224,map_000000291.png
-1.16861253734,5.8196452169,2.36436461792,0.349987738362,-0.00292881029551,-0.000462183728814,-5.41672957905,6.98550063846,-1.95394456224,map_000000292.png
-1.19334114322,5.8443744522,2.36433853018,0.349986400709,-0.00308451814561,-0.000956005416811,-5.41672957905,6.98550063846,-1.95394456224,map_000000293.png
-1.2180840026,5.86912889316,2.36429003176,0.349986400709,-0.00308451814561,-0.000956005416811,-5.41672957905,6.98550063846,-1.95394456224,map_000000294.png
-1.24380201326,5.89486754826,2.36422609746,0.349986214099,-0.00310561978701,-0.000921301543713,-5.41672957905,6.98550063846,-1.95394456224,map_000000295.png
-1.26850991055,5.91961746638,2.3641320959,0.349983666209,-0.00338057986588,-0.00188293680549,-5.41672957905,6.98550063846,-1.95394456224,map_000000296.png
-1.2932232329,5.94440137878,2.36398172093,0.349983346853,-0.00341348194732,-0.00179176963866,-5.41672957905,6.98550063846,-1.95394456224,map_000000297.png
-1.31790398754,5.96917835056,2.3637970231,0.34997803896,-0.00392009936093,-0.00357557367533,-5.41672957905,6.98550063846,-1.95394456224,map_000000298.png
-1.34356886487,5.99496995621,2.36357566008,0.349966085868,-0.00487172204209,-0.00665117427707,-5.41672957905,6.98550063846,-1.95394456224,map_000000299.png
-1.36822101222,6.01981469065,2.36322101521,0.349966085868,-0.00487172204209,-0.00665117427707,-5.41672957905,6.98550063846,-1.95394456224,map_000000300.png
-1.39284461984,6.04464842996,2.36286664335,0.349964686644,-0.00497122075666,-0.00632544700056,-5.41672957905,6.98550063846,-1.95394456224,map_000000301.png
-1.41740748235,6.06958136925,2.3622459495,0.349935642346,-0.00671127034744,-0.0124326106161,-5.41672957905,6.98550063846,-1.95394456224,map_000000302.png
-1.44285193235,6.09559010581,2.3612597814,0.349931028527,-0.006947676397,-0.0119092930108,-5.41672957905,6.98550063846,-1.95394456224,map_000000303.png
-1.46721667119,6.12067762713,2.36005295658,0.349850991672,-0.0102116873921,-0.0233605951071,-5.41672957905,6.98550063846,-1.95394456224,map_000000304.png
-1.49152352506,6.14585964264,2.35869861202,0.349609661321,-0.0165251216118,-0.0434020496905,-5.41672957905,6.98550063846,-1.95394456224,map_000000305.png
-1.51557131593,6.1712505888,2.3563986823,0.349609661321,-0.0165251216118,-0.0434020496905,-5.41672957905,6.98550063846,-1.95394456224,map_000000306.png
-1.5400743559,6.19814529065,2.35211468546,0.349578670873,-0.0171682207612,-0.0413890816271,-5.41672957905,6.98550063846,-1.95394456224,map_000000307.png
-1.56346142315,6.22418185097,2.34799419141,0.349652729792,-0.0155872859319,-0.0334262698889,-5.41672957905,6.98550063846,-1.95394456224,map_000000308.png
-1.58677663522,6.25024580208,2.34435980155,0.349760303676,-0.0129508650641,-0.0270154885948,-5.41672957905,6.98550063846,-1.95394456224,map_000000309.png
-1.61013545442,6.27630847052,2.34127162982,0.347895076642,0.0383276738346,0.123631872237,-5.41672957905,6.98550063846,-1.95394456224,map_000000310.png
-1.63503271129,6.30277243922,2.34087681803,0.324822860957,0.100449558445,0.332164913416,-5.41672957905,6.98550063846,-1.95394456224,map_000000311.png
-1.66204262781,6.32499214565,2.35303687483,0.324822860957,0.100449558445,0.332164913416,-5.41672957905,6.98550063846,-1.95394456224,map_000000312.png
-1.68931671464,6.34688456615,2.36519451543,0.29193341486,0.153866474171,0.527819573879,-5.41672957905,6.98550063846,-1.95394456224,map_000000313.png
-1.72031462218,6.35799708541,2.41090091508,0.28187961758,0.163793940265,0.509751319885,-5.41672957905,6.98550063846,-1.95394456224,map_000000314.png
-1.75337020812,6.36509720116,2.46387353239,0.258977321682,0.18999169131,0.583501160145,-5.41672957905,6.98550063846,-1.95394456224,map_000000315.png
-1.78528580454,6.36837368554,2.5166103476,0.29395700582,0.152741824606,0.429971635342,-5.41672957905,6.98550063846,-1.95394456224,map_000000316.png
-1.81718468091,6.36827377257,2.57217991608,0.31380442935,0.12135192541,0.351005405188,-5.41672957905,6.98550063846,-1.95394456224,map_000000317.png
-1.85000594125,6.3709306023,2.61446114707,0.31380442935,0.12135192541,0.351005405188,-5.41672957905,6.98550063846,-1.95394456224,map_000000318.png
-1.88312396935,6.37566364176,2.64959255676,0.318355661114,0.10494893094,0.370101392269,-5.41672957905,6.98550063846,-1.95394456224,map_000000319.png
-1.91748891601,6.38092410749,2.68691604941,0.325343149421,0.0858145960909,0.350946187973,-5.41672957905,6.98550063846,-1.95394456224,map_000000320.png
-1.95053522134,6.38625935353,2.72233248811,0.333721325099,0.0646249613715,0.298361569643,-5.41672957905,6.98550063846,-1.95394456224,map_000000321.png
-1.9836782788,6.39214527433,2.75518377093,0.326894600616,0.0729617464434,0.374649882317,-5.41672957905,6.98550063846,-1.95394456224,map_000000322.png
-2.01695836541,6.39840306919,2.7854265542,0.317107351667,0.0921448219733,0.446764916182,-5.41672957905,6.98550063846,-1.95394456224,map_000000323.png
-2.05140968011,6.40286232417,2.82373521613,0.317107351667,0.0921448219733,0.446764916182,-5.41672957905,6.98550063846,-1.95394456224,map_000000324.png
-2.08431677836,6.40390137135,2.86710114783,0.317128182955,0.092073102877,0.446909219027,-5.41672957905,6.98550063846,-1.95394456224,map_000000325.png
-2.11720560016,6.40335666961,2.91103601987,0.313246748476,0.104374912562,0.447749257088,-5.41672957905,6.98550063846,-1.95394456224,map_000000326.png
-2.14996244769,6.4006891053,2.95502380463,0.32151281456,0.0920764116306,0.382967710495,-5.41672957905,6.98550063846,-1.95394456224,map_000000327.png
-2.18399779357,6.3961718334,2.99877291523,0.336385537579,0.0604471882706,0.271061003208,-5.41672957905,6.98550063846,-1.95394456224,map_000000328.png
-2.21711010259,6.3917711832,3.03511380275,0.343152895566,0.0390367205633,0.216280296445,-5.41672957905,6.98550063846,-1.95394456224,map_000000329.png
-2.25114093088,6.38916243344,3.06176428047,0.343152895566,0.0390367205633,0.216280296445,-5.41672957905,6.98550063846,-1.95394456224,map_000000330.png
-2.28556579058,6.38766834104,3.08346551576,0.348044560311,0.0188521337936,0.16765229404,-5.41672957905,6.98550063846,-1.95394456224,map_000000331.png
-2.32168509749,6.38700301242,3.10213705278,0.348058459933,0.0185937457311,0.167703285813,-5.41672957905,6.98550063846,-1.95394456224,map_000000332.png
-2.32168509749,6.38700301242,3.10213705278,0.349707101001,-0.0143156712437,0.0720810815692,-5.41672957905,6.98550063846,-1.95394456224,map_000000333.png
-2.35651538143,6.38639179557,3.11862393827,0.349335299689,-0.0215602255297,0.0482735671103,-5.41672957905,6.98550063846,-1.95394456224,map_000000334.png
-2.39137330068,6.38625423665,3.13210581242,0.348957607405,-0.026992279776,0.0280618984252,-5.41672957905,6.98550063846,-1.95394456224,map_000000335.png
-2.42631904584,6.38802130684,3.13900727045,0.348957607405,-0.026992279776,0.0280618984252,-5.41672957905,6.98550063846,-1.95394456224,map_000000336.png
-2.46263596109,6.39031776198,-3.13923959825,0.348957607405,-0.026992279776,0.0280618984252,-5.41672957905,6.98550063846,-1.95394456224,map_000000337.png
-2.49753136863,6.39286787368,-3.13632006623,0.349197472135,-0.0236879798245,0.0110490052029,-5.41672957905,6.98550063846,-1.95394456224,map_000000338.png
-2.53243914702,6.39538050339,-3.13355409003,0.349197472135,-0.0236879798245,0.0110490052029,-5.41672957905,6.98550063846,-1.95394456224,map_000000339.png
-2.5673437479,6.39764892081,-3.13160124181,0.349630138159,-0.0160860630547,0.00265228189528,-5.41672957905,6.98550063846,-1.95394456224,map_000000340.png
-2.60368132246,6.3994950957,-3.1307338476,0.349621898666,-0.0162641601919,0.00264821294695,-5.41672957905,6.98550063846,-1.95394456224,map_000000341.png
-2.63864461023,6.40072300648,-3.13047322545,0.349773911248,-0.0125779944413,-0.000212172046304,-5.41672957905,6.98550063846,-1.95394456224,map_000000342.png
-2.67359818196,6.40194826019,-3.13020784921,0.349773911248,-0.0125779944413,-0.000212172046304,-5.41672957905,6.98550063846,-1.95394456224,map_000000343.png
-2.70858291686,6.40287746352,-3.13018965756,0.349876289283,-0.00930468328579,-0.00147429481149,-5.41672957905,6.98550063846,-1.95394456224,map_000000344.png
-2.74355957472,6.40351170867,-3.13029405469,0.349968490882,-0.00469577718653,-0.00223522540182,-5.41672957905,6.98550063846,-1.95394456224,map_000000345.png
-2.77994389727,6.40384983155,-3.13048160526,0.349988447419,-0.00284281673126,-0.00220812112093,-5.41672957905,6.98550063846,-1.95394456224,map_000000346.png
-2.8149265381,6.40387820666,-3.13069980758,0.349999193815,-0.000747838666004,-0.00165750272572,-5.41672957905,6.98550063846,-1.95394456224,map_000000347.png
-2.84990159964,6.40375625463,-3.13090760721,0.349999618577,-0.000511790276017,-0.00109643861651,-5.41672957905,6.98550063846,-1.95394456224,map_000000348.png
-2.88489733346,6.40347025674,-3.13107650868,0.349999618577,-0.000511790276017,-0.00109643861651,-5.41672957905,6.98550063846,-1.95394456224,map_000000349.png
-2.92126833035,6.4031338577,-3.13119149349,0.349999428274,-0.000628603036492,-0.000790044665337,-5.41672957905,6.98550063846,-1.95394456224,map_000000350.png
-2.95626400516,6.40284170182,-3.13128477226,0.349997622396,-0.00128811907913,0.000991049222648,-5.41672957905,6.98550063846,-1.95394456224,map_000000351.png
-2.99124577551,6.40257428258,-3.13127746179,0.349997686381,-0.00127061460216,0.000986446626484,-5.41672957905,6.98550063846,-1.95394456224,map_000000352.png
-3.02622027907,6.4023310711,-3.13117519486,0.349997519764,-0.00131570981771,0.00279939267784,-5.41672957905,6.98550063846,-1.95394456224,map_000000353.png
-3.06261362628,6.40209403462,-3.1310578678,0.349995961401,-0.00167986202102,0.00278443098068,-5.41672957905,6.98550063846,-1.95394456224,map_000000354.png
-3.09758808379,6.40184509727,-3.13077755684,0.349995961401,-0.00167986202102,0.00278443098068,-5.41672957905,6.98550063846,-1.95394456224,map_000000355.png
-3.13258440231,6.40164017262,-3.13050957202,0.349997938159,-0.00119925739061,0.00573660433292,-5.41672957905,6.98550063846,-1.95394456224,map_000000356.png
-3.16756632586,6.40138344983,-3.13003747101,0.349986939486,0.00302276745986,0.0210425388068,-5.41672957905,6.98550063846,-1.95394456224,map_000000357.png
-3.20394750504,6.40086452469,-3.12866786256,0.349986834879,0.00303485499698,0.021044626832,-5.41672957905,6.98550063846,-1.95394456224,map_000000358.png
-3.23892626633,6.40009491864,-3.12659775485,0.349996559552,-0.00155023719465,0.00203353818506,-5.41672957905,6.98550063846,-1.95394456224,map_000000359.png
-3.27391353432,6.39927813823,-3.12467257735,0.34998254921,-0.00349430704838,-0.00107587315142,-5.41672957905,6.98550063846,-1.95394456224,map_000000360.png
-3.30888882764,6.39885093436,-3.12447718423,0.34998254921,-0.00349430704838,-0.00107587315142,-5.41672957905,6.98550063846,-1.95394456224,map_000000361.png
-3.34526016479,6.39855633156,-3.12454460743,0.349942605375,-0.00633781328824,-0.00713893584907,-5.41672957905,6.98550063846,-1.95394456224,map_000000362.png
-3.38025690316,6.39852758638,-3.12508562422,0.349917101254,-0.00761690118649,-0.00937174726278,-5.41672957905,6.98550063846,-1.95394456224,map_000000363.png
-3.41523916407,6.39864777335,-3.12589204669,0.349900228116,-0.00835615329719,-0.0100031411275,-5.41672957905,6.98550063846,-1.95394456224,map_000000364.png
-3.45021348918,6.39887733678,-3.12682603698,0.349899293026,-0.00839521728976,-0.0100113926455,-5.41672957905,6.98550063846,-1.95394456224,map_000000365.png
-3.48660575664,6.3992270916,-3.12785402565,0.349899861725,-0.00837148127697,-0.0122152818367,-5.41672957905,6.98550063846,-1.95394456224,map_000000366.png
-3.52157898595,6.39958295814,-3.12883352854,0.349899861725,-0.00837148127697,-0.0122152818367,-5.41672957905,6.98550063846,-1.95394456224,map_000000367.png
-3.5565735283,6.39999384623,-3.13002322527,0.349917271649,-0.00760906930272,-0.0106912655756,-5.41672957905,6.98550063846,-1.95394456224,map_000000368.png
-3.59155379072,6.40037729862,-3.13111555392,0.349867341817,-0.00963525107595,-0.0219055451453,-5.41672957905,6.98550063846,-1.95394456224,map_000000369.png
-3.62793423921,6.40090885095,-3.13282642174,0.349866835376,-0.00965362302426,-0.0219177510589,-5.41672957905,6.98550063846,-1.95394456224,map_000000370.png
-3.66290353277,6.40157179461,-3.13497607135,0.349873171187,-0.00942120042496,-0.0202914625406,-5.41672957905,6.98550063846,-1.95394456224,map_000000371.png
-3.69789055688,6.40232798893,-3.13711710484,0.349748744974,-0.0132593485009,-0.0345442555845,-5.41672957905,6.98550063846,-1.95394456224,map_000000372.png
-3.7328572224,6.40311779399,-3.13910761027,0.349748744974,-0.0132593485009,-0.0345442555845,-5.41672957905,6.98550063846,-1.95394456224,map_000000373.png
-3.76782927609,6.40437383322,3.14073189459,0.349343003205,-0.0214350424538,-0.0587652698159,-5.41672957905,6.98550063846,-1.95394456224,map_000000374.png
-3.80415086131,6.40643775675,3.13538893621,0.347957088551,-0.0377605542968,-0.111752711236,-5.41672957905,6.98550063846,-1.95394456224,map_000000375.png
-3.83896182843,6.40974979466,3.12669247267,0.337794245287,-0.0648041942888,-0.208663597703,-5.41672957905,6.98550063846,-1.95394456224,map_000000376.png
-3.87327267796,6.41507387258,3.11227072855,0.329343105208,-0.0845108244069,-0.268924981356,-5.41672957905,6.98550063846,-1.95394456224,map_000000377.png
-3.90665480482,6.42289389767,3.09104262491,0.329084025185,-0.0888497157028,-0.255974769592,-5.41672957905,6.98550063846,-1.95394456224,map_000000378.png
-3.94028036739,6.43358046306,3.06354013538,0.342934356521,-0.0606664864125,-0.104723498225,-5.41672957905,6.98550063846,-1.95394456224,map_000000379.png
-3.97226486302,6.44515152327,3.03836649821,0.342934356521,-0.0606664864125,-0.104723498225,-5.41672957905,6.98550063846,-1.95394456224,map_000000380.png
-4.00534503719,6.45536869225,3.02509582102,0.347788262743,-0.0392851019022,-0.0635094046593,-5.41672957905,6.98550063846,-1.95394456224,map_000000381.png
-4.03909032544,6.46419685764,3.01723305398,0.349926136821,0.00718983329451,0.0629025697708,-5.41672957905,6.98550063846,-1.95394456224,map_000000382.png
-4.07476253424,6.47096644018,3.01571033282,0.347806985869,0.0391189917334,0.131317034364,-5.41672957905,6.98550063846,-1.95394456224,map_000000383.png
-4.10960275262,6.47398138081,3.02323867379,0.345336090286,0.0569471656851,0.143150240183,-5.41672957905,6.98550063846,-1.95394456224,map_000000384.png
-4.14457688981,6.47410735866,3.03615473693,0.338483843951,0.0810477346494,0.174938589334,-5.41672957905,6.98550063846,-1.95394456224,map_000000385.png
-4.17948037406,6.47205342748,3.05018366831,0.338483843951,0.0810477346494,0.174938589334,-5.41672957905,6.98550063846,-1.95394456224,map_000000386.png
-4.21534855436,6.46734421853,3.06732415674,0.340769288998,0.0768182522264,0.155618056655,-5.41672957905,6.98550063846,-1.95394456224,map_000000387.png
-4.24974829906,6.46190771403,3.08339177032,0.342952018327,0.0698849630391,0.142385482788,-5.41672957905,6.98550063846,-1.95394456224,map_000000388.png
-4.284232068,6.45637604964,3.09822200479,0.345526485303,0.055780309138,0.120905615389,-5.41672957905,6.98550063846,-1.95394456224,map_000000389.png
-4.31877776353,6.45101212881,3.11188436566,0.347757043491,0.0395605060134,0.0968396812677,-5.41672957905,6.98550063846,-1.95394456224,map_000000390.png
-4.35482413605,6.44618684506,3.12425117087,0.349891232831,0.00872468460729,0.0573347732425,-5.41672957905,6.98550063846,-1.95394456224,map_000000391.png
-4.38963380591,6.44276781791,3.13377504381,0.349891232831,0.00872468460729,0.0573347732425,-5.41672957905,6.98550063846,-1.95394456224,map_000000392.png
-4.42457558101,6.44149525568,3.140189984,0.349958811996,-0.0053688769636,0.0388217270374,-5.41672957905,6.98550063846,-1.95394456224,map_000000393.png
-4.45956653592,6.44141047972,-3.13837151645,0.349644151308,-0.0157785420743,0.0245440155268,-5.41672957905,6.98550063846,-1.95394456224,map_000000394.png
-4.49593167635,6.44224422555,-3.13496660235,0.349358219119,-0.0211856004799,0.0138130737469,-5.41672957905,6.98550063846,-1.95394456224,map_000000395.png
-4.53088962233,6.44367916861,-3.13276290397,0.349165085351,-0.0241606727039,-0.00109370425344,-5.41672957905,6.98550063846,-1.95394456224,map_000000396.png
-4.56583958373,6.44546929929,-3.13139807551,0.349163125418,-0.024188980594,-0.01023809053,-5.41672957905,6.98550063846,-1.95394456224,map_000000397.png
-4.60075754735,6.44752726256,-3.13145218754,0.349163125418,-0.024188980594,-0.01023809053,-5.41672957905,6.98550063846,-1.95394456224,map_000000398.png
-4.63567876627,6.44959120051,-3.13224226225,0.349129697795,-0.024666760049,-0.0233543030918,-5.41672957905,6.98550063846,-1.95394456224,map_000000399.png
-4.6719953359,6.45180085723,-3.13401164174,0.348991165168,-0.0265548784232,-0.0436966568232,-5.41672957905,6.98550063846,-1.95394456224,map_000000400.png
-4.70689502708,6.4540738982,-3.13702372346,0.349154040586,-0.0243197630741,-0.0425309464335,-5.41672957905,6.98550063846,-1.95394456224,map_000000401.png
-4.74179855847,6.45657364784,-3.14130728601,0.356923765507,-0.046961836387,-0.140828803182,-5.41672957905,6.98550063846,-1.95394456224,map_000000402.png
-4.77668630029,6.45901507848,3.13770034837,0.356923765507,-0.046961836387,-0.140828803182,-5.41672957905,6.98550063846,-1.95394456224,map_000000403.png
-4.81371169205,6.46406051923,3.12368421768,0.366444238628,-0.0484077870517,-0.134455218911,-5.41672957905,6.98550063846,-1.95394456224,map_000000404.png
-4.84999856426,6.46963284195,3.11030794009,0.350317222727,-0.0813018053244,-0.251414299011,-5.41672957905,6.98550063846,-1.95394456224,map_000000405.png
-4.88543706029,6.47752428128,3.09064341601,0.324779806635,-0.129451436238,-0.44666904211,-5.41672957905,6.98550063846,-1.95394456224,map_000000406.png
-4.91884033082,6.48922440693,3.0590113428,0.311983302254,-0.13421423842,-0.426758229733,-5.41672957905,6.98550063846,-1.95394456224,map_000000407.png
-4.95084799253,6.50574967453,3.0136456333,0.238410877558,-0.212890106333,-0.717337310314,-5.41672957905,6.98550063846,-1.95394456224,map_000000408.png
-4.97977159598,6.52323036309,2.97167776485,0.238410877558,-0.212890106333,-0.717337310314,-5.41672957905,6.98550063846,-1.95394456224,map_000000409.png
-4.99930819413,6.54794874142,2.90228598032,0.204626610897,-0.232373282176,-0.811861872673,-5.41672957905,6.98550063846,-1.95394456224,map_000000410.png
-5.01391906558,6.5748675688,2.82504627404,0.197087093835,-0.225684561346,-0.749185204506,-5.41672957905,6.98550063846,-1.95394456224,map_000000411.png
-5.02545773898,6.60367365137,2.74547974804,0.199275665709,-0.210174928112,-0.723124921322,-5.41672957905,6.98550063846,-1.95394456224,map_000000412.png
-5.03453575364,6.63131009298,2.67272805138,0.232383143282,-0.13673793879,-0.527708530426,-5.41672957905,6.98550063846,-1.95394456224,map_000000413.png
-5.04295474491,6.65819206598,2.60391669075,0.242995538557,-0.0914319432548,-0.418761044741,-5.41672957905,6.98550063846,-1.95394456224,map_000000414.png
-5.05558680939,6.68171448714,2.55203053875,0.245411529481,-0.0456864934581,-0.315687656403,-5.41672957905,6.98550063846,-1.95394456224,map_000000415.png
-5.0707960544,6.70389967084,2.50834907687,0.245411529481,-0.0456864934581,-0.315687656403,-5.41672957905,6.98550063846,-1.95394456224,map_000000416.png
-5.08705040605,6.72298022358,2.47487176329,0.238943883285,-0.0180924643978,-0.258473008871,-5.41672957905,6.98550063846,-1.95394456224,map_000000417.png
-5.10406451198,6.74043174038,2.44675972502,0.229575017652,0.00492605039475,-0.193041011691,-5.41672957905,6.98550063846,-1.95394456224,map_000000418.png
-5.12141525764,6.75647833605,2.42314459469,0.208008327453,0.0260071719947,-0.111632369459,-5.41672957905,6.98550063846,-1.95394456224,map_000000419.png
-5.13968015865,6.77148905114,2.40436226067,0.197258323406,0.0306664623611,-0.0762508288026,-5.41672957905,6.98550063846,-1.95394456224,map_000000420.png
-5.15682936726,6.78355510737,2.39338472617,0.197258323406,0.0306664623611,-0.0762508288026,-5.41672957905,6.98550063846,-1.95394456224,map_000000421.png
-5.1734040004,6.79480843992,2.38560836495,0.187182210642,0.0303568530567,-0.0538852289319,-5.41672957905,6.98550063846,-1.95394456224,map_000000422.png
-5.1893267759,6.80564031105,2.37969255856,0.177700009159,0.0262462445955,-0.037440802902,-5.41672957905,6.98550063846,-1.95394456224,map_000000423.png
-5.20448906767,6.81618361992,2.37516918763,0.168327694385,0.020961572902,-0.0257926508784,-5.41672957905,6.98550063846,-1.95394456224,map_000000424.png
-5.21936026622,6.82694666818,2.37170563955,0.149302066522,0.00986799175034,-0.0132297407836,-5.41672957905,6.98550063846,-1.95394456224,map_000000425.png
-5.23265675635,6.83710005447,2.3693163677,0.139538720186,0.00498722029509,-0.00804272387177,-5.41672957905,6.98550063846,-1.95394456224,map_000000426.png
-5.24402835095,6.84679537007,2.36801448685,0.139538720186,0.00498722029509,-0.00804272387177,-5.41672957905,6.98550063846,-1.95394456224,map_000000427.png
-5.25445013934,6.85621950522,2.36718158787,0.129521603171,0.00524625943594,-0.00804929807782,-5.41672957905,6.98550063846,-1.95394456224,map_000000428.png
-5.26468180612,6.86547386109,2.36635757881,0.129478809391,-0.000815329957885,-0.0025191437453,-5.41672957905,6.98550063846,-1.95394456224,map_000000429.png
-5.27406487031,6.8743736528,2.36584789249,0.109434653131,-0.00319835145685,-0.00165661983192,-5.41672957905,6.98550063846,-1.95394456224,map_000000430.png
-5.28274687786,6.88310970879,2.36562616467,0.102951352508,-0.00313066722662,-0.00166105758399,-5.41672957905,6.98550063846,-1.95394456224,map_000000431.png
-5.29028458911,6.89095253958,2.36546238458,0.102931812438,-0.00371807055909,-0.000900966115296,-5.41672957905,6.98550063846,-1.95394456224,map_000000432.png
-5.29769481583,6.89868166836,2.36529158577,0.102931812438,-0.00371807055909,-0.000900966115296,-5.41672957905,6.98550063846,-1.95394456224,map_000000433.png
-5.30478932949,6.90616216041,2.36519600254,0.102952013525,-0.00310885375578,-0.000326886773109,-5.41672957905,6.98550063846,-1.95394456224,map_000000434.png
-5.31188973768,6.91359835017,2.36514499455,0.102952288039,-0.00309974965017,-0.000330877490342,-5.41672957905,6.98550063846,-1.95394456224,map_000000435.png
-5.3190240088,6.92104098513,2.36511168031,0.0929871132334,-0.00148331727142,-0.000667350366712,-5.41672957905,6.98550063846,-1.95394456224,map_000000436.png
-5.3190240088,6.92104098513,2.36511168031,0.0829938604158,-0.000918756766104,-0.000621479935944,-5.41672957905,6.98550063846,-1.95394456224,map_000000437.png
-5.32624234316,6.92851060045,2.36506634098,0.0764977995694,-0.000831791585225,-0.000625562854111,-5.41672957905,6.98550063846,-1.95394456224,map_000000438.png
-5.33270549103,6.93506094465,2.36500037938,0.0764977995694,-0.000831791585225,-0.000625562854111,-5.41672957905,6.98550063846,-1.95394456224,map_000000439.png
-5.33856888693,6.9409504116,2.36493848286,0.0765018045131,-0.000281287110993,-0.000462694093585,-5.41672957905,6.98550063846,-1.95394456224,map_000000440.png
-5.34400989384,6.94641443572,2.3648764282,0.0765018045131,-0.000281287110993,-0.000462694093585,-5.41672957905,6.98550063846,-1.95394456224,map_000000441.png
-5.34964782214,6.95202367038,2.36482265802,0.0765019419651,-0.000241022344534,-0.00046672206372,-5.41672957905,6.98550063846,-1.95394456224,map_000000442.png
-5.35509333589,6.95741251634,2.36477624224,0.0565023124655,3.51762628017e-05,1.0,-5.41672957905,6.98550063846,-1.95394456224,map_000000443.png
-5.36019106991,6.96273958229,2.39229360377,0.0565023124655,3.51762628017e-05,1.0,-5.41672957905,6.98550063846,-1.95394456224,map_000000444.png
-5.36458100388,6.96770953177,2.49062683911,0.0499916123734,-0.000915898060783,1.0,-5.41672957905,6.98550063846,-1.95394456224,map_000000445.png
-5.36887364239,6.97184117523,2.5928998093,0.0499916123734,-0.000915898060783,1.0,-5.41672957905,6.98550063846,-1.95394456224,map_000000446.png
-5.37283679173,6.97516544854,2.69124661705,0.0499924047477,-0.00087157586859,1.0,-5.41672957905,6.98550063846,-1.95394456224,map_000000447.png
-5.37701792965,6.97809266407,2.78957499284,0.0474570450362,-0.0157425872519,1.0,-5.41672957905,6.98550063846,-1.95394456224,map_000000448.png
-5.38116562739,6.98120901746,2.88792232496,0.0474698366492,-0.0157039735562,1.0,-5.41672957905,6.98550063846,-1.95394456224,map_000000449.png
-5.38527929914,6.98466917916,2.98624654789,0.0449708532564,-0.0218545769655,1.0,-5.41672957905,6.98550063846,-1.95394456224,map_000000450.png
-5.38987925322,6.98784512776,3.08851372708,0.041839112768,-0.0273767934524,1.0,-5.41672957905,6.98550063846,-1.95394456224,map_000000451.png
-5.39436182141,6.99099275249,-3.09633157131,0.041839112768,-0.0273767934524,1.0,-5.41672957905,6.98550063846,-1.95394456224,map_000000452.png
-5.39889171647,6.99420792746,-2.99799568139,0.0334210165927,-0.0371891896505,1.0,-5.41672957905,6.98550063846,-1.95394456224,map_000000453.png
-5.40328821296,6.99773108733,-2.89964520241,0.0221050233672,-0.0448482788844,1.0,-5.41672957905,6.98550063846,-1.95394456224,map_000000454.png
-5.40759191204,7.00188542365,-2.79736614425,0.0,0.0,1.0,-5.41672957905,6.98550063846,-1.95394456224,map_000000455.png
-5.41062650503,7.00518910274,-2.69903552811,0.0,0.0,1.0,-5.41672957905,6.98550063846,-1.95394456224,map_000000456.png
-5.41106293855,7.0060084873,-2.60068841858,0.0,0.0,1.0,-5.41672957905,6.98550063846,-1.95394456224,map_000000457.png
-5.41159974971,7.00681235153,-2.50235970501,0.0,0.0,1.0,-5.41672957905,6.98550063846,-1.95394456224,map_000000458.png
-5.41222116402,7.0075715354,-2.40008634755,0.0,0.0,1.0,-5.41672957905,6.98550063846,-1.95394456224,map_000000459.png
-5.41287149276,7.00821801311,-2.30173419768,0.0,0.0,0.835639953613,-5.41672957905,6.98550063846,-1.95394456224,map_000000460.png
-5.41356583459,7.00879123285,-2.2111680915,0.0,0.0,0.53497594595,-5.41672957905,6.98550063846,-1.95394456224,map_000000461.png
-5.41415559579,7.00920114353,-2.13608781483,0.0,0.0,0.535149872303,-5.41672957905,6.98550063846,-1.95394456224,map_000000462.png
-5.41460622672,7.00947110161,-2.08137549086,0.0,0.0,0.399474561214,-5.41672957905,6.98550063846,-1.95394456224,map_000000463.png
-5.41506944542,7.00971862523,-2.02876191219,0.0,0.0,0.399474561214,-5.41672957905,6.98550063846,-1.95394456224,map_000000464.png
-5.4154111511,7.0098709329,-1.9878704823,0.0,0.0,0.204914286733,-5.41672957905,6.98550063846,-1.95394456224,map_000000465.png
-5.41566262523,7.00998574081,-1.96084107795,0.0,0.0,0.126095026731,-5.41672957905,6.98550063846,-1.95394456224,map_000000466.png
-5.41582454288,7.01004074825,-1.94360787298,0.0,0.0,0.0,-5.41672957905,6.98550063846,-1.95394456224,map_000000467.png
