4.39042822317,1.13719494648,-2.37612900372,0.0,0.0,0.0,-2.56735417597,5.02452140154,-1.45629931128,map_000000001.png
4.39042826167,1.13719490175,-2.37612896152,0.0,0.0,0.0,-2.56735417597,5.02452140154,-1.45629931128,map_000000002.png
4.39043795647,1.13718520744,-2.3761225767,0.0,0.0,0.0,-2.56735417597,5.02452140154,-1.45629931128,map_000000003.png
4.39043799407,1.137185164,-2.37612276755,0.0,0.0,0.0,-2.56735417597,5.02452140154,-1.45629931128,map_000000004.png
4.39043803161,1.13718512063,-2.3761229214,0.0,0.0,0.0,-2.56735417597,5.02452140154,-1.45629931128,map_000000005.png
4.39042840674,1.13719473401,-2.37612893938,-0.0584492020364,-0.0135532635294,-1.0,-2.56735417597,5.02452140154,-1.45629931128,map_000000006.png
4.3923269655,1.13927400695,-2.42335402169,-0.0771199372219,-0.0212724028078,-1.0,-2.56735417597,5.02452140154,-1.45629931128,map_000000007.png
4.39695909577,1.14369834975,-2.52168352361,-0.085891917745,-0.0248659830684,-1.0,-2.56735417597,5.02452140154,-1.45629931128,map_000000008.png
4.40311213849,1.14915458641,-2.62395753205,-0.0882322338901,-0.032586360385,-1.0,-2.56735417597,5.02452140154,-1.45629931128,map_000000009.png
4.41034287203,1.15461809736,-2.72623466219,-0.0882322338901,-0.032586360385,-1.0,-2.56735417597,5.02452140154,-1.45629931128,map_000000010.png
4.41775513335,1.1599038754,-2.82458148341,-0.0809842292469,-0.0653414122788,-1.0,-2.56735417597,5.02452140154,-1.45629931128,map_000000011.png
4.42479511586,1.16691851828,-2.92685536686,-0.064209138462,-0.106148142031,-1.0,-2.56735417597,5.02452140154,-1.45629931128,map_000000012.png
4.43060191544,1.17586829269,-3.02517875637,-0.051736498454,-0.123671846376,-1.0,-2.56735417597,5.02452140154,-1.45629931128,map_000000013.png
4.43611523361,1.18695811046,-3.12744758521,-0.0404726749405,-0.138255214383,-1.0,-2.56735417597,5.02452140154,-1.45629931128,map_000000014.png
4.44170236613,1.1989581859,3.0534595972,-0.0284320058739,-0.151411067703,-1.0,-2.56735417597,5.02452140154,-1.45629931128,map_000000015.png
4.44745498381,1.21117424694,2.95511783047,0.0227195803254,-0.162476654005,-1.0,-2.56735417597,5.02452140154,-1.45629931128,map_000000016.png
4.45378791075,1.22484301504,2.85283960006,0.0227195803254,-0.162476654005,-1.0,-2.56735417597,5.02452140154,-1.45629931128,map_000000017.png
4.45759731891,1.23950480283,2.75450936522,0.0721556839091,-0.169324242367,-1.0,-2.56735417597,5.02452140154,-1.45629931128,map_000000018.png
4.45952459357,1.25670365213,2.65223981073,0.0739728559283,-0.179405432989,-1.0,-2.56735417597,5.02452140154,-1.45629931128,map_000000019.png
4.46178802554,1.27523460567,2.54996598751,0.0962222962188,-0.179946417573,-1.0,-2.56735417597,5.02452140154,-1.45629931128,map_000000020.png
4.46558028385,1.29363403762,2.45162202661,0.115995949076,-0.179904244967,-1.0,-2.56735417597,5.02452140154,-1.45629931128,map_000000021.png
4.47007525379,1.31352301527,2.34934983423,0.194124846654,-0.130761021986,-1.0,-2.56735417597,5.02452140154,-1.45629931128,map_000000022.png
4.47500000595,1.33351478586,2.25102092712,0.194124846654,-0.130761021986,-1.0,-2.56735417597,5.02452140154,-1.45629931128,map_000000023.png
4.47501997014,1.35664205273,2.14874826129,0.218552084795,-0.108623370039,-1.0,-2.56735417597,5.02452140154,-1.45629931128,map_000000024.png
4.47360775355,1.38114065388,2.04647607922,0.251322964837,-0.0371748116398,-0.780038356781,-2.56735417597,5.02452140154,-1.45629931128,map_000000025.png
4.46980992812,1.40524050141,1.95852723,0.263985401112,-0.00616834436408,-0.626886129379,-2.56735417597,5.02452140154,-1.45629931128,map_000000026.png
4.46273460621,1.43091702434,1.88357684792,0.272954995823,0.0245571845133,-0.473683476448,-2.56735417597,5.02452140154,-1.45629931128,map_000000027.png
4.45500154012,1.456274122,1.82374847663,0.277485583336,0.0973217371329,-0.0910784080625,-2.56735417597,5.02452140154,-1.45629931128,map_000000028.png
4.4456067716,1.48321450941,1.77530549409,0.277485583336,0.0973217371329,-0.0910784080625,-2.56735417597,5.02452140154,-1.45629931128,map_000000029.png
4.4375208488,1.51058530254,1.72686491312,0.267053671176,0.145372808595,0.173136234283,-2.56735417597,5.02452140154,-1.45629931128,map_000000030.png
4.42045567624,1.535138026,1.73615279026,0.268321032878,0.163205034564,0.245861902833,-2.56735417597,5.02452140154,-1.45629931128,map_000000031.png
4.42045567624,1.535138026,1.73615279026,0.266780621618,0.183960047509,0.318608164787,-2.56735417597,5.02452140154,-1.45629931128,map_000000032.png
4.39994729109,1.5597644439,1.75786865873,0.214941542406,0.230899180356,0.648227632046,-2.56735417597,5.02452140154,-1.45629931128,map_000000033.png
4.37819141355,1.58268198176,1.78461593216,0.214941542406,0.230899180356,0.648227632046,-2.56735417597,5.02452140154,-1.45629931128,map_000000034.png
4.35295197331,1.60418285189,1.8236829493,0.196236145934,0.236863056551,0.774347960949,-2.56735417597,5.02452140154,-1.45629931128,map_000000035.png
4.32426162009,1.61898470989,1.89046861454,0.214357210812,0.225416999746,0.716008782387,-2.56735417597,5.02452140154,-1.45629931128,map_000000036.png
4.29591979236,1.62936508089,1.96661201717,0.214357210812,0.225416999746,0.716008782387,-2.56735417597,5.02452140154,-1.45629931128,map_000000037.png
4.26587552861,1.63965745595,2.04099187767,0.218267157833,0.216372690535,0.773151576519,-2.56735417597,5.02452140154,-1.45629931128,map_000000038.png
4.23562258529,1.64866064042,2.11803846681,0.25467148799,0.18507620174,0.65919727087,-2.56735417597,5.02452140154,-1.45629931128,map_000000039.png
4.20639602834,1.65765580304,2.18867601508,0.286632645402,0.146989085308,0.547850191593,-2.56735417597,5.02452140154,-1.45629931128,map_000000040.png
4.17581030517,1.66881210559,2.25303597729,0.315129260512,0.0905108684281,0.460482865572,-2.56735417597,5.02452140154,-1.45629931128,map_000000041.png
4.1466029404,1.68183853724,2.30621015563,0.315237122937,0.0901344798448,0.460639148951,-2.56735417597,5.02452140154,-1.45629931128,map_000000042.png
4.11757587845,1.69946938134,2.35330317799,0.315237122937,0.0901344798448,0.460639148951,-2.56735417597,5.02452140154,-1.45629931128,map_000000043.png
4.08776180685,1.71574087684,2.40041514089,0.307259658752,0.0942845170219,0.559598743916,-2.56735417597,5.02452140154,-1.45629931128,map_000000044.png
4.05866517589,1.72943994629,2.45271462824,0.31829421561,0.0732896210116,0.480026632547,-2.56735417597,5.02452140154,-1.45629931128,map_000000045.png
4.02797912968,1.74306129545,2.50556438012,0.271107982707,0.143446822404,0.784420013428,-2.56735417597,5.02452140154,-1.45629931128,map_000000046.png
3.99803480592,1.7530793136,2.56234903811,0.256972978882,0.169090259881,0.771009385586,-2.56735417597,5.02452140154,-1.45629931128,map_000000047.png
3.96660025354,1.7551073361,2.64240929059,0.25024442984,0.179407992289,0.76673156023,-2.56735417597,5.02452140154,-1.45629931128,map_000000048.png
3.93519112462,1.7519358597,2.72125788087,0.250135486995,0.179559852164,0.766989409924,-2.56735417597,5.02452140154,-1.45629931128,map_000000049.png
3.9055550698,1.74534271038,2.79665841249,0.250135486995,0.179559852164,0.766989409924,-2.56735417597,5.02452140154,-1.45629931128,map_000000050.png
3.87535256583,1.73614875202,2.87508522805,0.284686304738,0.141497101518,0.573727667332,-2.56735417597,5.02452140154,-1.45629931128,map_000000051.png
3.84549965003,1.72774565743,2.93910635428,0.309465611556,0.108664628791,0.461013615131,-2.56735417597,5.02452140154,-1.45629931128,map_000000052.png
3.81311664645,1.72039336229,2.99333973545,0.335889473689,0.0376166342656,0.289202511311,-2.56735417597,5.02452140154,-1.45629931128,map_000000053.png
3.77939127983,1.71540572748,3.03642762226,0.344546658658,0.00454897240639,0.20795083046,-2.56735417597,5.02452140154,-1.45629931128,map_000000054.png
3.74561381852,1.71513834424,3.06454268161,0.34455609176,0.0037673297296,0.20802205801,-2.56735417597,5.02452140154,-1.45629931128,map_000000055.png
3.70985530918,1.71725723363,3.08581125662,0.34455609176,0.0037673297296,0.20802205801,-2.56735417597,5.02452140154,-1.45629931128,map_000000056.png
3.67543857486,1.71865206077,3.10626341479,0.346097169009,-0.0254617252237,0.17058943212,-2.56735417597,5.02452140154,-1.45629931128,map_000000057.png
3.63956393125,1.72135550928,3.12503433608,0.348246241355,-0.0349935753518,0.0574569515884,-2.56735417597,5.02452140154,-1.45629931128,map_000000058.png
3.60350098457,1.72495198407,3.13669578515,0.347979368768,-0.0375546780777,0.0247217509896,-2.56735417597,5.02452140154,-1.45629931128,map_000000059.png
3.56870429932,1.72864826237,3.14144435503,0.347900188358,-0.0382812470274,0.0247318260372,-2.56735417597,5.02452140154,-1.45629931128,map_000000060.png
3.53252672499,1.73254966981,-3.13921286871,0.348686608757,-0.0302926361811,-0.00236400426365,-2.56735417597,5.02452140154,-1.45629931128,map_000000061.png
3.49773301965,1.73627356852,-3.13677859428,0.348686608757,-0.0302926361811,-0.00236400426365,-2.56735417597,5.02452140154,-1.45629931128,map_000000062.png
3.46147554129,1.73930867457,-3.13680731787,0.349130799855,-0.0246511566903,-0.00749944522977,-2.56735417597,5.02452140154,-1.45629931128,map_000000063.png
3.4251779648,1.7418383421,-3.13745407197,0.349505820695,-0.0185923703164,-0.0118760839105,-2.56735417597,5.02452140154,-1.45629931128,map_000000064.png
3.39025344136,1.74382178519,-3.13843163602,0.349765207574,-0.012817741777,-0.0118351290002,-2.56735417597,5.02452140154,-1.45629931128,map_000000065.png
3.35390330653,1.74542039805,-3.1396455269,0.349911626851,-0.00786437082011,-0.0112558556721,-2.56735417597,5.02452140154,-1.45629931128,map_000000066.png
3.31893956267,1.74654080417,-3.14079691106,0.349979461755,-0.00379094752923,-0.00999921374023,-2.56735417597,5.02452140154,-1.45629931128,map_000000067.png
3.28256175007,1.74734050616,3.1412363372,0.349993096665,0.00219709357264,-0.0065638506785,-2.56735417597,5.02452140154,-1.45629931128,map_000000068.png
3.2461918347,1.74774372318,3.14021965017,0.349993096665,0.00219709357264,-0.0065638506785,-2.56735417597,5.02452140154,-1.45629931128,map_000000069.png
3.21119553648,1.74768562471,3.13951431998,0.349975929802,0.00410408249771,-0.00489405589178,-2.56735417597,5.02452140154,-1.45629931128,map_000000070.png
3.17482423283,1.74739646169,3.13896057313,0.349961429433,0.00519546369267,-0.00339958211407,-2.56735417597,5.02452140154,-1.45629931128,map_000000071.png
3.13982909554,1.74704581545,3.13853821171,0.349960297373,0.00527116649587,-0.00234089000151,-2.56735417597,5.02452140154,-1.45629931128,map_000000072.png
3.10345912909,1.74660577004,3.13822555283,0.349966717553,0.00482613084683,-0.00152495456859,-2.56735417597,5.02452140154,-1.45629931128,map_000000073.png
3.10345912909,1.74660577004,3.13822555283,0.349983843072,0.00336221985792,-0.000427798368037,-2.56735417597,5.02452140154,-1.45629931128,map_000000074.png
3.06706734552,1.74619757196,3.13799087046,0.349983843072,0.00336221985792,-0.000427798368037,-2.56735417597,5.02452140154,-1.45629931128,map_000000075.png
3.03209383593,1.74583236021,3.13784590721,0.349983843072,0.00336221985792,-0.000427798368037,-2.56735417597,5.02452140154,-1.45629931128,map_000000076.png
2.99570042853,1.74561222405,3.13778435171,0.349990759063,0.00254234224132,-7.83801078796e-05,-2.56735417597,5.02452140154,-1.45629931128,map_000000077.png
2.96072545762,1.74545873667,3.13777186903,0.349995531059,0.00176724995842,0.000138721894473,-2.56735417597,5.02452140154,-1.45629931128,map_000000078.png
2.92433139842,1.74538689815,3.13777090621,0.349997781348,0.00124418051299,0.00023185601458,-2.56735417597,5.02452140154,-1.45629931128,map_000000079.png
2.88794477563,1.74536489698,3.13778788217,0.349999520431,0.000575005906895,0.000255482271314,-2.56735417597,5.02452140154,-1.45629931128,map_000000080.png
2.85296197452,1.74538488534,3.13781198835,0.349999753005,0.000409670401038,0.000231571029872,-2.56735417597,5.02452140154,-1.45629931128,map_000000081.png
2.81657541802,1.74546430993,3.13783725608,0.349999841551,0.000325343247979,0.000197314657271,-2.56735417597,5.02452140154,-1.45629931128,map_000000082.png
2.78159271602,1.74555260695,3.13786094515,0.349999841551,0.000325343247979,0.000197314657271,-2.56735417597,5.02452140154,-1.45629931128,map_000000083.png
2.74520621341,1.74565455138,3.13788088329,0.349999807643,0.000359976625861,0.000161303207278,-2.56735417597,5.02452140154,-1.45629931128,map_000000084.png
2.70883387474,1.74574158254,3.13790462014,0.349999746856,0.000414890775243,0.000127647072077,-2.56735417597,5.02452140154,-1.45629931128,map_000000085.png
2.67383700463,1.74584396763,3.13791318339,0.349999773358,0.000391896808331,0.000101105310023,-2.56735417597,5.02452140154,-1.45629931128,map_000000086.png
2.63746464611,1.74592342289,3.13793131064,0.349999387722,0.000650790241657,5.45112416148e-05,-2.56735417597,5.02452140154,-1.45629931128,map_000000087.png
2.60246776805,1.74602310718,3.13793527357,0.349999565495,0.000546888586395,5.63506036997e-05,-2.56735417597,5.02452140154,-1.45629931128,map_000000088.png
2.5660953552,1.74607665482,3.13794664641,0.349999565495,0.000546888586395,5.63506036997e-05,-2.56735417597,5.02452140154,-1.45629931128,map_000000089.png
2.52970125572,1.74616114966,3.13794746343,0.349999093192,0.000793535151012,2.50544399023e-05,-2.56735417597,5.02452140154,-1.45629931128,map_000000090.png
2.49472601644,1.74620633205,3.13795576042,0.349999304487,0.000694112383058,2.68830917776e-05,-2.56735417597,5.02452140154,-1.45629931128,map_000000091.png
2.45833188399,1.74627169236,3.1379534935,0.349998946276,0.000855885076345,-1.95577740669e-07,-2.56735417597,5.02452140154,-1.45629931128,map_000000092.png
2.42335663897,1.7463138896,3.13796007585,0.349998854678,0.000892556679482,5.02355396748e-06,-2.56735417597,5.02452140154,-1.45629931128,map_000000093.png
2.38696248852,1.74636633267,3.13795525443,0.349998882853,0.000881439314275,-3.03098931909e-06,-2.56735417597,5.02452140154,-1.45629931128,map_000000094.png
2.35057586619,1.74640774054,3.13795487883,0.3499991028,0.000789286067815,-1.2144446373e-06,-2.56735417597,5.02452140154,-1.45629931128,map_000000095.png
2.31559307227,1.7464449271,3.13795542434,0.3499991028,0.000789286067815,-1.2144446373e-06,-2.56735417597,5.02452140154,-1.45629931128,map_000000096.png
2.27920645986,1.74649522591,3.13795441411,0.349998869683,0.000886653394389,8.39726999402e-06,-2.56735417597,5.02452140154,-1.45629931128,map_000000097.png
2.24422367091,1.74653541039,3.13795580321,0.349999118817,0.000782151291361,1.12168490887e-05,-2.56735417597,5.02452140154,-1.45629931128,map_000000098.png
2.20783705562,1.74658242334,3.13795590278,0.349999091628,0.000794225083636,1.45505182445e-05,-2.56735417597,5.02452140154,-1.45629931128,map_000000099.png
2.17146461857,1.746621262,3.1379629639,0.349998885272,0.000880478451789,1.41360796988e-05,-2.56735417597,5.02452140154,-1.45629931128,map_000000100.png
2.13646766262,1.74668037851,3.13795855265,0.349999089781,0.000795038631877,1.5954952687e-05,-2.56735417597,5.02452140154,-1.45629931128,map_000000101.png
2.10009521301,1.74670923373,3.13796580701,0.349999089781,0.000795038631877,1.5954952687e-05,-2.56735417597,5.02452140154,-1.45629931128,map_000000102.png
2.06509825647,1.74676782907,3.13796156868,0.349999028461,0.000821589803952,1.56154856086e-05,-2.56735417597,5.02452140154,-1.45629931128,map_000000103.png
2.02872581538,1.74680354436,3.13796891982,0.349999092659,0.000793770541945,6.55092298985e-06,-2.56735417597,5.02452140154,-1.45629931128,map_000000104.png
1.99233167105,1.74686150445,3.13796513774,0.349999008202,0.000830175229109,1.47214159369e-05,-2.56735417597,5.02452140154,-1.45629931128,map_000000105.png
1.95735641671,1.74689800768,3.1379710209,0.349999036336,0.000818228128948,5.51017001271e-06,-2.56735417597,5.02452140154,-1.45629931128,map_000000106.png
1.92096226988,1.74695363646,3.13796745296,0.349998947073,0.000855559036451,1.29952095449e-05,-2.56735417597,5.02452140154,-1.45629931128,map_000000107.png
1.88598701355,1.74698877962,3.13797289466,0.349998947073,0.000855559036451,1.29952095449e-05,-2.56735417597,5.02452140154,-1.45629931128,map_000000108.png
1.84959286393,1.74704166238,3.13796930518,0.349998878919,0.000882999847729,1.31470151246e-05,-2.56735417597,5.02452140154,-1.45629931128,map_000000109.png
1.81320624246,1.74708420419,3.13796973707,0.349998898456,0.000875221885223,6.79725781083e-06,-2.56735417597,5.02452140154,-1.45629931128,map_000000110.png
1.77822345025,1.74712117055,3.13797150054,0.349998817644,0.000906962633698,1.39907933772e-05,-2.56735417597,5.02452140154,-1.45629931128,map_000000111.png
1.74183682878,1.74716251788,3.13797163063,0.349998789038,0.00091793562336,1.51544809341e-05,-2.56735417597,5.02452140154,-1.45629931128,map_000000112.png
1.70685403157,1.74719633717,3.13797395651,0.349998787935,0.000918355901561,1.43204815686e-05,-2.56735417597,5.02452140154,-1.45629931128,map_000000113.png
1.67046740571,1.74723441598,3.13797459066,0.349998770649,0.000924920331139,1.42580829561e-05,-2.56735417597,5.02452140154,-1.45629931128,map_000000114.png
1.6340949522,1.74725875122,3.13798187211,0.349998770649,0.000924920331139,1.42580829561e-05,-2.56735417597,5.02452140154,-1.45629931128,map_000000115.png
1.59909798146,1.74730459143,3.13797743608,0.349998755159,0.00093076359865,1.51158310473e-05,-2.56735417597,5.02452140154,-1.45629931128,map_000000116.png
1.59909798146,1.74730459143,3.13797743608,0.349998755159,0.00093076359865,1.51158310473e-05,-2.56735417597,5.02452140154,-1.45629931128,map_000000117.png
1.5627255283,1.74732774288,3.13798476263,0.349998815457,0.000907806353821,6.26547262073e-06,-2.56735417597,5.02452140154,-1.45629931128,map_000000118.png
1.52772855788,1.74737370809,3.13798010774,0.349998750517,0.000932507379643,1.4724675566e-05,-2.56735417597,5.02452140154,-1.45629931128,map_000000119.png
1.49135610448,1.74739825404,3.1379867887,0.34999874223,0.000935612830483,1.4329329133e-05,-2.56735417597,5.02452140154,-1.45629931128,map_000000120.png
1.45496194579,1.74744244203,3.13798334462,0.349998792253,0.000916708654105,6.11366704106e-06,-2.56735417597,5.02452140154,-1.45629931128,map_000000121.png
1.41998667676,1.74746528897,3.13798972288,0.349998792253,0.000916708654105,6.11366704106e-06,-2.56735417597,5.02452140154,-1.45629931128,map_000000122.png
1.38359251756,1.7475108289,3.13798555543,0.349998727127,0.00094124549851,1.30827538669e-05,-2.56735417597,5.02452140154,-1.45629931128,map_000000123.png
1.34720589023,1.74754675653,3.13798577,0.3499987816,0.000920767164249,5.32064586878e-06,-2.56735417597,5.02452140154,-1.45629931128,map_000000124.png
1.31222309232,1.74757802095,3.1379875513,0.349998703643,0.000949937650981,1.33728608489e-05,-2.56735417597,5.02452140154,-1.45629931128,map_000000125.png
1.27583646546,1.74761438836,3.13798743555,0.34999867741,0.00095955439213,1.21975317597e-05,-2.56735417597,5.02452140154,-1.45629931128,map_000000126.png
1.24085366338,1.74764342497,3.13798957971,0.349998838179,0.000899003244124,1.39996409416e-05,-2.56735417597,5.02452140154,-1.45629931128,map_000000127.png
1.20446703187,1.74767661167,3.13798996485,0.349998838179,0.000899003244124,1.39996409416e-05,-2.56735417597,5.02452140154,-1.45629931128,map_000000128.png
1.16809457831,1.74769997901,3.13799714838,0.349998742628,0.000935463685838,-0.000115987379104,-2.56735417597,5.02452140154,-1.45629931128,map_000000129.png
1.13309760448,1.74774489431,3.13798250286,0.349998895233,0.000876509742029,-0.000114229042083,-2.56735417597,5.02452140154,-1.45629931128,map_000000130.png
1.09672515473,1.74777103787,3.13797657265,0.349998892824,0.000877471108654,-0.00011304859072,-2.56735417597,5.02452140154,-1.45629931128,map_000000131.png
1.06172818773,1.74782185058,3.13795950579,0.349999909796,-0.000240990791131,-0.00448593031615,-2.56735417597,5.02452140154,-1.45629931128,map_000000132.png
1.02535577721,1.74787732185,3.13785057727,0.349999761228,-0.00040258386957,-0.00446003070101,-2.56735417597,5.02452140154,-1.45629931128,map_000000133.png
0.988962021716,1.74805338528,3.13738718664,0.349999687935,-0.00046192966303,-0.00445972336456,-2.56735417597,5.02452140154,-1.45629931128,map_000000134.png
0.953987226469,1.74823405404,3.13695349096,0.349999687935,-0.00046192966303,-0.00445972336456,-2.56735417597,5.02452140154,-1.45629931128,map_000000135.png
0.917593754375,1.74846346112,3.13649249603,0.349993251015,-0.00217236684696,-0.0102344341576,-2.56735417597,5.02452140154,-1.45629931128,map_000000136.png
0.882620228935,1.74879827848,3.13567271915,0.349953896775,-0.00568023462614,-0.0204667132348,-2.56735417597,5.02452140154,-1.45629931128,map_000000137.png
0.84623187385,1.7494393161,3.13409803222,0.349788417492,-0.0121679054085,-0.0413580834866,-2.56735417597,5.02452140154,-1.45629931128,map_000000138.png
0.809864742123,1.75052328855,3.13134749005,0.346576060156,-0.042509418612,-0.148930549622,-2.56735417597,5.02452140154,-1.45629931128,map_000000139.png
0.774971585193,1.75249095909,3.12600549159,0.346263422815,-0.0470361166762,-0.14485257864,-2.56735417597,5.02452140154,-1.45629931128,map_000000140.png
0.739036364565,1.75758036561,3.1107790391,0.346232616154,-0.0472623503734,-0.144899055362,-2.56735417597,5.02452140154,-1.45629931128,map_000000141.png
0.704595024215,1.76321083344,3.09632789209,0.346232616154,-0.0472623503734,-0.144899055362,-2.56735417597,5.02452140154,-1.45629931128,map_000000142.png
0.668897862955,1.76985514419,3.08151039369,0.304037900544,-0.126862079722,-0.468382716179,-2.56735417597,5.02452140154,-1.45629931128,map_000000143.png
0.636228651995,1.78159222095,3.047606822,0.242010367928,-0.208506947007,-0.780049145222,-2.56735417597,5.02452140154,-1.45629931128,map_000000144.png
0.610379713023,1.80014017017,2.98927920897,0.232599623477,-0.204089971763,-0.780307233334,-2.56735417597,5.02452140154,-1.45629931128,map_000000145.png
0.589840189,1.82527400695,2.90950384268,0.214645477329,-0.218955342808,-0.799797177315,-2.56735417597,5.02452140154,-1.45629931128,map_000000146.png
0.57264783525,1.85039156953,2.83278096449,0.21389048844,-0.219692926689,-0.800061702728,-2.56735417597,5.02452140154,-1.45629931128,map_000000147.png
0.559171870296,1.87866601336,2.75098458027,0.21389048844,-0.219692926689,-0.800061702728,-2.56735417597,5.02452140154,-1.45629931128,map_000000148.png
0.548147250229,1.90797238069,2.66916703461,0.262455240322,-0.177844052918,-0.641452431679,-2.56735417597,5.02452140154,-1.45629931128,map_000000149.png
0.535517629252,1.93614191297,2.60109882677,0.294553351292,-0.137507665706,-0.518969297409,-2.56735417597,5.02452140154,-1.45629931128,map_000000150.png
0.519692964344,1.96513588633,2.54175865791,0.316522098987,-0.0954436308798,-0.434691160917,-2.56735417597,5.02452140154,-1.45629931128,map_000000151.png
0.502347160306,1.99252438195,2.49305694043,0.333260642585,-0.0519459497139,-0.332731217146,-2.56735417597,5.02452140154,-1.45629931128,map_000000152.png
0.481969310768,2.02013156279,2.44980470251,0.346246130793,0.0154815390853,-0.190781027079,-2.56735417597,5.02452140154,-1.45629931128,map_000000153.png
0.458957812255,2.04652423235,2.4157739239,0.346246130793,0.0154815390853,-0.190781027079,-2.56735417597,5.02452140154,-1.45629931128,map_000000154.png
0.432344328837,2.06862618159,2.39645501435,0.347436316591,0.042284759045,-0.125963672996,-2.56735417597,5.02452140154,-1.45629931128,map_000000155.png
0.403418268863,2.09053689141,2.38178828478,0.345147809992,0.0580773982851,-0.085473254323,-2.56735417597,5.02452140154,-1.45629931128,map_000000156.png
0.374849820978,2.11074897134,2.37163136532,0.344849596774,0.0598226590693,-0.0565207377076,-2.56735417597,5.02452140154,-1.45629931128,map_000000157.png
0.344878805136,2.131406312,2.36391539826,0.345667375276,0.0549004608658,-0.0401168987155,-2.56735417597,5.02452140154,-1.45629931128,map_000000158.png
0.344878805136,2.131406312,2.36391539826,0.348011959102,0.0372514597736,-0.0162857882679,-2.56735417597,5.02452140154,-1.45629931128,map_000000159.png
0.315048823935,2.15225466233,2.358455689,0.348952037649,0.0270641895191,-0.00809898879379,-2.56735417597,5.02452140154,-1.45629931128,map_000000160.png
0.286711350689,2.17275972065,2.35450886901,0.348952037649,0.0270641895191,-0.00809898879379,-2.56735417597,5.02452140154,-1.45629931128,map_000000161.png
0.258436380835,2.19566269628,2.35284082595,0.348952037649,0.0270641895191,-0.00809898879379,-2.56735417597,5.02452140154,-1.45629931128,map_000000162.png
0.231825376358,2.21839482471,2.35191291987,0.349567132629,0.0174015723096,-0.00374698964879,-2.56735417597,5.02452140154,-1.45629931128,map_000000163.png
0.204727016837,2.24267161635,2.35137292079,0.349838352777,0.0106358760603,-0.00124350842088,-2.56735417597,5.02452140154,-1.45629931128,map_000000164.png
0.178111431689,2.26747861687,2.35111485306,0.349958263554,0.00540450771804,-0.00067587569356,-2.56735417597,5.02452140154,-1.45629931128,map_000000165.png
0.152866645434,2.29167957747,2.35100548287,0.34999873205,-0.000939413065247,9.32868570089e-05,-2.56735417597,5.02452140154,-1.45629931128,map_000000166.png
0.126930064272,2.31719711425,2.35094245534,0.349991524824,-0.00243464265703,0.000260036438704,-2.56735417597,5.02452140154,-1.45629931128,map_000000167.png
0.102378484779,2.3421412841,2.35094861455,0.349991524824,-0.00243464265703,0.000260036438704,-2.56735417597,5.02452140154,-1.45629931128,map_000000168.png
0.0769573406786,2.36817316121,2.35097085152,0.34998589819,-0.00314101917139,0.000131662935019,-2.56735417597,5.02452140154,-1.45629931128,map_000000169.png
0.0515825989984,2.39425028326,2.35098475862,0.349989723491,-0.00268111628936,0.000125129707158,-2.56735417597,5.02452140154,-1.45629931128,map_000000170.png
0.0271885543126,2.41930959728,2.35099448305,0.349988965392,-0.00277831556112,0.000127832405269,-2.56735417597,5.02452140154,-1.45629931128,map_000000171.png
0.0017956632675,2.44536906442,2.35100431588,0.34999993982,-0.000192508845641,-0.000112291425467,-2.56735417597,5.02452140154,-1.45629931128,map_000000172.png
-0.0226556768755,2.47041131973,2.35101007814,0.349999317147,0.000687699228979,-0.000124420970678,-2.56735417597,5.02452140154,-1.45629931128,map_000000173.png
-0.0482359741867,2.49628685095,2.35099556977,0.349999317147,0.000687699228979,-0.000124420970678,-2.56735417597,5.02452140154,-1.45629931128,map_000000174.png
-0.0738158963576,2.5221627535,2.35098103815,0.349996923868,0.00146567952126,-0.000160845927894,-2.56735417597,5.02452140154,-1.45629931128,map_000000175.png
-0.098505822905,2.54693057423,2.35096316493,0.349997087995,0.00142594821932,-0.000158243812621,-2.56735417597,5.02452140154,-1.45629931128,map_000000176.png
-0.124205498593,2.57268754323,2.35094385432,0.349993066175,0.00220194529431,-0.000124847516418,-2.56735417597,5.02452140154,-1.45629931128,map_000000177.png
-0.148946873727,2.59744344332,2.35092661211,0.349991926714,0.0023761668651,-7.43288546801e-05,-2.56735417597,5.02452140154,-1.45629931128,map_000000178.png
-0.174703899395,2.62314306402,2.35091185338,0.349991926151,0.00237624978002,-7.17006623745e-05,-2.56735417597,5.02452140154,-1.45629931128,map_000000179.png
-0.200470909053,2.64883267278,2.35090123438,0.349992612445,0.00227292043585,-2.50041484833e-05,-2.56735417597,5.02452140154,-1.45629931128,map_000000180.png
-0.225236762666,2.6735246055,2.3508913768,0.349992612445,0.00227292043585,-2.50041484833e-05,-2.56735417597,5.02452140154,-1.45629931128,map_000000181.png
-0.250997136401,2.69922086715,2.35088489478,0.349992790587,0.00224532194589,-2.23619863391e-05,-2.56735417597,5.02452140154,-1.45629931128,map_000000182.png
-0.275773800136,2.7239414763,2.35087961987,0.349994879401,0.00189191092769,2.05095857382e-05,-2.56735417597,5.02452140154,-1.45629931128,map_000000183.png
-0.301518418406,2.74965351636,2.35087636203,0.349995047738,0.00186050857862,2.31647863984e-05,-2.56735417597,5.02452140154,-1.45629931128,map_000000184.png
-0.327248377647,2.77538023198,2.35087549315,0.349995609129,0.00175172024169,3.373157233e-05,-2.56735417597,5.02452140154,-1.45629931128,map_000000185.png
-0.351976600831,2.8001098506,2.35087504577,0.349996008135,0.00167009685252,4.22215089202e-05,-2.56735417597,5.02452140154,-1.45629931128,map_000000186.png
-0.377696848671,2.82584627733,2.35087548272,0.349996008135,0.00167009685252,4.22215089202e-05,-2.56735417597,5.02452140154,-1.45629931128,map_000000187.png
-0.402432424665,2.85060799859,2.35087658,0.349996307132,0.00160621521617,4.82117757201e-05,-2.56735417597,5.02452140154,-1.45629931128,map_000000188.png
-0.428143461873,2.87635362451,2.35087831632,0.349996354087,0.00159595101908,5.02150505781e-05,-2.56735417597,5.02452140154,-1.45629931128,map_000000189.png
-0.453852694587,2.90210105424,2.35088032808,0.349996336728,0.00159975336674,5.08725643158e-05,-2.56735417597,5.02452140154,-1.45629931128,map_000000190.png
-0.478563055506,2.92684852054,2.35088246974,0.349996262958,0.00161581220483,5.09265810251e-05,-2.56735417597,5.02452140154,-1.45629931128,map_000000191.png
-0.50427250714,2.95259573044,2.3508846618,0.349996162202,0.00163749126817,5.05670905113e-05,-2.56735417597,5.02452140154,-1.45629931128,map_000000192.png
-0.529004015533,2.97736151606,2.35088667241,0.349996162202,0.00163749126817,5.05670905113e-05,-2.56735417597,5.02452140154,-1.45629931128,map_000000193.png
-0.554714578003,3.00310761834,2.35088888017,0.349995957974,0.00168057595853,4.93787229061e-05,-2.56735417597,5.02452140154,-1.45629931128,map_000000194.png
-0.580429228611,3.02884963792,2.35089092855,0.349995870454,0.00169870500792,4.90192323923e-05,-2.56735417597,5.02452140154,-1.45629931128,map_000000195.png
-0.605146510633,3.05359019374,2.35089294731,0.349995770584,0.00171915875625,4.83607873321e-05,-2.56735417597,5.02452140154,-1.45629931128,map_000000196.png
-0.630863964636,3.07932941148,2.35089491859,0.34999572339,0.00172874003974,4.79416921735e-05,-2.56735417597,5.02452140154,-1.45629931128,map_000000197.png
-0.655603169744,3.1040875078,2.35089666978,0.349995702207,0.00173302344504,4.75645065308e-05,-2.56735417597,5.02452140154,-1.45629931128,map_000000198.png
-0.681322305997,3.12982504562,2.35089858097,0.349995694522,0.00173457483556,4.72823157907e-05,-2.56735417597,5.02452140154,-1.45629931128,map_000000199.png
-0.707041792712,3.15556223209,2.3509004039,0.349995694522,0.00173457483556,4.72823157907e-05,-2.56735417597,5.02452140154,-1.45629931128,map_000000200.png
-0.731762344063,3.18029952038,2.35090224702,0.349995701645,0.00173313689659,4.70634549856e-05,-2.56735417597,5.02452140154,-1.45629931128,map_000000201.png
-0.731762344063,3.18029952038,2.35090224702,0.34999571192,0.00173106070142,4.69787046313e-05,-2.56735417597,5.02452140154,-1.45629931128,map_000000202.png
-0.757481969282,3.20603656882,2.35090405536,0.349995727397,0.00172792866762,4.68604266644e-05,-2.56735417597,5.02452140154,-1.45629931128,map_000000203.png
-0.782222181669,3.23079365853,2.35090569172,0.34999574766,0.00172381955635,4.69842925668e-05,-2.56735417597,5.02452140154,-1.45629931128,map_000000204.png
-0.807941645089,3.25653086735,2.3509074883,0.34999574766,0.00172381955635,4.69842925668e-05,-2.56735417597,5.02452140154,-1.45629931128,map_000000205.png
-0.833660963637,3.28226822289,2.35090924574,0.34999575153,0.00172303348501,4.69340011477e-05,-2.56735417597,5.02452140154,-1.45629931128,map_000000206.png
-0.858380986726,3.30700604021,2.35091105674,0.34999575153,0.00172303348501,4.69340011477e-05,-2.56735417597,5.02452140154,-1.45629931128,map_000000207.png
-0.884100065891,3.33274363573,2.35091284701,0.34999575177,0.00172298485996,4.69414517283e-05,-2.56735417597,5.02452140154,-1.45629931128,map_000000208.png
-0.909819181008,3.35848119512,2.35091462545,0.349995752198,0.00172289781174,4.68678772449e-05,-2.56735417597,5.02452140154,-1.45629931128,map_000000209.png
-0.934559005982,3.3832386739,2.35091626457,0.349995746015,0.0017241534067,4.68231737614e-05,-2.56735417597,5.02452140154,-1.45629931128,map_000000210.png
-0.960278235291,3.40897611785,2.35091802882,0.349995735095,0.00172636878391,4.69787046313e-05,-2.56735417597,5.02452140154,-1.45629931128,map_000000211.png
-0.984998516383,3.4337136739,2.35091981985,0.349995726189,0.00172817329699,4.69712540507e-05,-2.56735417597,5.02452140154,-1.45629931128,map_000000212.png
-1.01071805825,3.45945080457,2.35092161114,0.349995726189,0.00172817329699,4.69712540507e-05,-2.56735417597,5.02452140154,-1.45629931128,map_000000213.png
-1.03643764652,3.48518788943,2.35092339433,0.349995839092,0.00170515453786,4.9608759582e-05,-2.56735417597,5.02452140154,-1.45629931128,map_000000214.png
-1.06117675137,3.50994608748,2.35092525562,0.349995835281,0.00170593652631,4.95612621307e-05,-2.56735417597,5.02452140154,-1.45629931128,map_000000215.png
-1.08689490976,3.53568460107,2.35092728446,0.349995817896,0.00170949965567,4.94737178087e-05,-2.56735417597,5.02452140154,-1.45629931128,map_000000216.png
-1.11161420462,3.56042314256,2.35092934555,0.349995658492,0.00174182959167,4.93172556162e-05,-2.56735417597,5.02452140154,-1.45629931128,map_000000217.png
-1.13733330232,3.58616071928,2.35093138868,0.349995764319,0.00172043376387,4.89084050059e-05,-2.56735417597,5.02452140154,-1.45629931128,map_000000218.png
-1.16305422141,3.61189647651,2.35093341184,0.349995612969,0.00175095280414,4.53852117062e-05,-2.56735417597,5.02452140154,-1.45629931128,map_000000219.png
-1.18779433347,3.63665366635,2.35093524756,0.349995612969,0.00175095280414,4.53852117062e-05,-2.56735417597,5.02452140154,-1.45629931128,map_000000220.png
-1.21351573729,3.66238893652,2.35093690931,0.349995716058,0.00173022379815,4.8017129302e-05,-2.56735417597,5.02452140154,-1.45629931128,map_000000221.png
-1.23823736488,3.68712514725,2.35093873921,0.349995608513,0.00175184329616,4.49977815151e-05,-2.56735417597,5.02452140154,-1.45629931128,map_000000222.png
-1.26395841221,3.71286077317,2.35094049729,0.349995608203,0.00175190527807,4.48813661933e-05,-2.56735417597,5.02452140154,-1.45629931128,map_000000223.png
-1.2896803607,3.7385955001,2.35094207417,0.349995706068,0.00173224343867,4.75095584989e-05,-2.56735417597,5.02452140154,-1.45629931128,map_000000224.png
-1.31442274408,3.76335042092,2.35094354567,0.349995704377,0.0017325851576,4.75011765957e-05,-2.56735417597,5.02452140154,-1.45629931128,map_000000225.png
-1.34014333083,3.78908650812,2.35094537712,0.349995704377,0.0017325851576,4.75011765957e-05,-2.56735417597,5.02452140154,-1.45629931128,map_000000226.png
-1.36486486476,3.81382281306,2.35094723332,0.34999562816,0.00174791373703,4.55547124147e-05,-2.56735417597,5.02452140154,-1.45629931128,map_000000227.png
-1.39058639415,3.83955795991,2.35094893335,0.349995710832,0.00173128061349,4.80590388179e-05,-2.56735417597,5.02452140154,-1.45629931128,map_000000228.png
-1.41630756344,3.86529346512,2.35095071857,0.349995703113,0.0017328403697,4.78979200125e-05,-2.56735417597,5.02452140154,-1.45629931128,map_000000229.png
-1.44104890991,3.89004942062,2.3509524736,0.349995701945,0.0017330763289,4.79724258184e-05,-2.56735417597,5.02452140154,-1.45629931128,map_000000230.png
-1.46676977451,3.9157852304,2.35095433776,0.349995594749,0.0017545910478,4.52846288681e-05,-2.56735417597,5.02452140154,-1.45629931128,map_000000231.png
-1.49149156795,3.94052127665,2.35095624093,0.349995682881,0.00173692198231,4.79053705931e-05,-2.56735417597,5.02452140154,-1.45629931128,map_000000232.png
-1.51721412077,3.96625539697,2.35095785964,0.349995682881,0.00173692198231,4.79053705931e-05,-2.56735417597,5.02452140154,-1.45629931128,map_000000233.png
-1.54293566667,3.99199052408,2.35095968847,0.349995658509,0.00174182622244,4.7495122999e-05,-2.56735417597,5.02452140154,-1.45629931128,map_000000234.png
-1.56767781684,4.01674567785,2.35096140574,0.349995665298,0.00174046154541,4.76860441267e-05,-2.56735417597,5.02452140154,-1.45629931128,map_000000235.png
-1.59339952322,4.042480648,2.35096323116,0.349995657217,0.00174208583141,4.7561712563e-05,-2.56735417597,5.02452140154,-1.45629931128,map_000000236.png
-1.61812208597,4.06721592578,2.35096510854,0.349995651863,0.00174316115327,4.76026907563e-05,-2.56735417597,5.02452140154,-1.45629931128,map_000000237.png
-1.64384395505,4.09295072941,2.3509669629,0.349995638307,0.00174588076866,4.72804531455e-05,-2.56735417597,5.02452140154,-1.45629931128,map_000000238.png
-1.66956594476,4.11868541318,2.35096881019,0.349995638307,0.00174588076866,4.72804531455e-05,-2.56735417597,5.02452140154,-1.45629931128,map_000000239.png
-1.69430870833,4.14343995343,2.35097049,0.349995630209,0.00174750333469,4.71146777272e-05,-2.56735417597,5.02452140154,-1.45629931128,map_000000240.png
-1.72003107524,4.16917426335,2.35097228641,0.349995622636,0.00174901952846,4.69563528895e-05,-2.56735417597,5.02452140154,-1.45629931128,map_000000241.png
-1.74475438304,4.19390879614,2.35097409489,0.349995620144,0.00174951809432,4.70504164696e-05,-2.56735417597,5.02452140154,-1.45629931128,map_000000242.png
-1.77047699865,4.21964285427,2.35097589062,0.34999561562,0.00175042287808,4.69679944217e-05,-2.56735417597,5.02452140154,-1.45629931128,map_000000243.png
-1.77047699865,4.21964285427,2.35097589062,0.349995612116,0.00175112345885,4.67821955681e-05,-2.56735417597,5.02452140154,-1.45629931128,map_000000244.png
-1.79619969568,4.24537683132,2.35097767979,0.349995612116,0.00175112345885,4.67821955681e-05,-2.56735417597,5.02452140154,-1.45629931128,map_000000245.png
-1.82094302277,4.27013080776,2.35097933323,0.349995612116,0.00175112345885,4.67821955681e-05,-2.56735417597,5.02452140154,-1.45629931128,map_000000246.png
-1.84666591645,4.29586458906,2.35098108328,0.349995609193,0.00175170749739,4.67086210847e-05,-2.56735417597,5.02452140154,-1.45629931128,map_000000247.png
-1.87138967833,4.32059866808,2.35098286412,0.349995609533,0.00175163950683,4.68366779387e-05,-2.56735417597,5.02452140154,-1.45629931128,map_000000248.png
-1.89711270377,4.34633231833,2.35098463593,0.349995607387,0.00175206831891,4.68189828098e-05,-2.56735417597,5.02452140154,-1.45629931128,map_000000249.png
-1.92283578567,4.37206591249,2.35098640369,0.349995608402,0.00175186563785,4.67542558908e-05,-2.56735417597,5.02452140154,-1.45629931128,map_000000250.png
-1.94757944269,4.39681956072,2.35098804176,0.359995459802,0.00180482210623,4.66555356979e-05,-2.56735417597,5.02452140154,-1.45629931128,map_000000251.png
-1.97333089072,4.42258133001,2.35098977543,0.368193363809,0.00184743354648,4.68026846647e-05,-2.56735417597,5.02452140154,-1.45629931128,map_000000252.png
-1.99876177712,4.4480219326,2.35099147599,0.368193363809,0.00184743354648,4.68026846647e-05,-2.56735417597,5.02452140154,-1.45629931128,map_000000253.png
-2.02573011902,4.47500029539,2.35099310346,0.358193519378,0.00179590819649,4.68054786325e-05,-2.56735417597,5.02452140154,-1.45629931128,map_000000254.png
-2.05231059972,4.50159066524,2.35099476915,0.348193662833,0.00174376180278,4.68571670353e-05,-2.56735417597,5.02452140154,-1.45629931128,map_000000255.png
-2.07729472593,4.52658420315,2.35099637016,0.32819401551,0.00162735824276,4.96176071465e-05,-2.56735417597,5.02452140154,-1.45629931128,map_000000256.png
-2.10248968336,4.55178936731,2.35099827893,0.318194149617,0.00157589579826,4.97200526297e-05,-2.56735417597,5.02452140154,-1.45629931128,map_000000257.png
-2.12561554127,4.57492622921,2.35100052057,0.308194222748,0.00153783455647,4.70550730824e-05,-2.56735417597,5.02452140154,-1.45629931128,map_000000258.png
-2.14900049458,4.59832245491,2.35100286694,0.308194222748,0.00153783455647,4.70550730824e-05,-2.56735417597,5.02452140154,-1.45629931128,map_000000259.png
-2.17173612389,4.62106744781,2.35100503273,0.298194432626,0.00147349224513,4.96534630656e-05,-2.56735417597,5.02452140154,-1.45629931128,map_000000260.png
-2.19301623813,4.64235751497,2.35100728582,0.288194562335,0.00142406532689,4.88888472319e-05,-2.56735417597,5.02452140154,-1.45629931128,map_000000261.png
-2.21453553369,4.66388737733,2.35100978284,0.268194767709,0.00133745536597,4.39337454736e-05,-2.56735417597,5.02452140154,-1.45629931128,map_000000262.png
-2.23443921099,4.68380018503,2.35101215955,0.258194903606,0.00128824070013,4.27812337875e-05,-2.56735417597,5.02452140154,-1.45629931128,map_000000263.png
-2.25403741392,4.70340602682,2.35101433283,0.248195087439,0.00122493537425,4.5373570174e-05,-2.56735417597,5.02452140154,-1.45629931128,map_000000264.png
-2.27301381542,4.72238966137,2.35101647016,0.238195208656,0.00117397288236,4.44008037448e-05,-2.56735417597,5.02452140154,-1.45629931128,map_000000265.png
-2.2905626405,4.73994699298,2.35101883525,0.238195208656,0.00117397288236,4.44008037448e-05,-2.56735417597,5.02452140154,-1.45629931128,map_000000266.png
-2.30823776841,4.75763079137,2.35102129215,0.218195417693,0.00107959736123,3.95672395825e-05,-2.56735417597,5.02452140154,-1.45629931128,map_000000267.png
-2.32432537192,4.77372595861,2.35102356169,0.208195542774,0.00102871337187,3.84701415896e-05,-2.56735417597,5.02452140154,-1.45629931128,map_000000268.png
-2.3400787218,4.78948641658,2.35102571014,0.198195723342,0.000966251078607,4.10568900406e-05,-2.56735417597,5.02452140154,-1.45629931128,map_000000269.png
-2.35520995284,4.80462498363,2.35102791644,0.188195851872,0.000914057130076,4.02396544814e-05,-2.56735417597,5.02452140154,-1.45629931128,map_000000270.png
-2.36919656801,4.81861976629,2.35103027817,0.178195942646,0.000871402657119,3.62931750715e-05,-2.56735417597,5.02452140154,-1.45629931128,map_000000271.png
-2.38302666006,4.83245836122,2.3510327381,0.178195942646,0.000871402657119,3.62931750715e-05,-2.56735417597,5.02452140154,-1.45629931128,map_000000272.png
-2.39572176151,4.84516051091,2.3510349009,0.158196180687,0.000770349568983,3.42256389558e-05,-2.56735417597,5.02452140154,-1.45629931128,map_000000273.png
-2.40785629552,4.85730190433,2.35103703523,0.148196359347,0.000708685501517,3.68067994714e-05,-2.56735417597,5.02452140154,-1.45629931128,map_000000274.png
-2.41911407674,4.86856713162,2.35103932145,0.138196489516,0.000656689490787,3.6143232137e-05,-2.56735417597,5.02452140154,-1.45629931128,map_000000275.png
-2.42936883084,4.87882973223,2.35104169372,0.128196618042,0.00060459497294,3.55215743184e-05,-2.56735417597,5.02452140154,-1.45629931128,map_000000276.png
-2.43943879244,4.88890785991,2.35104417589,0.118196747218,0.000553479519822,3.46708111465e-05,-2.56735417597,5.02452140154,-1.45629931128,map_000000277.png
-2.44848625937,4.89796320725,2.35104660154,0.118196747218,0.000553479519822,3.46708111465e-05,-2.56735417597,5.02452140154,-1.45629931128,map_000000278.png
-2.45722742392,4.9067124735,2.35104911197,0.103031896949,0.000478245218927,3.25432047248e-05,-2.56735417597,5.02452140154,-1.45629931128,map_000000279.png
-2.46509756877,4.91459037376,2.3510515443,0.103031889946,0.000479751521791,3.14796343446e-05,-2.56735417597,5.02452140154,-1.45629931128,map_000000280.png
-2.47238646978,4.92188647122,2.35105382715,0.0930320109344,0.000430253320442,3.02870757878e-05,-2.56735417597,5.02452140154,-1.45629931128,map_000000281.png
-2.47967401173,4.92918125735,2.35105609845,0.0830321392713,0.00038046120292,2.92113982141e-05,-2.56735417597,5.02452140154,-1.45629931128,map_000000282.png
-2.4861234082,4.93563738912,2.35105828781,0.0765157058789,0.000349215783493,2.75219790637e-05,-2.56735417597,5.02452140154,-1.45629931128,map_000000283.png
-2.49222371892,4.94174448166,2.35106054021,0.0765157029385,0.000349859436413,2.68057920039e-05,-2.56735417597,5.02452140154,-1.45629931128,map_000000284.png
-2.4978451802,4.94737237251,2.35106266946,0.0765157029385,0.000349859436413,2.68057920039e-05,-2.56735417597,5.02452140154,-1.45629931128,map_000000285.png
-2.50326039158,4.95279367406,2.35106468121,0.0765156991681,0.000350683073836,2.59960070252e-05,-2.56735417597,5.02452140154,-1.45629931128,map_000000286.png
-2.50888196116,4.95842145621,2.35106667739,0.0765156970627,0.000351142153124,2.53696925938e-05,-2.56735417597,5.02452140154,-1.45629931128,map_000000287.png
-2.50888196116,4.95842145621,2.35106667739,0.0665158279095,0.000299947688876,1.0,-2.56735417597,5.02452140154,-1.45629931128,map_000000288.png
-2.51427744967,4.96382282339,2.35106854384,0.0665158279095,0.000299947688876,1.0,-2.56735417597,5.02452140154,-1.45629931128,map_000000289.png
-2.5196119035,4.96941901504,2.37468504072,0.0499995363547,0.000215734244181,1.0,-2.56735417597,5.02452140154,-1.45629931128,map_000000290.png
-2.52405239626,4.97454242352,2.47696661929,0.0499963660598,-0.000602957515242,1.0,-2.56735417597,5.02452140154,-1.45629931128,map_000000291.png
-2.52757026845,4.97820432889,2.57529270703,0.0499963660598,-0.000602957515242,1.0,-2.56735417597,5.02452140154,-1.45629931128,map_000000292.png
-2.53158414425,4.98167315583,2.67756615647,0.0497741160922,-0.00474737234599,1.0,-2.56735417597,5.02452140154,-1.45629931128,map_000000293.png
-2.53578014413,4.98500609984,2.77983773334,0.049108053008,-0.00940209055037,1.0,-2.56735417597,5.02452140154,-1.45629931128,map_000000294.png
-2.53996692177,4.98811226406,2.87818550021,0.0476676980758,-0.0150927378929,1.0,-2.56735417597,5.02452140154,-1.45629931128,map_000000295.png
-2.54444173324,4.99130827272,2.98045343482,0.0422966012472,-0.0266645401215,1.0,-2.56735417597,5.02452140154,-1.45629931128,map_000000296.png
-2.54878319108,4.99449244275,3.07877618569,0.0381890443152,-0.0322737830327,1.0,-2.56735417597,5.02452140154,-1.45629931128,map_000000297.png
-2.55312124085,4.99828450766,-3.10212855282,0.0381531570471,-0.0323162000287,1.0,-2.56735417597,5.02452140154,-1.45629931128,map_000000298.png
-2.55747647129,5.00223311574,-2.99986073084,0.0381531570471,-0.0323162000287,1.0,-2.56735417597,5.02452140154,-1.45629931128,map_000000299.png
-2.56200281845,5.00562921896,-2.90152848337,0.0335560191801,-0.0370674217304,1.0,-2.56735417597,5.02452140154,-1.45629931128,map_000000300.png
-2.56684095755,5.00902558645,-2.79924934238,0.0,0.0,1.0,-2.56735417597,5.02452140154,-1.45629931128,map_000000301.png
-2.56969711849,5.01114219129,-2.70090242339,0.0,0.0,1.0,-2.56735417597,5.02452140154,-1.45629931128,map_000000302.png
-2.57015507077,5.01201044884,-2.59862957226,0.0,0.0,1.0,-2.56735417597,5.02452140154,-1.45629931128,map_000000303.png
-2.57070138045,5.01282958218,-2.49635788278,0.0,0.0,1.0,-2.56735417597,5.02452140154,-1.45629931128,map_000000304.png
-2.57131301957,5.01357214603,-2.39802696042,0.0,0.0,1.0,-2.56735417597,5.02452140154,-1.45629931128,map_000000305.png
-2.57201017633,5.01426244734,-2.29575358734,0.0,0.0,1.0,-2.56735417597,5.02452140154,-1.45629931128,map_000000306.png
-2.57272918542,5.014838426,-2.19740345192,0.0,0.0,1.0,-2.56735417597,5.02452140154,-1.45629931128,map_000000307.png
-2.57355030252,5.01537625031,-2.09513076654,0.0,0.0,1.0,-2.56735417597,5.02452140154,-1.45629931128,map_000000308.png
-2.57442258188,5.01582816311,-1.99285872367,0.0,0.0,1.0,-2.56735417597,5.02452140154,-1.45629931128,map_000000309.png
-2.57531437043,5.01617893646,-1.89452728186,0.0,0.0,0.952451884747,-2.56735417597,5.02452140154,-1.45629931128,map_000000310.png
-2.57626260678,5.01644968321,-1.79225735224,0.0,0.0,0.952451884747,-2.56735417597,5.02452140154,-1.45629931128,map_000000311.png
-2.57713794896,5.01661262431,-1.69840389216,0.0,0.0,0.651866078377,-2.56735417597,5.02452140154,-1.45629931128,map_000000312.png
-2.57786012839,5.01668001255,-1.62346524584,0.0,0.0,0.358068108559,-2.56735417597,5.02452140154,-1.45629931128,map_000000313.png
-2.57834004081,5.01668807637,-1.57413871644,0.0,0.0,0.358189165592,-2.56735417597,5.02452140154,-1.45629931128,map_000000314.png
-2.57868840547,5.01669382466,-1.5389284352,0.0,0.0,0.171912461519,-2.56735417597,5.02452140154,-1.45629931128,map_000000315.png
-2.57900620532,5.0166802247,-1.50596169068,0.0,0.0,0.171971380711,-2.56735417597,5.02452140154,-1.45629931128,map_000000316.png
-2.5791576335,5.01665772272,-1.48905252707,0.0,0.0,0.119214870036,-2.56735417597,5.02452140154,-1.45629931128,map_000000317.png
-2.57933314013,5.01665331778,-1.47146873051,0.0,0.0,0.119214870036,-2.56735417597,5.02452140154,-1.45629931128,map_000000318.png
-2.57945853545,5.01664009108,-1.45844767516,0.0,0.0,0.0,-2.56735417597,5.02452140154,-1.45629931128,map_000000319.png
