-4.29033715263,2.37964836797,1.61727226026,-0.0,-0.0,-0.0,-5.45273190249,2.4733119263,-1.71780285884,map_000000000.png
-4.29033715263,2.37964836797,1.61727226026,-0.0,-0.0,-0.0,-5.45273190249,2.4733119263,-1.71780285884,map_000000001.png
-4.29033905454,2.37965028006,1.61727302545,-0.0,-0.0,-0.0,-5.45273190249,2.4733119263,-1.71780285884,map_000000002.png
-4.29033715795,2.3796483841,1.61727215807,-0.0,-0.0,-0.0,-5.45273190249,2.4733119263,-1.71780285884,map_000000003.png
-4.29033905907,2.37965029624,1.61727300748,-0.0,-0.0,-0.0,-5.45273190249,2.4733119263,-1.71780285884,map_000000004.png
-4.29032731755,2.379638509,1.61726779481,-0.0,-0.0,-0.0,-5.45273190249,2.4733119263,-1.71780285884,map_000000005.png
-4.29033906335,2.37965031241,1.61727301338,-0.0,-0.0,-0.0,-5.45273190249,2.4733119263,-1.71780285884,map_000000006.png
-4.29032732206,2.37963852486,1.61726774637,-0.0,-0.0,-0.0,-5.45273190249,2.4733119263,-1.71780285884,map_000000007.png
-4.29033716836,2.37964842504,1.61727221889,-0.0,-0.0,-0.0,-5.45273190249,2.4733119263,-1.71780285884,map_000000008.png
-4.2903273259,2.37963854156,1.61726784982,-0.0,-0.0,-0.0,-5.45273190249,2.4733119263,-1.71780285884,map_000000009.png
-4.29033717287,2.37964844121,1.61727220177,-0.0,-0.0,-0.0,-5.45273190249,2.4733119263,-1.71780285884,map_000000010.png
-4.29033907422,2.37965035334,1.61727302649,-0.0,-0.0,-0.0,-5.45273190249,2.4733119263,-1.71780285884,map_000000011.png
-4.29033717774,2.37964845736,1.61727214621,-0.0,-0.0,-0.0,-5.45273190249,2.4733119263,-1.71780285884,map_000000012.png
-4.29033907835,2.3796503695,1.61727304539,-0.0,-0.0,-0.0,-5.45273190249,2.4733119263,-1.71780285884,map_000000013.png
-4.2903273372,2.37963858207,1.61726777885,-0.0,-0.0,0.359836101532,-5.45273190249,2.4733119263,-1.71780285884,map_000000014.png
-4.29020161655,2.3796557299,1.63142548573,-0.0,-0.0,0.414769440889,-5.45273190249,2.4733119263,-1.71780285884,map_000000015.png
-4.28983811023,2.37968466616,1.669521073,-0.0,-0.0,0.414769440889,-5.45273190249,2.4733119263,-1.71780285884,map_000000016.png
-4.28943361171,2.37973309048,1.71193774634,-0.0,-0.0,0.414769440889,-5.45273190249,2.4733119263,-1.71780285884,map_000000017.png
-4.28903245062,2.37979841063,1.75435484499,-0.0,-0.0,0.414769440889,-5.45273190249,2.4733119263,-1.71780285884,map_000000018.png
-4.28864189063,2.37986999382,1.7951377232,-0.0,-0.0,0.414769440889,-5.45273190249,2.4733119263,-1.71780285884,map_000000019.png
-4.28826711383,2.37996921681,1.83756351609,-0.0,-0.0,0.414769440889,-5.45273190249,2.4733119263,-1.71780285884,map_000000020.png
-4.2878568019,2.38008413353,1.879971273,-0.0,-0.0,0.414769440889,-5.45273190249,2.4733119263,-1.71780285884,map_000000021.png
-4.2874944192,2.38021863212,1.92075846956,-0.0,-0.0,0.414769440889,-5.45273190249,2.4733119263,-1.71780285884,map_000000022.png
-4.28712070475,2.38036082325,1.96317842231,-0.0,-0.0,0.414769440889,-5.45273190249,2.4733119263,-1.71780285884,map_000000023.png
-4.28674282298,2.38052989812,2.005591729,-0.0,-0.0,0.414769440889,-5.45273190249,2.4733119263,-1.71780285884,map_000000024.png
-4.28638301347,2.38069338054,2.04637532707,-0.0,-0.0,0.414769440889,-5.45273190249,2.4733119263,-1.71780285884,map_000000025.png
-4.28604820532,2.3808816759,2.08880268394,-0.0,-0.0,0.414769440889,-5.45273190249,2.4733119263,-1.71780285884,map_000000026.png
-4.28604820532,2.3808816759,2.08880268394,-0.0,-0.0,0.414769440889,-5.45273190249,2.4733119263,-1.71780285884,map_000000027.png
-4.28569704682,2.38109508839,2.1312176121,-0.0,-0.0,0.414769440889,-5.45273190249,2.4733119263,-1.71780285884,map_000000028.png
-4.28535780919,2.38131974414,2.17199533499,-0.0,-0.0,0.414769440889,-5.45273190249,2.4733119263,-1.71780285884,map_000000029.png
-4.28502731832,2.38155704074,2.21441189703,-0.0,-0.0,0.414769440889,-5.45273190249,2.4733119263,-1.71780285884,map_000000030.png
-4.28471292255,2.38180238964,2.25683233674,-0.0,-0.0,0.414769440889,-5.45273190249,2.4733119263,-1.71780285884,map_000000031.png
-4.28442120717,2.38205129123,2.29762127348,-0.0,-0.0,0.414769440889,-5.45273190249,2.4733119263,-1.71780285884,map_000000032.png
-4.28410169165,2.38232921183,2.34003049059,-0.0,-0.0,0.428464621305,-5.45273190249,2.4733119263,-1.71780285884,map_000000033.png
-4.28383394652,2.38262029778,2.38337241937,-0.0,-0.0,0.442197948694,-5.45273190249,2.4733119263,-1.71780285884,map_000000034.png
-4.28354987283,2.38293265525,2.42614704592,-0.0,-0.0,0.442197948694,-5.45273190249,2.4733119263,-1.71780285884,map_000000035.png
-4.28326678498,2.38327277644,2.47136465862,-0.0,-0.0,0.442197948694,-5.45273190249,2.4733119263,-1.71780285884,map_000000036.png
-4.28300524163,2.3836188792,2.51658625995,0.0560510568321,-0.0,0.442197948694,-5.45273190249,2.4733119263,-1.71780285884,map_000000037.png
-4.28275931931,2.38397634822,2.56180816336,0.0560510568321,-0.0,0.442197948694,-5.45273190249,2.4733119263,-1.71780285884,map_000000038.png
-4.28710106298,2.38717084514,2.60529353783,0.136448249221,-0.0,0.442197948694,-5.45273190249,2.4733119263,-1.71780285884,map_000000039.png
-4.29757268666,2.39355862952,2.65051156263,0.190828427672,-0.0,0.30951872468,-5.45273190249,2.4733119263,-1.71780285884,map_000000040.png
-4.31296390746,2.40177817979,2.68790484203,0.245208591223,-0.0,0.126522108912,-5.45273190249,2.4733119263,-1.71780285884,map_000000041.png
-4.33209963167,2.41102237389,2.71114450945,0.264130055904,-0.0,0.0898998975754,-5.45273190249,2.4733119263,-1.71780285884,map_000000042.png
-4.35561749709,2.42176938104,2.72336595639,0.271225631237,-0.0,0.0715887919068,-5.45273190249,2.4733119263,-1.71780285884,map_000000043.png
-4.38076130215,2.43291141536,2.73248692793,0.285416722298,-0.0,0.0166936255991,-5.45273190249,2.4733119263,-1.71780285884,map_000000044.png
-4.40564551502,2.44367564538,2.73952728078,0.285416722298,-0.0,0.0166936255991,-5.45273190249,2.4733119263,-1.71780285884,map_000000045.png
-4.43274114171,2.45516704474,2.7421009382,0.292493224144,-0.0,-0.0,-5.45273190249,2.4733119263,-1.71780285884,map_000000046.png
-4.46053189681,2.46689643386,2.74268920537,0.299588769674,-0.0,-0.0,-5.45273190249,2.4733119263,-1.71780285884,map_000000047.png
-4.48777714974,2.47837459906,2.74269186595,0.306684315205,-0.0,-0.0,-5.45273190249,2.4733119263,-1.71780285884,map_000000048.png
-4.51666869,2.49055811037,2.74268924087,0.306684315205,-0.0,-0.0,-5.45273190249,2.4733119263,-1.71780285884,map_000000049.png
-4.54604907031,2.50294292471,2.74268881521,0.306684315205,-0.0,-0.0,-5.45273190249,2.4733119263,-1.71780285884,map_000000050.png
-4.5742956215,2.51484788012,2.7426892503,0.306684315205,-0.0,-0.0,-5.45273190249,2.4733119263,-1.71780285884,map_000000051.png
-4.60367600168,2.52723269501,2.74268882657,0.306684315205,-0.0,0.131099879742,-5.45273190249,2.4733119263,-1.71780285884,map_000000052.png
-4.6330608131,2.53959937854,2.75248904873,0.306684315205,-0.0,0.30951872468,-5.45273190249,2.4733119263,-1.71780285884,map_000000053.png
-4.66257483056,2.55162471584,2.77642588002,0.306684315205,-0.0,0.323252052069,-5.45273190249,2.4733119263,-1.71780285884,map_000000054.png
-4.69127778106,2.56244080689,2.8073982428,0.306684315205,-0.0,0.323252052069,-5.45273190249,2.4733119263,-1.71780285884,map_000000055.png
-4.72145787518,2.57271341054,2.84045759778,0.306684315205,-0.0,0.323252052069,-5.45273190249,2.4733119263,-1.71780285884,map_000000056.png
-4.75196116095,2.58199516272,2.87351105084,0.306684315205,-0.0,0.433042377234,-5.45273190249,2.4733119263,-1.71780285884,map_000000057.png
-4.78155352869,2.58994687524,2.90530028322,0.306684315205,-0.0,0.433042377234,-5.45273190249,2.4733119263,-1.71780285884,map_000000058.png
-4.81261450558,2.59720016472,2.94785634119,0.306684315205,-0.0,0.433042377234,-5.45273190249,2.4733119263,-1.71780285884,map_000000059.png
-4.84394750475,2.603097467,2.99213617111,0.306684315205,-0.0,0.433042377234,-5.45273190249,2.4733119263,-1.71780285884,map_000000060.png
-4.87430124906,2.60745296189,3.03471363547,0.306684315205,-0.0,0.433042377234,-5.45273190249,2.4733119263,-1.71780285884,map_000000061.png
-4.90602401182,2.61058746203,3.07900389263,0.306684315205,-0.0,0.433042377234,-5.45273190249,2.4733119263,-1.71780285884,map_000000062.png
-4.90602401182,2.61058746203,3.07900389263,0.306684315205,-0.0,0.433042377234,-5.45273190249,2.4733119263,-1.71780285884,map_000000063.png
-4.93786080324,2.6123284156,3.12328856638,0.306684315205,-0.0,0.433042377234,-5.45273190249,2.4733119263,-1.71780285884,map_000000064.png
-4.96851769074,2.61267978521,-3.11731805527,0.306684315205,-0.0,0.433042377234,-5.45273190249,2.4733119263,-1.71780285884,map_000000065.png
-5.00038664468,2.61165201745,-3.07303221593,0.306684315205,-0.0,0.433042377234,-5.45273190249,2.4733119263,-1.71780285884,map_000000066.png
-5.03217885314,2.6092143758,-3.02874634308,0.306684315205,-0.0,0.433042377234,-5.45273190249,2.4733119263,-1.71780285884,map_000000067.png
-5.06261699874,2.60553723501,-2.98615991963,0.306684315205,-0.0,0.506248652935,-5.45273190249,2.4733119263,-1.71780285884,map_000000068.png
-5.09407948779,2.60035994745,-2.93870599122,0.306684315205,-0.0,0.524559795856,-5.45273190249,2.4733119263,-1.71780285884,map_000000069.png
-5.12525021237,2.59364717186,-2.88650139919,0.306684315205,-0.0,0.524559795856,-5.45273190249,2.4733119263,-1.71780285884,map_000000070.png
-5.1548521473,2.58566513932,-2.83492423886,0.306684315205,-0.0,0.538293123245,-5.45273190249,2.4733119263,-1.71780285884,map_000000071.png
-5.18515602786,2.5757465083,-2.7812792174,0.306684315205,-0.0,0.538293123245,-5.45273190249,2.4733119263,-1.71780285884,map_000000072.png
-5.21488184773,2.56421369087,-2.72644597868,0.297223567963,-0.0,0.538293123245,-5.45273190249,2.4733119263,-1.71780285884,map_000000073.png
-5.24331918891,2.55136155136,-2.67139742227,0.278321176767,-0.0,0.538293123245,-5.45273190249,2.4733119263,-1.71780285884,map_000000074.png
-5.26884794182,2.538148002,-2.61846452008,0.235747858882,-0.0,0.538293123245,-5.45273190249,2.4733119263,-1.71780285884,map_000000075.png
-5.29263720874,2.52422257074,-2.56341610908,0.214480265975,-0.0,0.538293123245,-5.45273190249,2.4733119263,-1.71780285884,map_000000076.png
-5.31282096109,2.51093374007,-2.50837047159,0.205019533634,-0.0,0.538293123245,-5.45273190249,2.4733119263,-1.71780285884,map_000000077.png
-5.33008936696,2.49821467677,-2.45544062584,0.205019533634,-0.0,0.538293123245,-5.45273190249,2.4733119263,-1.71780285884,map_000000078.png
-5.34659748537,2.48464909544,-2.40039461224,0.145889922976,-0.0,0.538293123245,-5.45273190249,2.4733119263,-1.71780285884,map_000000079.png
-5.35890698214,2.47354540132,-2.34534903874,0.0678579062223,-0.0,0.538293123245,-5.45273190249,2.4733119263,-1.71780285884,map_000000080.png
-5.36606720072,2.46666625156,-2.29241960938,0.00165181432385,-0.0,0.538293123245,-5.45273190249,2.4733119263,-1.71780285884,map_000000081.png
-5.36932117368,2.4636583204,-2.23737293237,-0.0,-0.0,-0.0,-5.45273190249,2.4733119263,-1.71780285884,map_000000082.png
-5.3697158707,2.46378821743,-2.19502293121,-0.0,-0.0,-0.0,-5.45273190249,2.4733119263,-1.71780285884,map_000000083.png
-5.36972542076,2.46379772584,-2.19502916726,-0.0,-0.0,0.0670110136271,-5.45273190249,2.4733119263,-1.71780285884,map_000000084.png
-5.36972538848,2.46379776526,-2.19502919773,-0.0,-0.0,0.0670110136271,-5.45273190249,2.4733119263,-1.71780285884,map_000000085.png
-5.36977071359,2.46383009503,-2.18923051411,-0.0,-0.0,0.135639518499,-5.45273190249,2.4733119263,-1.71780285884,map_000000086.png
-5.36985639652,2.46389038378,-2.17805112547,-0.0,-0.0,0.332407593727,-5.45273190249,2.4733119263,-1.71780285884,map_000000087.png
-5.37004858839,2.46402094755,-2.15412027248,-0.0,-0.0,0.332407593727,-5.45273190249,2.4733119263,-1.71780285884,map_000000088.png
-5.37033214686,2.46418814635,-2.12012878673,-0.0,-0.0,0.332407593727,-5.45273190249,2.4733119263,-1.71780285884,map_000000089.png
-5.37059406297,2.46435613751,-2.08744231007,-0.0,-0.0,0.359836101532,-5.45273190249,2.4733119263,-1.71780285884,map_000000090.png
-5.37088843158,2.46450483948,-2.05345124466,-0.0,-0.0,0.359836101532,-5.45273190249,2.4733119263,-1.71780285884,map_000000091.png
-5.37119522354,2.46467093413,-2.01676011973,-0.0,-0.0,0.405613869429,-5.45273190249,2.4733119263,-1.71780285884,map_000000092.png
-5.37154832184,2.46483154977,-1.9763615652,-0.0,-0.0,0.433042377234,-5.45273190249,2.4733119263,-1.71780285884,map_000000093.png
-5.37191744924,2.46498155206,-1.93486008487,-0.0,-0.0,0.433042377234,-5.45273190249,2.4733119263,-1.71780285884,map_000000094.png
-5.37231784924,2.46512456859,-1.8905761467,-0.0,-0.164773240685,-0.0,-5.45273190249,2.4733119263,-1.71780285884,map_000000095.png
-5.37641307336,2.46632702203,-1.85650611029,-0.0,-0.275917857885,-0.0,-5.45273190249,2.4733119263,-1.71780285884,map_000000096.png
-5.3926503981,2.47110333447,-1.85651090149,-0.0,-0.313741713762,-0.0,-5.45273190249,2.4733119263,-1.71780285884,map_000000097.png
-5.42016966893,2.47918692992,-1.85650944398,-0.0,-0.313741713762,-0.0,-5.45273190249,2.4733119263,-1.71780285884,map_000000098.png
-5.45088123765,2.48820813194,-1.8565078828,-0.0,-0.313741713762,-0.0,-5.45273190249,2.4733119263,-1.71780285884,map_000000099.png
-5.48096043491,2.49703684606,-1.85650098771,-0.0,-0.313741713762,-0.0,-5.45273190249,2.4733119263,-1.71780285884,map_000000100.png
-5.48096043491,2.49703684606,-1.85650098771,-0.0,-0.0,-0.0,-5.45273190249,2.4733119263,-1.71780285884,map_000000101.png
-5.51225245056,2.50622842977,-1.85649906383,-0.0,-0.0,-0.0,-5.45273190249,2.4733119263,-1.71780285884,map_000000102.png
-5.53391616236,2.51259180341,-1.85649818961,-0.0,-0.0,-0.0,-5.45273190249,2.4733119263,-1.71780285884,map_000000103.png
-5.5339255396,2.51260120369,-1.85650341024,-0.0,-0.0,-0.0,-5.45273190249,2.4733119263,-1.71780285884,map_000000104.png
-5.53392550335,2.51260116226,-1.856503392,-0.0,-0.0,-0.0,-5.45273190249,2.4733119263,-1.71780285884,map_000000105.png
-5.5339254671,2.51260112083,-1.85650337501,-0.0,-0.0,-0.0,-5.45273190249,2.4733119263,-1.71780285884,map_000000106.png
-5.53391601988,2.51259164097,-1.85649818472,-0.0,-0.0,-0.0,-5.45273190249,2.4733119263,-1.71780285884,map_000000107.png
-5.53391598361,2.51259159953,-1.85649816762,-0.0,-0.0,-0.0,-5.45273190249,2.4733119263,-1.71780285884,map_000000108.png
-5.53391594735,2.51259155809,-1.85649815154,-0.0,-0.0,-0.0,-5.45273190249,2.4733119263,-1.71780285884,map_000000109.png
-5.5339253242,2.5126009581,-1.85650337683,-0.0,-0.0,-0.0,-5.45273190249,2.4733119263,-1.71780285884,map_000000110.png
-5.53392528793,2.51260091666,-1.85650336119,-0.0,-0.0,-0.0,-5.45273190249,2.4733119263,-1.71780285884,map_000000111.png
-5.53392525166,2.51260087523,-1.85650334622,-0.0,-0.0,-0.0,-5.45273190249,2.4733119263,-1.71780285884,map_000000112.png
-5.53392521506,2.5126008337,-1.856503364,-0.0,0.0815912336111,-0.0,-5.45273190249,2.4733119263,-1.71780285884,map_000000113.png
-5.52890801849,2.51112037584,-1.85649839672,-0.0,0.0910519734025,-0.0,-5.45273190249,2.4733119263,-1.71780285884,map_000000114.png
-5.52033488856,2.50860206348,-1.85649857052,-0.0,0.0981475263834,-0.0,-5.45273190249,2.4733119263,-1.71780285884,map_000000115.png
-5.5110631399,2.50587853479,-1.85649950151,-0.0,0.0981475263834,-0.0,-5.45273190249,2.4733119263,-1.71780285884,map_000000116.png
-5.50166021127,2.50312314067,-1.85650493086,-0.0,0.0697653144598,-0.0,-5.45273190249,2.4733119263,-1.71780285884,map_000000117.png
-5.49187131918,2.50024769397,-1.85650544305,-0.0,0.0697653144598,-0.0,-5.45273190249,2.4733119263,-1.71780285884,map_000000118.png
-5.48469541225,2.49813978967,-1.85650579112,-0.0,-0.0,-0.0,-5.45273190249,2.4733119263,-1.71780285884,map_000000119.png
-5.48281258294,2.49758001565,-1.85650064336,-0.0,-0.0,-0.0,-5.45273190249,2.4733119263,-1.71780285884,map_000000120.png
-5.4828125448,2.49757997418,-1.8565009079,-0.0,-0.0,-0.0,-5.45273190249,2.4733119263,-1.71780285884,map_000000121.png
-5.48281250853,2.49757993274,-1.85650089206,-0.0,-0.0,-0.0,-5.45273190249,2.4733119263,-1.71780285884,map_000000122.png
-5.48282188674,2.49758933277,-1.85650591245,-0.0,-0.0,0.414769440889,-5.45273190249,2.4733119263,-1.71780285884,map_000000123.png
-5.48282185047,2.49758929133,-1.85650589736,-0.0,-0.0,0.442197948694,-5.45273190249,2.4733119263,-1.71780285884,map_000000124.png
-5.48321065531,2.49769167545,-1.81408632208,-0.0,-0.0,0.442197948694,-5.45273190249,2.4733119263,-1.71780285884,map_000000125.png
-5.4836053027,2.49778062879,-1.77103077683,-0.0,-0.0,0.442197948694,-5.45273190249,2.4733119263,-1.71780285884,map_000000126.png
-5.48403158622,2.49784976077,-1.72580784776,-0.0,-0.0,0.341563165188,-5.45273190249,2.4733119263,-1.71780285884,map_000000127.png
-5.48442122051,2.49791244845,-1.68533832702,-0.0,-0.0,-0.0,-5.45273190249,2.4733119263,-1.71780285884,map_000000128.png
