1.88456783832,3.38615243861,2.47836424714,0.0,0.0,0.0,-3.3426801043,3.25318269563,2.66348738643,map_000000001.png
1.8845562446,3.38616401732,2.47836327171,0.0,0.0,0.0,-3.3426801043,3.25318269563,2.66348738643,map_000000002.png
1.88456782643,3.38615244703,2.47836416275,0.0,0.0,0.0,-3.3426801043,3.25318269563,2.66348738643,map_000000003.png
1.88455623477,3.38616402547,2.47836330599,0.0509408054644,-0.0317022792497,0.175169527531,-3.3426801043,3.25318269563,2.66348738643,map_000000004.png
1.8845678169,3.38615245541,2.47836423631,0.0628490097417,-0.0308221029879,0.1752281636,-3.3426801043,3.25318269563,2.66348738643,map_000000005.png
1.88246722837,3.39213701724,2.49627785061,0.0628490097417,-0.0308221029879,0.1752281636,-3.3426801043,3.25318269563,2.66348738643,map_000000006.png
1.87950658771,3.39837809222,2.51350908618,0.0741509584644,-0.0300272409177,0.175284132361,-3.3426801043,3.25318269563,2.66348738643,map_000000007.png
1.87550176449,3.40531382236,2.53143175968,0.0871490316576,-0.0224732187264,0.148471087217,-3.3426801043,3.25318269563,2.66348738643,map_000000008.png
1.87051046633,3.41217033005,2.54750688773,0.0987399086152,-0.0158249578776,0.122672639787,-3.3426801043,3.25318269563,2.66348738643,map_000000009.png
1.86396352947,3.41927125669,2.56198032589,0.119914996233,-0.00451570242111,0.071746557951,-3.3426801043,3.25318269563,2.66348738643,map_000000010.png
1.85600903524,3.42634232372,2.57392497705,0.1299977435,-0.000765451480075,0.0500591956079,-3.3426801043,3.25318269563,2.66348738643,map_000000011.png
1.84616790743,3.4331816596,2.58098185213,0.1299977435,-0.000765451480075,0.0500591956079,-3.3426801043,3.25318269563,2.66348738643,map_000000012.png
1.83488747683,3.44043113492,2.5863567862,0.139990989713,0.00158840539872,0.0321577750146,-3.3426801043,3.25318269563,2.66348738643,map_000000013.png
1.8231996727,3.44757911375,2.59001309989,0.14998502466,0.00211973392192,0.0215820465237,-3.3426801043,3.25318269563,2.66348738643,map_000000014.png
1.81021849132,3.45534586011,2.59271780711,0.159984230705,0.0022469989708,0.0215881019831,-3.3426801043,3.25318269563,2.66348738643,map_000000015.png
1.79649324144,3.46348126182,2.5949248646,0.166863405299,0.0675026833769,0.445207178593,-3.3426801043,3.25318269563,2.66348738643,map_000000016.png
1.78212732544,3.47080525289,2.60371459904,0.145986056044,0.121606261186,0.772742569447,-3.3426801043,3.25318269563,2.66348738643,map_000000017.png
1.7637818921,3.47364362156,2.64924512606,0.15456445354,0.126924559125,0.772998869419,-3.3426801043,3.25318269563,2.66348738643,map_000000018.png
1.74568692891,3.47028556525,2.72265746415,0.15456445354,0.126924559125,0.772998869419,-3.3426801043,3.25318269563,2.66348738643,map_000000019.png
1.72638616722,3.46476142893,2.80170000593,0.158568232554,0.137681269533,0.691774845123,-3.3426801043,3.25318269563,2.66348738643,map_000000020.png
1.70688475589,3.45706286524,2.87563922274,0.20458155489,0.105101908438,0.487357079983,-3.3426801043,3.25318269563,2.66348738643,map_000000021.png
1.68672811248,3.44976680106,2.93481645926,0.213989068666,0.108667858997,0.487517952919,-3.3426801043,3.25318269563,2.66348738643,map_000000022.png
1.6636842413,3.44329697458,2.98466598456,0.236767882264,0.0802558392294,0.376769989729,-3.3426801043,3.25318269563,2.66348738643,map_000000023.png
1.64101977748,3.4359718485,3.03216564272,0.253983564424,0.0556091335032,0.300699055195,-3.3426801043,3.25318269563,2.66348738643,map_000000024.png
1.64101977748,3.4359718485,3.03216564272,0.253983564424,0.0556091335032,0.300699055195,-3.3426801043,3.25318269563,2.66348738643,map_000000025.png
1.6157857094,3.43026645396,3.07069426718,0.268201534392,0.0311119998723,0.226023286581,-3.3426801043,3.25318269563,2.66348738643,map_000000026.png
1.58930460837,3.42594719208,3.1023430167,0.287965215606,-0.0342935863138,0.0599531829357,-3.3426801043,3.25318269563,2.66348738643,map_000000027.png
1.56285428618,3.42298936822,3.12691821747,0.287965215606,-0.0342935863138,0.0599531829357,-3.3426801043,3.25318269563,2.66348738643,map_000000028.png
1.5339327847,3.42345077512,3.14154155578,0.298007043238,-0.0345225398413,0.0599713847041,-3.3426801043,3.25318269563,2.66348738643,map_000000029.png
1.50485558279,3.4268605024,-3.13574689653,0.305664815063,-0.0516625914942,0.00314585771412,-3.3426801043,3.25318269563,2.66348738643,map_000000030.png
1.47374926391,3.43043469749,-3.13028483475,0.315690935657,-0.0523376590738,0.00314511405304,-3.3426801043,3.25318269563,2.66348738643,map_000000031.png
1.44191206087,3.43544570075,-3.12996416998,0.326459436065,-0.0482102150813,-0.00570091232657,-3.3426801043,3.25318269563,2.66348738643,map_000000032.png
1.41041950173,3.4402995396,-3.12965427046,0.326459436065,-0.0482102150813,-0.00570091232657,-3.3426801043,3.25318269563,2.66348738643,map_000000033.png
1.37672290615,3.44502612067,-3.12999470149,0.348343885034,-0.0340075041931,-0.0127539811656,-3.3426801043,3.25318269563,2.66348738643,map_000000034.png
1.34282509925,3.44865872429,-3.13094280602,0.349119691025,-0.0248079880733,-0.0132248708978,-3.3426801043,3.25318269563,2.66348738643,map_000000035.png
1.30654946251,3.45145226033,-3.13226670059,0.349659627176,-0.0154317872156,-0.0124096414074,-3.3426801043,3.25318269563,2.66348738643,map_000000036.png
1.27023842877,3.4535039048,-3.13359725123,0.349909991379,-0.00793680457187,-0.0108253220096,-3.3426801043,3.25318269563,2.66348738643,map_000000037.png
1.23526500435,3.45478765553,-3.13482345484,0.349989646081,0.00269120231947,-0.00676257908344,-3.3426801043,3.25318269563,2.66348738643,map_000000038.png
1.19889761279,3.45536329684,-3.13592452521,0.349989646081,0.00269120231947,-0.00676257908344,-3.3426801043,3.25318269563,2.66348738643,map_000000039.png
1.16390391418,3.45508405724,-3.13665931727,0.349952206425,0.00578343771717,-0.00487759709358,-3.3426801043,3.25318269563,2.66348738643,map_000000040.png
1.12753758411,3.45442046351,-3.13722635267,0.349920833831,0.00744345247041,-0.00320257339627,-3.3426801043,3.25318269563,2.66348738643,map_000000041.png
1.09115305945,3.4535947949,-3.13765100839,0.349924382643,0.00727470725817,-0.00210322905332,-3.3426801043,3.25318269563,2.66348738643,map_000000042.png
1.05618865442,3.45270949882,-3.1379350699,0.349943733666,0.00627520529412,-0.00124084856361,-3.3426801043,3.25318269563,2.66348738643,map_000000043.png
1.01980509748,3.45183992252,-3.13814823045,0.349984414584,0.00330219346951,-0.000174067448825,-3.3426801043,3.25318269563,2.66348738643,map_000000044.png
0.984837755435,3.4510831832,-3.13826526188,0.349984414584,0.00330219346951,-0.000174067448825,-3.3426801043,3.25318269563,2.66348738643,map_000000045.png
0.948447352656,3.45058180117,-3.13830478671,0.34999583466,0.00170606390106,0.000148132909089,-3.3426801043,3.25318269563,2.66348738643,map_000000046.png
0.912062452408,3.45023570941,-3.13830069176,0.349999880888,0.00027984341612,0.000324102584273,-3.3426801043,3.25318269563,2.66348738643,map_000000047.png
0.877080354742,3.45002206762,-3.1382763336,0.349999328687,-0.000681800565169,0.000383155420423,-3.3426801043,3.25318269563,2.66348738643,map_000000048.png
0.840693935298,3.44990466852,-3.1382421441,0.349997346823,-0.00136093727525,0.000375368166715,-3.3426801043,3.25318269563,2.66348738643,map_000000049.png
0.805711149631,3.44986150156,-3.13820364695,0.349994065212,-0.00203697085541,0.000284957699478,-3.3426801043,3.25318269563,2.66348738643,map_000000050.png
0.769324509598,3.44988122029,-3.13816616991,0.349994065212,-0.00203697085541,0.000284957699478,-3.3426801043,3.25318269563,2.66348738643,map_000000051.png
0.732952136868,3.44995353517,-3.13813088416,0.349993455428,-0.0021391800989,0.000225536525249,-3.3426801043,3.25318269563,2.66348738643,map_000000052.png
0.69795526148,3.45005548782,-3.13811314152,0.349993594816,-0.00211625176441,0.000167984049767,-3.3426801043,3.25318269563,2.66348738643,map_000000053.png
0.66158291271,3.45013788239,-3.13808756418,0.349994352745,-0.00198695256356,0.000113342422992,-3.3426801043,3.25318269563,2.66348738643,map_000000054.png
0.626586021603,3.45023337674,-3.13807908452,0.34999618221,-0.00163320922661,4.48916107416e-05,-3.3426801043,3.25318269563,2.66348738643,map_000000055.png
0.590213624558,3.4502930921,-3.13806299508,0.349997023618,-0.00144166286955,3.0776951462e-05,-3.3426801043,3.25318269563,2.66348738643,map_000000056.png
0.553819474852,3.45034439298,-3.1380634137,0.349997495939,-0.00132203258924,4.88664954901e-06,-3.3426801043,3.25318269563,2.66348738643,map_000000057.png
0.518844197121,3.45035511111,-3.13805544466,0.349997495939,-0.00132203258924,4.88664954901e-06,-3.3426801043,3.25318269563,2.66348738643,map_000000058.png
0.482450027761,3.45037619861,-3.13805937282,0.349997894404,-0.00121195976016,3.7495046854e-06,-3.3426801043,3.25318269563,2.66348738643,map_000000059.png
0.447474743424,3.45036779533,-3.13805394971,0.34999798772,-0.00118470473421,-9.9684111774e-06,-3.3426801043,3.25318269563,2.66348738643,map_000000060.png
0.411080569942,3.45037381031,-3.13805908829,0.349998129316,-0.00114210732449,-1.57477334142e-05,-3.3426801043,3.25318269563,2.66348738643,map_000000061.png
0.374693921648,3.45036907366,-3.13806125785,0.349998159195,-0.00113291376366,-1.75167806447e-05,-3.3426801043,3.25318269563,2.66348738643,map_000000062.png
0.33971111498,3.45035764508,-3.13806190922,0.349998205216,-0.00111860595715,-8.32322984934e-06,-3.3426801043,3.25318269563,2.66348738643,map_000000063.png
0.303324468953,3.45034882443,-3.13806459881,0.349998205216,-0.00111860595715,-8.32322984934e-06,-3.3426801043,3.25318269563,2.66348738643,map_000000064.png
0.268341660485,3.45033540709,-3.13806460893,0.349998162121,-0.00113200956316,-9.11206007004e-06,-3.3426801043,3.25318269563,2.66348738643,map_000000065.png
0.231955011787,3.45032615404,-3.13806642766,0.349998136936,-0.00113976968603,-6.84289261699e-06,-3.3426801043,3.25318269563,2.66348738643,map_000000066.png
0.231955011787,3.45032615404,-3.13806642766,0.349998106224,-0.00114916209073,-1.03553757071e-05,-3.3426801043,3.25318269563,2.66348738643,map_000000067.png
0.19558254398,3.45030411233,-3.13806144928,0.349998074951,-0.00115864768188,-9.39145684242e-06,-3.3426801043,3.25318269563,2.66348738643,map_000000068.png
0.160585552954,3.45030668417,-3.138068023,0.349997948209,-0.00119632079347,-1.86217948794e-05,-3.3426801043,3.25318269563,2.66348738643,map_000000069.png
0.124213085469,3.45028623451,-3.1380631986,0.349997948209,-0.00119632079347,-1.86217948794e-05,-3.3426801043,3.25318269563,2.66348738643,map_000000070.png
0.0892160941868,3.45029045824,-3.13807004948,0.349997948209,-0.00119632079347,-1.86217948794e-05,-3.3426801043,3.25318269563,2.66348738643,map_000000071.png
0.0528436266584,3.4502745353,-3.1380659788,0.349997999313,-0.00118127486832,-1.05262733996e-05,-3.3426801043,3.25318269563,2.66348738643,map_000000072.png
0.0164494533119,3.45027937313,-3.13807218996,0.349997826681,-0.00123136178091,-1.71167775989e-05,-3.3426801043,3.25318269563,2.66348738643,map_000000073.png
-0.0185258323114,3.45026740732,-3.13806868316,0.349997850756,-0.00122449972199,-1.88797712326e-05,-3.3426801043,3.25318269563,2.66348738643,map_000000074.png
-0.0549200054502,3.45027691604,-3.13807550548,0.34999782814,-0.00123094704118,-1.65863893926e-05,-3.3426801043,3.25318269563,2.66348738643,map_000000075.png
-0.0898952906255,3.45026651587,-3.13807236004,0.349997925802,-0.00120285809732,-8.11507925391e-06,-3.3426801043,3.25318269563,2.66348738643,map_000000076.png
-0.126289461713,3.45027638801,-3.13807892829,0.349997874001,-0.00121783765424,-1.45914964378e-05,-3.3426801043,3.25318269563,2.66348738643,map_000000077.png
-0.16267611157,3.45027545211,-3.13808070368,0.349997874001,-0.00121783765424,-1.45914964378e-05,-3.3426801043,3.25318269563,2.66348738643,map_000000078.png
-0.197658921578,3.45027210575,-3.13808117101,0.349997995273,-0.00118247143494,-8.25896859169e-06,-3.3426801043,3.25318269563,2.66348738643,map_000000079.png
-0.234045570578,3.45027040732,-3.13808317786,0.349998014343,-0.00117681343157,-7.35279172659e-06,-3.3426801043,3.25318269563,2.66348738643,map_000000080.png
-0.270418038119,3.45025352277,-3.13807807538,0.349998015539,-0.0011764575496,-8.40704888105e-06,-3.3426801043,3.25318269563,2.66348738643,map_000000081.png
-0.305415029426,3.4502600684,-3.13808468764,0.349998029319,-0.00117235069689,-7.15302303433e-06,-3.3426801043,3.25318269563,2.66348738643,map_000000082.png
-0.341787496975,3.45024285937,-3.13807968744,0.34999793168,-0.00120114655783,-1.65617093444e-05,-3.3426801043,3.25318269563,2.66348738643,map_000000083.png
-0.376784487632,3.45024902717,-3.13808623172,0.34999793168,-0.00120114655783,-1.65617093444e-05,-3.3426801043,3.25318269563,2.66348738643,map_000000084.png
-0.41315695537,3.45023426476,-3.1380820407,0.349997904392,-0.00120907190665,-1.76546163857e-05,-3.3426801043,3.25318269563,2.66348738643,map_000000085.png
-0.449551128524,3.4502419945,-3.13808870311,0.349997975275,-0.00118837574334,-9.59495082498e-06,-3.3426801043,3.25318269563,2.66348738643,map_000000086.png
-0.484526414083,3.4502292279,-3.1380850975,0.349997890305,-0.00121314286448,-1.76345929503e-05,-3.3426801043,3.25318269563,2.66348738643,map_000000087.png
-0.520920586589,3.45023602458,-3.13809128613,0.349997971468,-0.00118949636111,-9.3961134553e-06,-3.3426801043,3.25318269563,2.66348738643,map_000000088.png
-0.555895870273,3.45022453589,-3.13808794287,0.34999797399,-0.00118875409592,-9.02684405446e-06,-3.3426801043,3.25318269563,2.66348738643,map_000000089.png
-0.592290043704,3.45023066083,-3.13809398852,0.349997911535,-0.0012070022566,-1.57924368978e-05,-3.3426801043,3.25318269563,2.66348738643,map_000000090.png
-0.628676690701,3.45022880273,-3.13809571049,0.349997911535,-0.0012070022566,-1.57924368978e-05,-3.3426801043,3.25318269563,2.66348738643,map_000000091.png
-0.663659499406,3.45022477366,-3.13809623431,0.349997979861,-0.00118702447392,-8.47689807415e-06,-3.3426801043,3.25318269563,2.66348738643,map_000000092.png
-0.70004614687,3.45022362486,-3.13809828069,0.349997988843,-0.00118437312216,-7.64289870858e-06,-3.3426801043,3.25318269563,2.66348738643,map_000000093.png
-0.73502895619,3.45021793569,-3.13809819061,0.349997981536,-0.00118653027534,-8.60542058945e-06,-3.3426801043,3.25318269563,2.66348738643,map_000000094.png
-0.77141560495,3.45021582761,-3.13809995657,0.349997975165,-0.0011884080691,-9.52417030931e-06,-3.3426801043,3.25318269563,2.66348738643,map_000000095.png
-0.807788071756,3.45020028354,-3.13809496294,0.349997981086,-0.00118666298196,-8.97934660316e-06,-3.3426801043,3.25318269563,2.66348738643,map_000000096.png
-0.842785061762,3.45020859201,-3.13810173455,0.349997981086,-0.00118666298196,-8.97934660316e-06,-3.3426801043,3.25318269563,2.66348738643,map_000000097.png
-0.879157528333,3.45019313524,-3.13809679906,0.349997885961,-0.00121439552477,-1.92890875041e-05,-3.3426801043,3.25318269563,2.66348738643,map_000000098.png
-0.914154519386,3.45020322042,-3.13810422921,0.349997968108,-0.00119048478297,-1.08811073005e-05,-3.3426801043,3.25318269563,2.66348738643,map_000000099.png
-0.950526986921,3.45018948157,-3.13809995939,0.349997870729,-0.00121877744851,-2.28914432228e-05,-3.3426801043,3.25318269563,2.66348738643,map_000000100.png
-0.986921160125,3.45019716493,-3.13810641829,0.349997863622,-0.00122081687754,-4.23910096288e-05,-3.3426801043,3.25318269563,2.66348738643,map_000000101.png
-1.02189644607,3.45018716439,-3.13810394744,0.349997936666,-0.001199693035,-3.44570726156e-05,-3.3426801043,3.25318269563,2.66348738643,map_000000102.png
-1.0582906189,3.45019715315,-3.13811312641,0.349997936666,-0.001199693035,-3.44570726156e-05,-3.3426801043,3.25318269563,2.66348738643,map_000000103.png
-1.0932659062,3.45018759125,-3.13811237103,0.349997851612,-0.0012242550059,-6.81676901877e-05,-3.3426801043,3.25318269563,2.66348738643,map_000000104.png
-1.12966007909,3.45019774552,-3.13812358125,0.349997892845,-0.00121240973475,-0.000110878609121,-3.3426801043,3.25318269563,2.66348738643,map_000000105.png
-1.16604672781,3.4501999961,-3.13813395149,0.349997841375,-0.0012271783316,-0.00011556269601,-3.3426801043,3.25318269563,2.66348738643,map_000000106.png
-1.20102953551,3.45019886776,-3.13814420657,0.349997825244,-0.00123177037836,-0.000203520525247,-3.3426801043,3.25318269563,2.66348738643,map_000000107.png
-1.23741618695,3.45020301947,-3.13815893016,0.34999765931,-0.00127804984621,-0.000381458550692,-3.3426801043,3.25318269563,2.66348738643,map_000000108.png
-1.27239899293,3.45020417641,-3.13817805172,0.349997198094,-0.00139866374487,-0.000704555306584,-3.3426801043,3.25318269563,2.66348738643,map_000000109.png
-1.27239899293,3.45020417641,-3.13817805172,0.349997198094,-0.00139866374487,-0.000704555306584,-3.3426801043,3.25318269563,2.66348738643,map_000000110.png
-1.3087856459,3.45021496956,-3.13821797951,0.349996345418,-0.00159785091682,-0.00134875299409,-3.3426801043,3.25318269563,2.66348738643,map_000000111.png
-1.34515810494,3.45022427311,-3.13827916895,0.349994671487,-0.0019299907623,-0.00253387866542,-3.3426801043,3.25318269563,2.66348738643,map_000000112.png
-1.38015508275,3.4502741545,-3.1383973481,0.349994671487,-0.0019299907623,-0.00253387866542,-3.3426801043,3.25318269563,2.66348738643,map_000000113.png
-1.41652747661,3.45032908976,-3.13858531601,0.349980161458,-0.00372579115708,-0.00833803974092,-3.3426801043,3.25318269563,2.66348738643,map_000000114.png
-1.45152434629,3.45043293335,-3.13883787721,0.349980161458,-0.00372579115708,-0.00833803974092,-3.3426801043,3.25318269563,2.66348738643,map_000000115.png
-1.48789658244,3.45054582085,-3.1391283836,0.349955175469,-0.00560090136298,-0.0153869921342,-3.3426801043,3.25318269563,2.66348738643,map_000000116.png
-1.52428933101,3.45086012388,-3.13998607429,0.349955175469,-0.00560090136298,-0.0153869921342,-3.3426801043,3.25318269563,2.66348738643,map_000000117.png
-1.55926092507,3.4513486039,-3.14143877196,0.349947233012,-0.00607692691038,-0.0149580910802,-3.3426801043,3.25318269563,2.66348738643,map_000000118.png
-1.59564934081,3.45198358736,3.14020028423,0.349868964744,-0.00957613923574,-0.0272505246103,-3.3426801043,3.25318269563,2.66348738643,map_000000119.png
-1.6306140128,3.45282174323,3.13810563099,0.349649536541,-0.0156587525057,-0.0501241050661,-3.3426801043,3.25318269563,2.66348738643,map_000000120.png
-1.66697150157,3.45418196962,3.13450886514,0.348776776005,-0.0292362010692,-0.0905076116323,-3.3426801043,3.25318269563,2.66348738643,map_000000121.png
-1.70328744164,3.45632030418,3.12874716039,0.34333749402,-0.0512716399709,-0.169395402074,-3.3426801043,3.25318269563,2.66348738643,map_000000122.png
-1.73810642111,3.45976299309,3.11984247819,0.32606928494,-0.0875046614912,-0.315172731876,-3.3426801043,3.25318269563,2.66348738643,map_000000123.png
-1.77362919642,3.46599829353,3.10251879878,0.32606928494,-0.0875046614912,-0.315172731876,-3.3426801043,3.25318269563,2.66348738643,map_000000124.png
-1.80603218586,3.47557367021,3.07382320619,0.325287783661,-0.0935811540602,-0.301922440529,-3.3426801043,3.25318269563,2.66348738643,map_000000125.png
-1.83900665617,3.48754637777,3.04241907061,0.293227567187,-0.148045770783,-0.530216038227,-3.3426801043,3.25318269563,2.66348738643,map_000000126.png
-1.86964924886,3.50312136779,3.00077187096,0.291923718065,-0.145910335536,-0.487350970507,-3.3426801043,3.25318269563,2.66348738643,map_000000127.png
-1.89617868579,3.52201249262,2.94981141608,0.315440002343,-0.116764883363,-0.334189355373,-3.3426801043,3.25318269563,2.66348738643,map_000000128.png
-1.92302780429,3.54260193434,2.90177772994,0.34256867648,-0.0548063046981,-0.173613354564,-3.3426801043,3.25318269563,2.66348738643,map_000000129.png
-1.95066280133,3.56156784215,2.86891211242,0.34256867648,-0.0548063046981,-0.173613354564,-3.3426801043,3.25318269563,2.66348738643,map_000000130.png
-1.98298279414,3.57718885741,2.84990121488,0.34894910907,-0.0236394177617,-0.130548834801,-3.3426801043,3.25318269563,2.66348738643,map_000000131.png
-2.01654098003,3.59089763646,2.83535465676,0.348401078569,0.0334168129139,0.0327522009611,-3.3426801043,3.25318269563,2.66348738643,map_000000132.png
-2.0500090231,3.60069458666,2.83151598063,0.345751492485,0.0543681927066,0.0612780861557,-3.3426801043,3.25318269563,2.66348738643,map_000000133.png
-2.08571388832,3.60758412529,2.83598667405,0.332983833538,0.0960839704122,0.187458828092,-3.3426801043,3.25318269563,2.66348738643,map_000000134.png
-2.12030501622,3.6120679328,2.84399874661,0.310529141923,0.1354221776,0.30667874217,-3.3426801043,3.25318269563,2.66348738643,map_000000135.png
-2.15627041476,3.61250532938,2.86317215409,0.301273280687,0.14824842095,0.352610230446,-3.3426801043,3.25318269563,2.66348738643,map_000000136.png
-2.19103952701,3.60761494717,2.89453246381,0.301273280687,0.14824842095,0.352610230446,-3.3426801043,3.25318269563,2.66348738643,map_000000137.png
-2.22378870071,3.60070340166,2.92829977322,0.299463808817,0.149287867633,0.370443493128,-3.3426801043,3.25318269563,2.66348738643,map_000000138.png
-2.25733347558,3.59193096252,2.96548318688,0.311690052372,0.129944672809,0.323524981737,-3.3426801043,3.25318269563,2.66348738643,map_000000139.png
-2.28960501569,3.58319184016,2.99987535822,0.31850792441,0.114420169424,0.312270760536,-3.3426801043,3.25318269563,2.66348738643,map_000000140.png
-2.32354905924,3.57461636029,3.03265382527,0.338623156218,0.0624443677348,0.222420275211,-3.3426801043,3.25318269563,2.66348738643,map_000000141.png
-2.35771516387,3.5665880096,3.06388403952,0.33860226937,0.062557526857,0.222492754459,-3.3426801043,3.25318269563,2.66348738643,map_000000142.png
-2.39190516098,3.56285318483,3.08575065173,0.33860226937,0.062557526857,0.222492754459,-3.3426801043,3.25318269563,2.66348738643,map_000000143.png
-2.42735577062,3.55815673709,3.10850300418,0.349941702023,0.00638749707565,0.118018396199,-3.3426801043,3.25318269563,2.66348738643,map_000000144.png
-2.46205880503,3.55694327207,3.12299125529,0.349878590928,-0.00921772987259,0.0852561146021,-3.3426801043,3.25318269563,2.66348738643,map_000000145.png
-2.49844266798,3.55768072513,3.1333814906,0.34881958531,-0.0287209303106,0.0472809001803,-3.3426801043,3.25318269563,2.66348738643,map_000000146.png
-2.5347729961,3.55956530105,3.14075612419,0.347972436113,-0.03761886015,0.0233381055295,-3.3426801043,3.25318269563,2.66348738643,map_000000147.png
-2.56963660817,3.56253626842,-3.13806071224,0.347615983245,-0.0407814066236,0.0077587957494,-3.3426801043,3.25318269563,2.66348738643,map_000000148.png
-2.60583034546,3.56630118935,-3.13567323821,0.347615983245,-0.0407814066236,0.0077587957494,-3.3426801043,3.25318269563,2.66348738643,map_000000149.png
-2.64065046088,3.56983000274,-3.13337270589,0.348600498449,-0.0312679934573,0.00718926917762,-3.3426801043,3.25318269563,2.66348738643,map_000000150.png
-2.67687331996,3.57302837822,-3.13256027432,0.356624403652,-0.0268690311219,-0.00547548476607,-3.3426801043,3.25318269563,2.66348738643,map_000000151.png
-2.67687331996,3.57302837822,-3.13256027432,0.357002821645,-0.0212578326868,-0.00893456116319,-3.3426801043,3.25318269563,2.66348738643,map_000000152.png
-2.71362916354,3.5756875592,-3.13257738068,0.347310361037,-0.0150244280667,-0.0088851256296,-3.3426801043,3.25318269563,2.66348738643,map_000000153.png
-2.74930193483,3.57782117147,-3.13324690796,0.337579119373,-0.00615281881228,0.00606654025614,-3.3426801043,3.25318269563,2.66348738643,map_000000154.png
-2.78624555704,3.5796155383,-3.13416460746,0.337579119373,-0.00615281881228,0.00606654025614,-3.3426801043,3.25318269563,2.66348738643,map_000000155.png
-2.82096167898,3.58085579131,-3.13503344097,0.327457980565,0.0107746025238,0.0356524214149,-3.3426801043,3.25318269563,2.66348738643,map_000000156.png
-2.85606816684,3.58127060081,-3.13441786272,0.327457980565,0.0107746025238,0.0356524214149,-3.3426801043,3.25318269563,2.66348738643,map_000000157.png
-2.89030518809,3.58023041457,-3.13135287753,0.306558430806,0.025716851707,0.0823677107692,-3.3426801043,3.25318269563,2.66348738643,map_000000158.png
-2.92167305456,3.57785888984,-3.12490595675,0.294091228753,0.0457938256202,0.159410402179,-3.3426801043,3.25318269563,2.66348738643,map_000000159.png
-2.95286010327,3.57366785187,-3.1128452067,0.283349272452,0.0494693421793,0.154864311218,-3.3426801043,3.25318269563,2.66348738643,map_000000160.png
-2.98176375836,3.56807502457,-3.09728899246,0.266565708077,0.0776147756415,0.285636335611,-3.3426801043,3.25318269563,2.66348738643,map_000000161.png
-3.01078641398,3.56135878771,-3.08042511306,0.256255510686,0.0772123267651,0.267638653517,-3.3426801043,3.25318269563,2.66348738643,map_000000162.png
-3.03783444314,3.5515172969,-3.05121860626,0.256255510686,0.0772123267651,0.267638653517,-3.3426801043,3.25318269563,2.66348738643,map_000000163.png
-3.06261657023,3.54143238615,-3.0247534209,0.216657949778,0.119927288683,0.512714326382,-3.3426801043,3.25318269563,2.66348738643,map_000000164.png
-3.08455139551,3.52751077112,-2.97906957564,0.208776968399,0.113501941877,0.469073563814,-3.3426801043,3.25318269563,2.66348738643,map_000000165.png
-3.10408941254,3.51198345374,-2.9290390339,0.201346746152,0.106194614338,0.429530203342,-3.3426801043,3.25318269563,2.66348738643,map_000000166.png
-3.12165890836,3.49684680923,-2.88431745808,0.192851561732,0.100863146536,0.449343055487,-3.3426801043,3.25318269563,2.66348738643,map_000000167.png
-3.13873623875,3.48103957396,-2.84000093006,0.191923497038,0.0792323466358,0.374445050955,-3.3426801043,3.25318269563,2.66348738643,map_000000168.png
-3.15395181081,3.46575663346,-2.79581136541,0.178015704574,0.0593075560368,0.390949398279,-3.3426801043,3.25318269563,2.66348738643,map_000000169.png
-3.16952144092,3.45053928461,-2.75486268575,0.178015704574,0.0593075560368,0.390949398279,-3.3426801043,3.25318269563,2.66348738643,map_000000170.png
-3.18438068553,3.43735926209,-2.71527708569,0.173105924603,0.0398573632206,0.324793189764,-3.3426801043,3.25318269563,2.66348738643,map_000000171.png
-3.19829900857,3.4258551373,-2.68074398089,0.161347130302,0.0454826215128,0.460095733404,-3.3426801043,3.25318269563,2.66348738643,map_000000172.png
-3.21200976187,3.4142350186,-2.6421972599,0.153714651979,0.0349380240442,0.40086838603,-3.3426801043,3.25318269563,2.66348738643,map_000000173.png
-3.22393521374,3.40290739527,-2.59813077664,0.136313752092,0.0190265728089,0.291494041681,-3.3426801043,3.25318269563,2.66348738643,map_000000174.png
-3.23568568879,3.39171949759,-2.55756208452,0.123980715853,0.030323670629,0.442345291376,-3.3426801043,3.25318269563,2.66348738643,map_000000175.png
-3.24644208257,3.38234316904,-2.52775419366,0.123980715853,0.030323670629,0.442345291376,-3.3426801043,3.25318269563,2.66348738643,map_000000176.png
-3.25507488838,3.37290909994,-2.48603494499,0.114952016502,0.0249814653959,0.381637275219,-3.3426801043,3.25318269563,2.66348738643,map_000000177.png
-3.26314743337,3.36335564485,-2.44485286913,0.105252063032,0.0225241960119,0.337050199509,-3.3426801043,3.25318269563,2.66348738643,map_000000178.png
-3.27015439063,3.35460415062,-2.40943616987,0.0985655570241,0.016801158328,0.274581164122,-3.3426801043,3.25318269563,2.66348738643,map_000000179.png
-3.27677179657,3.34592181476,-2.37669052484,0.089307807637,0.0157262449628,0.305991053581,-3.3426801043,3.25318269563,2.66348738643,map_000000180.png
-3.28296096326,3.33776175347,-2.34823697267,0.0798841098207,0.0113177509602,0.256971985102,-3.3426801043,3.25318269563,2.66348738643,map_000000181.png
-3.28819919971,3.33041819891,-2.3181451447,0.0798841098207,0.0113177509602,0.256971985102,-3.3426801043,3.25318269563,2.66348738643,map_000000182.png
-3.29310160572,3.323552281,-2.2914762977,0.0742987746128,0.00834676776648,0.214374691248,-3.3426801043,3.25318269563,2.66348738643,map_000000183.png
-3.29752072544,3.31735165539,-2.26923060099,0.0747969310379,0.00570564525935,0.169305711985,-3.3426801043,3.25318269563,2.66348738643,map_000000184.png
-3.30203662266,3.31102753363,-2.24979006129,0.0748021448494,0.00563687914093,0.169359460473,-3.3426801043,3.25318269563,2.66348738643,map_000000185.png
-3.30653631071,3.30467063934,-2.23247351111,0.0751716111506,0.00118772101392,0.0960706919432,-3.3426801043,3.25318269563,2.66348738643,map_000000186.png
-3.3108158135,3.2985214747,-2.21697348934,0.0751448160764,-0.00233204224168,0.0409643538296,-3.3426801043,3.25318269563,2.66348738643,map_000000187.png
-3.31547704545,3.2922508992,-2.20715468859,0.0651213168176,-0.00278861342968,-1.0,-3.3426801043,3.25318269563,2.66348738643,map_000000188.png
-3.32013977997,3.28635343475,-2.20312058261,0.0651213168176,-0.00278861342968,-1.0,-3.3426801043,3.25318269563,2.66348738643,map_000000189.png
-3.32410144774,3.28055372351,-2.28084574175,0.0550927019666,-0.00312027534976,-1.0,-3.3426801043,3.25318269563,2.66348738643,map_000000190.png
-3.3278225462,3.27564154674,-2.38311841164,0.0499980964899,0.000436490935337,-1.0,-3.3426801043,3.25318269563,2.66348738643,map_000000191.png
-3.33129001098,3.27157597698,-2.48144680392,0.0499987407287,0.000355109134546,-1.0,-3.3426801043,3.25318269563,2.66348738643,map_000000192.png
-3.3349642572,3.26775513742,-2.58372029448,0.0486767231415,0.0114270206596,-1.0,-3.3426801043,3.25318269563,2.66348738643,map_000000193.png
-3.33882854234,3.26443806743,-2.68206735411,0.0467603462887,0.0177050894353,-1.0,-3.3426801043,3.25318269563,2.66348738643,map_000000194.png
-3.34260023642,3.26043167341,-2.78433902791,0.0467603462887,0.0177050894353,-1.0,-3.3426801043,3.25318269563,2.66348738643,map_000000195.png
-3.34260023642,3.26043167341,-2.78433902791,0.0467769238907,0.0176612448109,-1.0,-3.3426801043,3.25318269563,2.66348738643,map_000000196.png
-3.34643848595,3.25635561671,-2.88661120286,0.0467769238907,0.0176612448109,-1.0,-3.3426801043,3.25318269563,2.66348738643,map_000000197.png
-3.35044048218,3.2527145646,-2.98493574011,0.0401665640164,0.0297766235841,-1.0,-3.3426801043,3.25318269563,2.66348738643,map_000000198.png
-3.35456658308,3.24878196061,-3.08719901006,0.0358933364424,0.0348090300925,-1.0,-3.3426801043,3.25318269563,2.66348738643,map_000000199.png
-3.3584375653,3.24468954856,3.09765049192,0.0305189763365,0.0396054574563,-0.9445322752,-3.3426801043,3.25318269563,2.66348738643,map_000000200.png
-3.36251928214,3.24039339049,2.99603645853,0.0,0.0,-0.791454672813,-3.3426801043,3.25318269563,2.66348738643,map_000000201.png
-3.36659430771,3.23606819642,2.89942802198,0.0,0.0,-0.791454672813,-3.3426801043,3.25318269563,2.66348738643,map_000000202.png
-3.3669625737,3.23520382798,2.82100611768,0.0,0.0,-0.491796255112,-3.3426801043,3.25318269563,2.66348738643,map_000000203.png
-3.36715152879,3.23468633744,2.76364005261,0.0,0.0,-0.229583263397,-3.3426801043,3.25318269563,2.66348738643,map_000000204.png
-3.36727468788,3.23438773914,2.72971841249,0.0,0.0,-0.143612936139,-3.3426801043,3.25318269563,2.66348738643,map_000000205.png
-3.36735572379,3.23420990006,2.70962266804,0.0,0.0,-0.0927805379033,-3.3426801043,3.25318269563,2.66348738643,map_000000206.png
-3.3674115377,3.23409106292,2.69593571652,0.0,0.0,-0.0928136557341,-3.3426801043,3.25318269563,2.66348738643,map_000000207.png
-3.36744963278,3.23401228503,2.68681243087,0.0,0.0,0.0,-3.3426801043,3.25318269563,2.66348738643,map_000000208.png
