0.573189156068,4.4398414537,-2.48771998553,0.0,0.0,0.0,-0.803828523132,1.34930018587,0.134196166705,map_000000001.png
0.573189193222,4.4398415142,-2.48771993162,0.0,0.0,0.0,-0.803828523132,1.34930018587,0.134196166705,map_000000002.png
0.573180054939,4.43983236992,-2.4877193071,0.0,0.0,0.0,-0.803828523132,1.34930018587,0.134196166705,map_000000003.png
0.573192446689,4.43984474152,-2.48772017484,0.0,0.0,0.0,-0.803828523132,1.34930018587,0.134196166705,map_000000004.png
0.573189116029,4.43984145089,-2.48771988893,0.0,0.0,0.0,-0.803828523132,1.34930018587,0.134196166705,map_000000005.png
0.573198818505,4.43983175174,-2.48771347592,0.0563249177687,-0.0415632493492,0.0788575559855,-0.803828523132,1.34930018587,0.134196166705,map_000000006.png
0.56868261301,4.43978744098,-2.48275693719,0.0683591442693,-0.041557517167,0.0788810104132,-0.803828523132,1.34930018587,0.134196166705,map_000000007.png
0.56122617369,4.43933045057,-2.47500074152,0.0798050901351,-0.0416070530958,0.078895278275,-0.803828523132,1.34930018587,0.134196166705,map_000000008.png
0.552683559039,4.43815231865,-2.46692694987,0.0932098943126,-0.0362203595701,0.071484349668,-0.803828523132,1.34930018587,0.134196166705,map_000000009.png
0.543777067218,4.4364021979,-2.45920450013,0.118369301476,-0.0197156373968,0.0477782934904,-0.803828523132,1.34930018587,0.134196166705,map_000000010.png
0.534230906616,4.43335498892,-2.45217417456,0.118369301476,-0.0197156373968,0.0477782934904,-0.803828523132,1.34930018587,0.134196166705,map_000000011.png
0.523973143145,4.42782055203,-2.44710318593,0.129458213203,-0.0118562331831,0.0362081043422,-0.803828523132,1.34930018587,0.134196166705,map_000000012.png
0.513410613975,4.42097169689,-2.44308061093,0.139906081145,-0.0051272498666,0.0256722420454,-0.803828523132,1.34930018587,0.134196166705,map_000000013.png
0.502134081382,4.41275265309,-2.43983923113,0.14999640052,-0.00103957930945,0.0180718712509,-0.803828523132,1.34930018587,0.134196166705,map_000000014.png
0.490996721275,4.40388870664,-2.43749372259,0.159992420345,0.00155836792992,0.0120415836573,-0.803828523132,1.34930018587,0.134196166705,map_000000015.png
0.47948437745,4.39422075289,-2.4357332001,0.179964966432,0.00355234402924,0.0036627589725,-0.803828523132,1.34930018587,0.134196166705,map_000000016.png
0.467402335106,4.38373909455,-2.43455481076,0.179964966432,0.00355234402924,0.0036627589725,-0.803828523132,1.34930018587,0.134196166705,map_000000017.png
0.45369583411,4.37159393348,-2.43401474003,0.184540205611,0.0452208340474,0.297409147024,-0.803828523132,1.34930018587,0.134196166705,map_000000018.png
0.441748233886,4.35747448185,-2.41515889843,0.192920462203,0.0527419118965,0.295738250017,-0.803828523132,1.34930018587,0.134196166705,map_000000019.png
0.430941414635,4.34146046852,-2.38598593708,0.200984329111,0.0608713052884,0.295024216175,-0.803828523132,1.34930018587,0.134196166705,map_000000020.png
0.420568646448,4.32422191513,-2.35691637796,0.211610773797,0.060173904453,0.266836315393,-0.803828523132,1.34930018587,0.134196166705,map_000000021.png
0.410332997464,4.3050283063,-2.32674102002,0.224286387268,0.0854145278856,0.390199929476,-0.803828523132,1.34930018587,0.134196166705,map_000000022.png
0.400249716692,4.28556466482,-2.30050899039,0.224286387268,0.0854145278856,0.390199929476,-0.803828523132,1.34930018587,0.134196166705,map_000000023.png
0.39157170786,4.26376752404,-2.26456041502,0.200488871782,0.149346048137,0.822357416153,-0.803828523132,1.34930018587,0.134196166705,map_000000024.png
0.387804941707,4.24005518845,-2.20069590503,0.206051683184,0.158564594358,0.783280730247,-0.803828523132,1.34930018587,0.134196166705,map_000000025.png
0.388667727403,4.21411905677,-2.11828689058,0.215684452706,0.162419938576,0.729616224766,-0.803828523132,1.34930018587,0.134196166705,map_000000026.png
0.391783657243,4.18850480014,-2.04252208817,0.24623000459,0.153201828647,0.650335669518,-0.803828523132,1.34930018587,0.134196166705,map_000000027.png
0.396723339321,4.16239921741,-1.97078327313,0.263715224418,0.143018474284,0.620206832886,-0.803828523132,1.34930018587,0.134196166705,map_000000028.png
0.401560065244,4.13413551512,-1.90682696104,0.263715224418,0.143018474284,0.620206832886,-0.803828523132,1.34930018587,0.134196166705,map_000000029.png
0.407230056629,4.10396181586,-1.84280576377,0.287822872461,0.115143374171,0.512802243233,-0.803828523132,1.34930018587,0.134196166705,map_000000030.png
0.412239513611,4.07404213202,-1.78816093538,0.304765413793,0.0975604426444,0.465795129538,-0.803828523132,1.34930018587,0.134196166705,map_000000031.png
0.416657431996,4.04308878089,-1.73976506891,0.323063387885,0.06730553946,0.369915366173,-0.803828523132,1.34930018587,0.134196166705,map_000000032.png
0.420632071622,4.01125052055,-1.69623101996,0.340437472931,0.0271005238909,0.270467162132,-0.803828523132,1.34930018587,0.134196166705,map_000000033.png
0.423308286281,3.97703602995,-1.65918252329,0.345758544542,0.00469511609897,0.205252915621,-0.803828523132,1.34930018587,0.134196166705,map_000000034.png
0.423189134084,3.94291523315,-1.63258421061,0.345758544542,0.00469511609897,0.205252915621,-0.803828523132,1.34930018587,0.134196166705,map_000000035.png
0.422043184889,3.90844867822,-1.61137767613,0.349349987489,-0.0141919148197,0.146556809545,-0.803828523132,1.34930018587,0.134196166705,map_000000036.png
0.420036448661,3.87369901697,-1.59488814043,0.349172528183,-0.0240528687663,0.104962445796,-0.803828523132,1.34930018587,0.134196166705,map_000000037.png
0.417480783688,3.83881447637,-1.58211902191,0.348742851182,-0.0296381288692,0.0731842294335,-0.803828523132,1.34930018587,0.134196166705,map_000000038.png
0.414531772891,3.8025495994,-1.57213289383,0.348535827157,-0.031980808643,0.0278537403792,-0.803828523132,1.34930018587,0.134196166705,map_000000039.png
0.411575098834,3.76768138112,-1.56493758548,0.348714623439,-0.0299684222766,0.0128804203123,-0.803828523132,1.34930018587,0.134196166705,map_000000040.png
0.408600525239,3.7328186015,-1.56219912059,0.348714623439,-0.0299684222766,0.0128804203123,-0.803828523132,1.34930018587,0.134196166705,map_000000041.png
0.405888973226,3.69792653073,-1.56063383224,0.348958597879,-0.0269794718297,0.0018024109304,-0.803828523132,1.34930018587,0.134196166705,map_000000042.png
0.403333668349,3.66163771115,-1.56001793636,0.349288665727,-0.0223029802504,-0.00246456358582,-0.803828523132,1.34930018587,0.134196166705,map_000000043.png
0.401201745765,3.62671657053,-1.56000838013,0.349554367843,-0.0176561279875,-0.00490202661604,-0.803828523132,1.34930018587,0.134196166705,map_000000044.png
0.399459240491,3.59177329391,-1.56030805727,0.349890922262,-0.00873713065482,-0.00589710008353,-0.803828523132,1.34930018587,0.134196166705,map_000000045.png
0.398057402495,3.55681398583,-1.56078817118,0.349961636213,-0.00518151645438,-0.00547799654305,-0.803828523132,1.34930018587,0.134196166705,map_000000046.png
0.397517647146,3.52042182167,-1.56138513613,0.349961636213,-0.00518151645438,-0.00547799654305,-0.803828523132,1.34930018587,0.134196166705,map_000000047.png
0.39726791072,3.48543538703,-1.56192874736,0.349993108818,-0.00219515685242,-0.00476305838674,-0.803828523132,1.34930018587,0.134196166705,map_000000048.png
0.397247287033,3.4504480691,-1.56242052938,0.349998935008,-0.000860480476524,-0.003886195831,-0.803828523132,1.34930018587,0.134196166705,map_000000049.png
0.39736147845,3.41547016482,-1.56285801728,0.349999953397,0.000165998770324,-0.00234965886921,-0.803828523132,1.34930018587,0.134196166705,map_000000050.png
0.397582135208,3.37908393188,-1.56321914251,0.349999956709,0.000158862056667,-0.00170136895031,-0.803828523132,1.34930018587,0.134196166705,map_000000051.png
0.397871428631,3.34408832001,-1.56344329149,0.349999981071,-9.04655211656e-05,-0.00116579327732,-0.803828523132,1.34930018587,0.134196166705,map_000000052.png
0.398134017287,3.30911142448,-1.56361500393,0.349999981071,-9.04655211656e-05,-0.00116579327732,-0.803828523132,1.34930018587,0.134196166705,map_000000053.png
0.398380152414,3.27412437794,-1.56374028783,0.349999591046,-0.000530284023885,-0.00117047596723,-0.803828523132,1.34930018587,0.134196166705,map_000000054.png
0.398590935976,3.23772928565,-1.56386424919,0.349998724818,-0.000942103551267,-0.000580471940339,-0.803828523132,1.34930018587,0.134196166705,map_000000055.png
0.398772469109,3.20275178752,-1.5639516354,0.349995982019,-0.00167556094047,-0.000214680097997,-0.803828523132,1.34930018587,0.134196166705,map_000000056.png
0.398902702098,3.16776413023,-1.56400146123,0.349996148886,-0.00164033490579,-0.000218145549297,-0.803828523132,1.34930018587,0.134196166705,map_000000057.png
0.39897277014,3.13277730519,-1.56402255415,0.349994629595,-0.00193757284798,-9.05320048332e-05,-0.803828523132,1.34930018587,0.134196166705,map_000000058.png
0.399048640027,3.0963905827,-1.56404488841,0.349994629595,-0.00193757284798,-9.05320048332e-05,-0.803828523132,1.34930018587,0.134196166705,map_000000059.png
0.399095880791,3.06140270317,-1.56405556768,0.349992512193,-0.00228830554272,-9.2126429081e-06,-0.803828523132,1.34930018587,0.134196166705,map_000000060.png
0.399115499977,3.02641581542,-1.56405956093,0.349991532628,-0.00243352059104,-8.80025327206e-05,-0.803828523132,1.34930018587,0.134196166705,map_000000061.png
0.39912597607,2.99141907258,-1.56405942214,0.349991186315,-0.0024828281354,-7.882155478e-05,-0.803828523132,1.34930018587,0.134196166705,map_000000062.png
0.399107554543,2.95504110235,-1.56407229302,0.349990243652,-0.00261233274334,-0.000484477728605,-0.803828523132,1.34930018587,0.134196166705,map_000000063.png
0.399094028074,2.92005420971,-1.56408164251,0.349987425237,-0.00296599221236,-0.00164373405278,-0.803828523132,1.34930018587,0.134196166705,map_000000064.png
0.399076793772,2.88505748177,-1.56412486313,0.349987425237,-0.00296599221236,-0.00164373405278,-0.803828523132,1.34930018587,0.134196166705,map_000000065.png
0.399010743364,2.85007960336,-1.56426807675,0.349979754528,-0.0037638217855,-0.0044467439875,-0.803828523132,1.34930018587,0.134196166705,map_000000066.png
0.398893578756,2.8150919407,-1.56459515089,0.349953604304,-0.00569822503312,-0.0101150562987,-0.803828523132,1.34930018587,0.134196166705,map_000000067.png
0.398639786553,2.77870611675,-1.56529451639,0.349882576636,-0.00906518065421,-0.0212024226785,-0.803828523132,1.34930018587,0.134196166705,map_000000068.png
0.398189464554,2.74372188172,-1.56650569651,0.349882585494,-0.00906483873644,-0.0212128683925,-0.803828523132,1.34930018587,0.134196166705,map_000000069.png
0.397418378284,2.70874327208,-1.56858894124,0.349087655311,-0.0252547786173,-0.0794033259153,-0.803828523132,1.34930018587,0.134196166705,map_000000070.png
0.396574449066,2.67376634482,-1.5706732373,0.349087655311,-0.0252547786173,-0.0794033259153,-0.803828523132,1.34930018587,0.134196166705,map_000000071.png
0.396574449066,2.67376634482,-1.5706732373,0.349085300937,-0.0252873012307,-0.0794331654906,-0.803828523132,1.34930018587,0.134196166705,map_000000072.png
0.391504155004,2.60258774769,-1.58521784059,0.331584204807,-0.0780059789891,-0.263874292374,-0.803828523132,1.34930018587,0.134196166705,map_000000073.png
0.386342516873,2.5685045642,-1.60028463246,0.331542343884,-0.0781837057671,-0.263965576887,-0.803828523132,1.34930018587,0.134196166705,map_000000074.png
0.377402948311,2.53570573766,-1.62623490141,0.331078852397,-0.0833211690111,-0.252354890108,-0.803828523132,1.34930018587,0.134196166705,map_000000075.png
0.367208325825,2.50185092859,-1.65322223534,0.302773765793,-0.134742837531,-0.454913198948,-0.803828523132,1.34930018587,0.134196166705,map_000000076.png
0.367208325825,2.50185092859,-1.65322223534,0.302773765793,-0.134742837531,-0.454913198948,-0.803828523132,1.34930018587,0.134196166705,map_000000077.png
0.340238958257,2.44059923254,-1.7187847741,0.254108701525,-0.196795099204,-0.771557927132,-0.803828523132,1.34930018587,0.134196166705,map_000000078.png
0.319403196446,2.41635768536,-1.78096002341,0.198496957918,-0.22785519461,-0.851936340332,-0.803828523132,1.34930018587,0.134196166705,map_000000079.png
0.319403196446,2.41635768536,-1.78096002341,0.205805241321,-0.228266573952,-0.773492276669,-0.803828523132,1.34930018587,0.134196166705,map_000000080.png
0.293249294037,2.39806808211,-1.86302275666,0.240710240269,-0.203812614246,-0.650658965111,-0.803828523132,1.34930018587,0.134196166705,map_000000081.png
0.265937863429,2.38635016722,-1.9452518117,0.240710240269,-0.203812614246,-0.650658965111,-0.803828523132,1.34930018587,0.134196166705,map_000000082.png
0.237467177374,2.37632221551,-2.02131493722,0.240075838601,-0.204559510208,-0.650878727436,-0.803828523132,1.34930018587,0.134196166705,map_000000083.png
0.208792518862,2.36431403284,-2.08577496784,0.240075838601,-0.204559510208,-0.650878727436,-0.803828523132,1.34930018587,0.134196166705,map_000000084.png
0.178196850358,2.35370787175,-2.15233511174,0.322113881449,-0.0863330092168,-0.355426311493,-0.803828523132,1.34930018587,0.134196166705,map_000000085.png
0.151028539812,2.33729489248,-2.19889806308,0.323379794004,-0.0866155916564,-0.355547428131,-0.803828523132,1.34930018587,0.134196166705,map_000000086.png
0.12501521273,2.31652523187,-2.23385225405,0.337531768003,-0.0409896132207,-0.275753945112,-0.803828523132,1.34930018587,0.134196166705,map_000000087.png
0.0986206418406,2.29597499746,-2.26755952265,0.344459184779,-0.00931088935071,-0.20600399375,-0.803828523132,1.34930018587,0.134196166705,map_000000088.png
0.0727140884222,2.2719742904,-2.29575965757,0.347212703737,0.0090124685638,-0.164160311222,-0.803828523132,1.34930018587,0.134196166705,map_000000089.png
0.0490771300698,2.24690892025,-2.31601406776,0.347212703737,0.0090124685638,-0.164160311222,-0.803828523132,1.34930018587,0.134196166705,map_000000090.png
0.0258867922915,2.22116424023,-2.33297076504,0.346572369072,0.0488629504769,-0.046611148864,-0.803828523132,1.34930018587,0.134196166705,map_000000091.png
0.00382327871853,2.19419954905,-2.34431416625,0.346572369072,0.0488629504769,-0.046611148864,-0.803828523132,1.34930018587,0.134196166705,map_000000092.png
-0.0172467515796,2.1662585476,-2.35079799033,0.346183664734,0.0515447883424,-0.0241556279361,-0.803828523132,1.34930018587,0.134196166705,map_000000093.png
-0.0389667831005,2.13705996764,-2.35511934636,0.346485884077,0.0494724880026,-0.00715103698894,-0.803828523132,1.34930018587,0.134196166705,map_000000094.png
-0.0597875738394,2.1089423495,-2.35749775072,0.347410840594,0.0424935615299,0.00100559135899,-0.803828523132,1.34930018587,0.134196166705,map_000000095.png
-0.080822696025,2.08098404324,-2.35819948241,0.347410840594,0.0424935615299,0.00100559135899,-0.803828523132,1.34930018587,0.134196166705,map_000000096.png
-0.10230000129,2.0533653067,-2.35829155011,0.349109620604,0.0249493033086,0.0102484850213,-0.803828523132,1.34930018587,0.134196166705,map_000000097.png
-0.125525002051,2.02536878979,-2.35767191184,0.34992661038,0.00716674832389,0.0114401429892,-0.803828523132,1.34930018587,0.134196166705,map_000000098.png
-0.148954273986,1.99940011705,-2.35662711576,0.349924567628,0.00726580373923,0.0114414989948,-0.803828523132,1.34930018587,0.134196166705,map_000000099.png
-0.173186224799,1.9741622546,-2.35550061222,0.349999819486,0.000348271789599,0.010169358924,-0.803828523132,1.34930018587,0.134196166705,map_000000100.png
-0.197383473175,1.94889240873,-2.3543743115,0.349999819486,0.000348271789599,0.010169358924,-0.803828523132,1.34930018587,0.134196166705,map_000000101.png
-0.222994532633,1.92304608074,-2.3533226767,0.359960349242,-0.00534185680865,0.0069752112031,-0.803828523132,1.34930018587,0.134196166705,map_000000102.png
-0.248474079893,1.89797346531,-2.3525602118,0.369135099951,-0.00735947094756,0.0052849301137,-0.803828523132,1.34930018587,0.134196166705,map_000000103.png
-0.274642300244,1.87252495692,-2.35196576201,0.359121496066,-0.00790382585159,0.0043576634489,-0.803828523132,1.34930018587,0.134196166705,map_000000104.png
-0.300920740473,1.84706728648,-2.35146703385,0.349134668912,-0.00717922837526,0.00493815727532,-0.803828523132,1.34930018587,0.134196166705,map_000000105.png
-0.327666222671,1.82123323113,-2.35101740285,0.339150695425,-0.00626091375835,0.00404567131773,-0.803828523132,1.34930018587,0.134196166705,map_000000106.png
-0.352724288417,1.79692977674,-2.35053034946,0.339150695425,-0.00626091375835,0.00404567131773,-0.803828523132,1.34930018587,0.134196166705,map_000000107.png
-0.377025191194,1.77322388022,-2.35012093153,0.319195694563,-0.00285907506382,0.00633980426937,-0.803828523132,1.34930018587,0.134196166705,map_000000108.png
-0.400121652066,1.75040336454,-2.34956585673,0.309208502367,-7.34802210086e-05,0.0129484776407,-0.803828523132,1.34930018587,0.134196166705,map_000000109.png
-0.423136103026,1.72727822656,-2.34855237737,0.299205891359,0.00125357255772,0.0123362094164,-0.803828523132,1.34930018587,0.134196166705,map_000000110.png
-0.444529112761,1.70546915233,-2.34729288445,0.289168927722,0.00478591963244,0.0254151895642,-0.803828523132,1.34930018587,0.134196166705,map_000000111.png
-0.46529202309,1.68410768132,-2.34593080572,0.279154698014,0.00548281102986,0.0239009819925,-0.803828523132,1.34930018587,0.134196166705,map_000000112.png
-0.485171233933,1.66311643801,-2.34343014284,0.279154698014,0.00548281102986,0.0239009819925,-0.803828523132,1.34930018587,0.134196166705,map_000000113.png
-0.505062740155,1.64186700022,-2.34096656406,0.258980377965,0.0108737703528,0.0460926368833,-0.803828523132,1.34930018587,0.134196166705,map_000000114.png
-0.52274167859,1.62227708628,-2.33696346501,0.248983920398,0.0105787780332,0.042354542762,-0.803828523132,1.34930018587,0.134196166705,map_000000115.png
-0.539522644067,1.60327599602,-2.33263567076,0.238561380204,0.017584049759,0.0811902731657,-0.803828523132,1.34930018587,0.134196166705,map_000000116.png
-0.555532192558,1.58461522455,-2.32724114199,0.228579979483,0.0169632349282,0.0752102211118,-0.803828523132,1.34930018587,0.134196166705,map_000000117.png
-0.570538426394,1.56616279107,-2.31933478736,0.218639124878,0.015789705408,0.068741120398,-0.803828523132,1.34930018587,0.134196166705,map_000000118.png
-0.58540519038,1.5475454224,-2.31164323372,0.1975473952,0.0256722663402,0.128284648061,-0.803828523132,1.34930018587,0.134196166705,map_000000119.png
-0.59898438451,1.53035362098,-2.30488481405,0.1975473952,0.0256722663402,0.128284648061,-0.803828523132,1.34930018587,0.134196166705,map_000000120.png
-0.610744485136,1.51381638231,-2.29344717985,0.188233000343,0.0191885971694,0.0824717432261,-0.803828523132,1.34930018587,0.134196166705,map_000000121.png
-0.621783420398,1.4979801626,-2.2835304076,0.178434276548,0.0166404052864,0.072359085083,-0.803828523132,1.34930018587,0.134196166705,map_000000122.png
-0.632887874597,1.48223986321,-2.2754943808,0.16882010649,0.0114582359443,0.055224224925,-0.803828523132,1.34930018587,0.134196166705,map_000000123.png
-0.643131140237,1.46779505827,-2.26871598479,0.158917335585,-0.00962438325342,-0.103845648468,-0.803828523132,1.34930018587,0.134196166705,map_000000124.png
-0.653102143184,1.4541355434,-2.26328458328,0.137338037625,-0.02274353221,-0.126145601273,-0.803828523132,1.34930018587,0.134196166705,map_000000125.png
-0.6639572432,1.44252469461,-2.27349505933,0.137338037625,-0.02274353221,-0.126145601273,-0.803828523132,1.34930018587,0.134196166705,map_000000126.png
-0.675057070724,1.43253570233,-2.28586879417,0.126169235855,-0.0278596191578,-0.13433727622,-0.803828523132,1.34930018587,0.134196166705,map_000000127.png
-0.685524194643,1.42435137587,-2.29875655952,0.113302144358,-0.0370579107756,-0.245792493224,-0.803828523132,1.34930018587,0.134196166705,map_000000128.png
-0.695855058268,1.41731530765,-2.31590997046,0.103367525568,-0.0352370561761,-0.227316305041,-0.803828523132,1.34930018587,0.134196166705,map_000000129.png
-0.706029392918,1.4115632463,-2.33979078234,0.085151162338,-0.026597661724,-0.182404577732,-0.803828523132,1.34930018587,0.134196166705,map_000000130.png
-0.716023301313,1.40633500985,-2.36303055359,0.0804877410399,-0.0198747263938,-0.146646559238,-0.803828523132,1.34930018587,0.134196166705,map_000000131.png
-0.723872042259,1.40220241321,-2.38097100411,0.0804877410399,-0.0198747263938,-0.146646559238,-0.803828523132,1.34930018587,0.134196166705,map_000000132.png
-0.731193019341,1.39808364063,-2.39623440144,0.0819944600512,-0.0133280431966,-0.111838169396,-0.803828523132,1.34930018587,0.134196166705,map_000000133.png
-0.738222675208,1.39370772947,-2.40873667729,0.0826690305283,-0.00815840707771,-0.0849671363831,-0.803828523132,1.34930018587,0.134196166705,map_000000134.png
-0.745328757488,1.3888527278,-2.41922185582,0.0722146550261,-0.0111516676732,1.0,-0.803828523132,1.34930018587,0.134196166705,map_000000135.png
-0.752035567885,1.38422308559,-2.4105003858,0.0527013750183,-0.00624949061947,1.0,-0.803828523132,1.34930018587,0.134196166705,map_000000136.png
-0.758593203742,1.38059640468,-2.31214466734,0.0527013750183,-0.00624949061947,1.0,-0.803828523132,1.34930018587,0.134196166705,map_000000137.png
-0.763248675092,1.3775262166,-2.21381659344,0.0495998537223,-0.00631305691989,1.0,-0.803828523132,1.34930018587,0.134196166705,map_000000138.png
-0.767541939142,1.37409385524,-2.11154389454,0.0490501555425,-0.00969960917829,1.0,-0.803828523132,1.34930018587,0.134196166705,map_000000139.png
-0.771416547017,1.37058171683,-2.01319757394,0.0479368211499,-0.0142148287009,1.0,-0.803828523132,1.34930018587,0.134196166705,map_000000140.png
-0.775189249028,1.36688596708,-1.91486814273,0.0459479844567,-0.019717578485,1.0,-0.803828523132,1.34930018587,0.134196166705,map_000000141.png
-0.778909536195,1.36303067328,-1.81651906514,0.0393452071421,-0.0308537656032,1.0,-0.803828523132,1.34930018587,0.134196166705,map_000000142.png
-0.782698804747,1.3591177137,-1.71819548272,0.0393452071421,-0.0308537656032,1.0,-0.803828523132,1.34930018587,0.134196166705,map_000000143.png
-0.787184990573,1.35539210083,-1.61592491931,0.0346125024696,-0.0360828886004,1.0,-0.803828523132,1.34930018587,0.134196166705,map_000000144.png
-0.791598284231,1.35180110328,-1.51758625901,0.0291502830029,-0.0406234067725,1.0,-0.803828523132,1.34930018587,0.134196166705,map_000000145.png
-0.796086534275,1.34819134464,-1.4192562659,0.0238734014168,-0.0439324581801,1.0,-0.803828523132,1.34930018587,0.134196166705,map_000000146.png
-0.800552236667,1.34451644163,-1.32090501516,0.0129555349581,-0.0482923833632,1.0,-0.803828523132,1.34930018587,0.134196166705,map_000000147.png
-0.805235291246,1.34066733006,-1.2186253075,0.0,0.0,1.0,-0.803828523132,1.34930018587,0.134196166705,map_000000148.png
-0.810064838455,1.33722583511,-1.12029410501,0.0,0.0,1.0,-0.803828523132,1.34930018587,0.134196166705,map_000000149.png
-0.811031723096,1.33665252424,-1.02194676149,0.0,0.0,1.0,-0.803828523132,1.34930018587,0.134196166705,map_000000150.png
-0.811831074561,1.33610970674,-0.923617851125,0.0,0.0,1.0,-0.803828523132,1.34930018587,0.134196166705,map_000000151.png
-0.812583355547,1.33548272306,-0.821343732031,0.0,0.0,1.0,-0.803828523132,1.34930018587,0.134196166705,map_000000152.png
-0.813237307367,1.33481994905,-0.722997967458,0.0,0.0,1.0,-0.803828523132,1.34930018587,0.134196166705,map_000000153.png
-0.813832203594,1.33407383554,-0.624663721461,0.0,0.0,1.0,-0.803828523132,1.34930018587,0.134196166705,map_000000154.png
-0.814347419776,1.33330023014,-0.52631739764,0.0,0.0,1.0,-0.803828523132,1.34930018587,0.134196166705,map_000000155.png
-0.814795021856,1.33242504862,-0.424045442002,0.0,0.0,1.0,-0.803828523132,1.34930018587,0.134196166705,map_000000156.png
-0.815147361686,1.33153417886,-0.325713730536,0.0,0.0,1.0,-0.803828523132,1.34930018587,0.134196166705,map_000000157.png
-0.815406494211,1.33064231748,-0.227368282081,0.0,0.0,0.846396148205,-0.803828523132,1.34930018587,0.134196166705,map_000000158.png
-0.815588425122,1.32972777438,-0.133881604863,0.0,0.0,0.699456810951,-0.803828523132,1.34930018587,0.134196166705,map_000000159.png
-0.815663067854,1.32892269045,-0.0496365744845,0.0,0.0,0.41193857789,-0.803828523132,1.34930018587,0.134196166705,map_000000160.png
-0.815673895643,1.32827585831,0.0191490716131,0.0,0.0,0.41193857789,-0.803828523132,1.34930018587,0.134196166705,map_000000161.png
-0.815657391853,1.3278526597,0.0619114077967,0.0,0.0,0.412072628736,-0.803828523132,1.34930018587,0.134196166705,map_000000162.png
-0.815620209622,1.32745943901,0.102424854366,0.0,0.0,0.182660624385,-0.803828523132,1.34930018587,0.134196166705,map_000000163.png
-0.815591793154,1.32717531402,0.132837986627,0.0,0.0,0.118632182479,-0.803828523132,1.34930018587,0.134196166705,map_000000164.png
-0.815570470205,1.32702386104,0.14878449792,0.0,0.0,0.0,-0.803828523132,1.34930018587,0.134196166705,map_000000165.png
