-2.3669937387,2.23828719397,2.66093532865,0.0,0.0,0.0,-1.41325421374,0.575999095922,0.182718008456,map_000000001.png
-2.36699545038,2.23828889455,2.6609350078,0.0,0.0,0.0,-1.41325421374,0.575999095922,0.182718008456,map_000000002.png
-2.36698383038,2.23827730169,2.66093726185,0.0,0.0,0.0,-1.41325421374,0.575999095922,0.182718008456,map_000000003.png
-2.36699546219,2.23828890113,2.66093501094,0.0,0.0,0.0,-1.41325421374,0.575999095922,0.182718008456,map_000000004.png
-2.36698384184,2.23827730857,2.66093731485,0.0,0.0,0.0,-1.41325421374,0.575999095922,0.182718008456,map_000000005.png
-2.36699547411,2.23828890741,2.66093498214,-0.0561176397112,0.0212323028482,1.0,-1.41325421374,0.575999095922,0.182718008456,map_000000006.png
-2.36520676907,2.23685171819,2.70027778648,-0.0627043739718,0.031115294357,1.0,-1.41325421374,0.575999095922,0.182718008456,map_000000007.png
-2.36023367657,2.23325379302,2.80255420445,-0.069012260877,0.0404636588431,1.0,-1.41325421374,0.575999095922,0.182718008456,map_000000008.png
-2.35486470857,2.22935142025,2.9009063556,-0.0620638892953,0.0784096453933,1.0,-1.41325421374,0.575999095922,0.182718008456,map_000000009.png
-2.34842424351,2.22482944664,3.00317436747,-0.0620638892953,0.0784096453933,1.0,-1.41325421374,0.575999095922,0.182718008456,map_000000010.png
-2.34267206994,2.21801141934,3.101500998,-0.0484233445948,0.0987683034685,1.0,-1.41325421374,0.575999095922,0.182718008456,map_000000011.png
-2.3370581436,2.2094883051,-3.07941114581,-0.02861739287,0.116537730866,1.0,-1.41325421374,0.575999095922,0.182718008456,map_000000012.png
-2.33183737289,2.19985487132,-2.97714394364,-0.00771119695683,0.129771093363,1.0,-1.41325421374,0.575999095922,0.182718008456,map_000000013.png
-2.32725596583,2.18946331887,-2.87879225852,0.0339589566409,0.146105407696,1.0,-1.41325421374,0.575999095922,0.182718008456,map_000000014.png
-2.32291690645,2.17755739677,-2.77651613237,0.0565602651255,0.149669434046,1.0,-1.41325421374,0.575999095922,0.182718008456,map_000000015.png
-2.32055186595,2.16370224036,-2.67818606464,0.0565602651255,0.149669434046,1.0,-1.41325421374,0.575999095922,0.182718008456,map_000000016.png
-2.31830184602,2.14827544128,-2.5759128797,0.0799898321713,0.15000543881,1.0,-1.41325421374,0.575999095922,0.182718008456,map_000000017.png
-2.31612209787,2.13191216652,-2.47364166414,0.0997282871098,0.149847512629,1.0,-1.41325421374,0.575999095922,0.182718008456,map_000000018.png
-2.31369969705,2.11536952018,-2.37529706161,0.106945296883,0.157043671612,1.0,-1.41325421374,0.575999095922,0.182718008456,map_000000019.png
-2.31015523261,2.09745511803,-2.27302524441,0.145288936306,0.151628299939,1.0,-1.41325421374,0.575999095922,0.182718008456,map_000000020.png
-2.30529640918,2.07965734085,-2.17469291271,0.151170840662,0.159835525768,1.0,-1.41325421374,0.575999095922,0.182718008456,map_000000021.png
-2.30068968304,2.05903871603,-2.07242317342,0.151170840662,0.159835525768,1.0,-1.41325421374,0.575999095922,0.182718008456,map_000000022.png
-2.29364127354,2.03837378798,-1.9701530187,0.161805032985,0.163459949404,1.0,-1.41325421374,0.575999095922,0.182718008456,map_000000023.png
-2.28473705725,2.01809069607,-1.8718037947,0.181250157445,0.157316259534,1.0,-1.41325421374,0.575999095922,0.182718008456,map_000000024.png
-2.2740120407,1.99684119437,-1.76953687009,0.176827524521,0.190609688364,1.0,-1.41325421374,0.575999095922,0.182718008456,map_000000025.png
-2.26108272011,1.97672444449,-1.6712102345,0.177931947835,0.203076934992,1.0,-1.41325421374,0.575999095922,0.182718008456,map_000000026.png
-2.24302515326,1.95739240766,-1.56894261332,0.200429788758,0.195519604157,1.0,-1.41325421374,0.575999095922,0.182718008456,map_000000027.png
-2.22198652101,1.9399537113,-1.46667433353,0.201533380261,0.196609000503,1.0,-1.41325421374,0.575999095922,0.182718008456,map_000000028.png
-2.20056139235,1.92296083474,-1.3683284271,0.201533380261,0.196609000503,1.0,-1.41325421374,0.575999095922,0.182718008456,map_000000029.png
-2.17652307811,1.90755437666,-1.26605252442,0.230526506953,0.178491851291,1.0,-1.41325421374,0.575999095922,0.182718008456,map_000000030.png
-2.1524151535,1.89307923285,-1.16772415599,0.275800668519,0.13345275507,0.798731565475,-1.41325421374,0.575999095922,0.182718008456,map_000000031.png
-2.1524151535,1.89307923285,-1.16772415599,0.311172974964,0.0572262820303,0.535761594772,-1.41325421374,0.575999095922,0.182718008456,map_000000032.png
-2.1268604203,1.87675765354,-1.07337824865,0.318178843948,0.0591392315055,0.535939455032,-1.41325421374,0.575999095922,0.182718008456,map_000000033.png
-2.10201736736,1.85711668543,-0.997910463395,0.332519076689,0.0158161332235,0.394598454237,-1.41325421374,0.575999095922,0.182718008456,map_000000034.png
-2.08018356292,1.83434032643,-0.9452277774,0.332519076689,0.0158161332235,0.394598454237,-1.41325421374,0.575999095922,0.182718008456,map_000000035.png
-2.05565021923,1.81147511558,-0.890416714876,0.332519076689,0.0158161332235,0.394598454237,-1.41325421374,0.575999095922,0.182718008456,map_000000036.png
-2.03292132657,1.7874501993,-0.849397421407,0.341591647452,-0.0298684698591,0.222079545259,-1.41325421374,0.575999095922,0.182718008456,map_000000037.png
-2.01054201093,1.76022450498,-0.820580641103,0.344286094741,-0.0629847592778,0.0893234312534,-1.41325421374,0.575999095922,0.182718008456,map_000000038.png
-1.98950516807,1.73103901454,-0.804136220376,0.343807738517,-0.0655456624776,0.0532846860588,-1.41325421374,0.575999095922,0.182718008456,map_000000039.png
-1.97015971267,1.70187113825,-0.796345620027,0.344713471614,-0.0606021239015,0.0286348871887,-1.41325421374,0.575999095922,0.182718008456,map_000000040.png
-1.94995212568,1.67161977598,-0.79118856585,0.344585353559,-0.0613264139356,0.0286434981972,-1.41325421374,0.575999095922,0.182718008456,map_000000041.png
-1.93001737967,1.64286371361,-0.788374027973,0.344585353559,-0.0613264139356,0.0286434981972,-1.41325421374,0.575999095922,0.182718008456,map_000000042.png
-1.90924572425,1.61296500066,-0.785445855049,0.349228455599,-0.0232267245602,0.019494978711,-1.41325421374,0.575999095922,0.182718008456,map_000000043.png
-1.88611392451,1.58493763512,-0.783201461833,0.349214645805,-0.0234334395469,0.0195005349815,-1.41325421374,0.575999095922,0.182718008456,map_000000044.png
-1.86301148489,1.55866328487,-0.781285250439,0.34982183315,-0.0111660192123,0.0151138342917,-1.41325421374,0.575999095922,0.182718008456,map_000000045.png
-1.83856698983,1.53170164852,-0.779464717634,0.349998227592,-0.00111158265206,0.0245958995074,-1.41325421374,0.575999095922,0.182718008456,map_000000046.png
-1.8143286466,1.50647587896,-0.777793344306,0.349977928451,0.00392995302035,0.0217288378626,-1.41325421374,0.575999095922,0.182718008456,map_000000047.png
-1.78846800449,1.48089984124,-0.775290659785,0.349553754886,0.0176682590795,0.0399887487292,-1.41325421374,0.575999095922,0.182718008456,map_000000048.png
-1.76219490093,1.45574930892,-0.7730696673,0.349553754886,0.0176682590795,0.0399887487292,-1.41325421374,0.575999095922,0.182718008456,map_000000049.png
-1.73608732689,1.43246869442,-0.769425758736,0.34954296743,0.0178804041919,0.0321122966707,-1.41325421374,0.575999095922,0.182718008456,map_000000050.png
-1.70866666897,1.40853061884,-0.765864447494,0.349540067188,0.0179370110002,0.0287905521691,-1.41325421374,0.575999095922,0.182718008456,map_000000051.png
-1.68222817258,1.38562036283,-0.762851809044,0.349260192854,-0.0227445074952,-0.115123197436,-1.41325421374,0.575999095922,0.182718008456,map_000000052.png
-1.65531485808,1.36118392105,-0.763304867858,0.34841788019,-0.0332411747358,-0.120504505932,-1.41325421374,0.575999095922,0.182718008456,map_000000053.png
-1.63089260325,1.3342410714,-0.77514045743,0.294434494818,-0.149466855133,-0.520608067513,-1.41325421374,0.575999095922,0.182718008456,map_000000054.png
-1.60841001844,1.30744856639,-0.786987638802,0.294434494818,-0.149466855133,-0.520608067513,-1.41325421374,0.575999095922,0.182718008456,map_000000055.png
-1.59671923439,1.27543129907,-0.835505030682,0.276924039048,-0.16075166356,-0.503029108047,-1.41325421374,0.575999095922,0.182718008456,map_000000056.png
-1.58990767483,1.24412486436,-0.885456553028,0.248634907948,-0.185485059887,-0.575332760811,-1.41325421374,0.575999095922,0.182718008456,map_000000057.png
-1.58709478821,1.21189031167,-0.940873533165,0.24900377632,-0.167681697892,-0.502749204636,-1.41325421374,0.575999095922,0.182718008456,map_000000058.png
-1.58731759058,1.18035766788,-0.996859246076,0.253718703213,-0.140864671023,-0.420028358698,-1.41325421374,0.575999095922,0.182718008456,map_000000059.png
-1.58777858213,1.15077753178,-1.04498871442,0.256274177501,-0.0856247131408,-0.350404828787,-1.41325421374,0.575999095922,0.182718008456,map_000000060.png
-1.58746800007,1.12080960603,-1.08794162828,0.258413557035,-0.0520921917061,-0.278328001499,-1.41325421374,0.575999095922,0.182718008456,map_000000061.png
-1.58315272087,1.09316230337,-1.12377478688,0.258413557035,-0.0520921917061,-0.278328001499,-1.41325421374,0.575999095922,0.182718008456,map_000000062.png
-1.57741620448,1.06740154128,-1.1525552174,0.252194413323,-0.0267751840619,-0.246370509267,-1.41325421374,0.575999095922,0.182718008456,map_000000063.png
-1.57024585949,1.04166610089,-1.17901247136,0.240673743192,-0.0377206022881,-0.378598541021,-1.41325421374,0.575999095922,0.182718008456,map_000000064.png
-1.56376705863,1.01766166789,-1.20895639527,0.220421735118,-0.0376360994298,-0.377100020647,-1.41325421374,0.575999095922,0.182718008456,map_000000065.png
-1.55884387755,0.993367709169,-1.24763588698,0.210802909981,-0.0345270191095,-0.33231022954,-1.41325421374,0.575999095922,0.182718008456,map_000000066.png
-1.55535175334,0.970526360162,-1.28584527535,0.201747791447,-0.0274876535733,-0.27653002739,-1.41325421374,0.575999095922,0.182718008456,map_000000067.png
-1.55277692194,0.949377570913,-1.31852439382,0.201747791447,-0.0274876535733,-0.27653002739,-1.41325421374,0.575999095922,0.182718008456,map_000000068.png
-1.55039958041,0.928213808112,-1.34767435758,0.192711275884,-0.0186512876926,-0.219308435917,-1.41325421374,0.575999095922,0.182718008456,map_000000069.png
-1.54818386428,0.908698845129,-1.37104189356,0.190149531106,-0.0180076514958,-0.219381824136,-1.41325421374,0.575999095922,0.182718008456,map_000000070.png
-1.5461062166,0.88881367168,-1.39347191338,0.174244913607,0.0151336169806,-0.0182086471468,-1.41325421374,0.575999095922,0.182718008456,map_000000071.png
-1.54353271139,0.869699691935,-1.40957251113,0.159179314825,0.0430609125778,0.187812611461,-1.41325421374,0.575999095922,0.182718008456,map_000000072.png
-1.53895921006,0.852976314708,-1.40893060008,0.149040349742,0.0422048849238,0.187874987721,-1.41325421374,0.575999095922,0.182718008456,map_000000073.png
-1.53895921006,0.852976314708,-1.40893060008,0.149040349742,0.0422048849238,0.187874987721,-1.41325421374,0.575999095922,0.182718008456,map_000000074.png
-1.52511967996,0.823464770918,-1.37125485244,0.145114724874,0.0510808870918,0.212088257074,-1.41325421374,0.575999095922,0.182718008456,map_000000075.png
-1.52511967996,0.823464770918,-1.37125485244,0.145114724874,0.0510808870918,0.212088257074,-1.41325421374,0.575999095922,0.182718008456,map_000000076.png
-1.5172080896,0.809612559405,-1.35023247558,0.121532438215,0.0769866615755,0.491747885942,-1.41325421374,0.575999095922,0.182718008456,map_000000077.png
-1.50771406164,0.797841747617,-1.31204289155,0.107633011657,0.0708853624915,0.460530996323,-1.41325421374,0.575999095922,0.182718008456,map_000000078.png
-1.49765957381,0.788447586859,-1.26491792939,0.107633011657,0.0708853624915,0.460530996323,-1.41325421374,0.575999095922,0.182718008456,map_000000079.png
-1.4872775864,0.779715090612,-1.21783209133,0.113427881843,0.0633930819312,0.403399705887,-1.41325421374,0.575999095922,0.182718008456,map_000000080.png
-1.47715909612,0.772134274708,-1.17255057192,0.110413579451,0.0468465222476,0.37915340066,-1.41325421374,0.575999095922,0.182718008456,map_000000081.png
-1.46671129923,0.763872980674,-1.13129703052,0.110413579451,0.0468465222476,0.37915340066,-1.41325421374,0.575999095922,0.182718008456,map_000000082.png
-1.45727679663,0.755656725606,-1.09204613612,0.110441206391,0.0210915044521,0.249602541327,-1.41325421374,0.575999095922,0.182718008456,map_000000083.png
-1.44960121719,0.747228229545,-1.06291435519,0.11042190565,0.0211923189366,0.249685138464,-1.41325421374,0.575999095922,0.182718008456,map_000000084.png
-1.44220691317,0.738248652207,-1.03738481215,0.102435992669,0.00048605303898,0.112064018846,-1.41325421374,0.575999095922,0.182718008456,map_000000085.png
-1.43546083641,0.729686891264,-1.01662455515,0.094608419715,-0.000110289144211,0.112100712955,-1.41325421374,0.575999095922,0.182718008456,map_000000086.png
-1.42989493236,0.720681171724,-1.00516432635,0.0944734696076,-0.00505260180142,0.0738430917263,-1.41325421374,0.575999095922,0.182718008456,map_000000087.png
-1.42468786831,0.712333283529,-0.993706019146,0.0944734696076,-0.00505260180142,0.0738430917263,-1.41325421374,0.575999095922,0.182718008456,map_000000088.png
-1.41995686277,0.704159607927,-0.986140407333,0.0941291933737,-0.00951105669656,0.0255498364568,-1.41325421374,0.575999095922,0.182718008456,map_000000089.png
-1.41525711738,0.69550320271,-0.982006607535,0.078050656676,-0.0326602366964,-0.364940643311,-1.41325421374,0.575999095922,0.182718008456,map_000000090.png
-1.41217689395,0.687264324951,-0.999461044741,0.0663501179349,-0.0341187397606,-0.376411408186,-1.41325421374,0.575999095922,0.182718008456,map_000000091.png
-1.41075505293,0.679101174412,-1.03718763523,0.0635213058173,-0.0371727298518,-0.382738232613,-1.41325421374,0.575999095922,0.182718008456,map_000000092.png
-1.4101859713,0.671550344401,-1.0757808117,0.0667769487878,-0.0320038680338,-0.300214350224,-1.41325421374,0.575999095922,0.182718008456,map_000000093.png
-1.41024334757,0.664361879567,-1.11341420209,0.0667769487878,-0.0320038680338,-0.300214350224,-1.41325421374,0.575999095922,0.182718008456,map_000000094.png
-1.41004698619,0.656799257884,-1.14444454119,0.0696968479815,-0.0259346517124,-0.242425218225,-1.41325421374,0.575999095922,0.182718008456,map_000000095.png
-1.40955487656,0.649481853751,-1.16964362689,0.0585397155324,-0.0267590173477,1.0,-1.41325421374,0.575999095922,0.182718008456,map_000000096.png
-1.40987000925,0.642174969404,-1.12111981506,0.0504291461279,-0.0203108463214,1.0,-1.41325421374,0.575999095922,0.182718008456,map_000000097.png
-1.41019862728,0.635485610303,-1.01884720984,0.0472130313857,-0.0164599466684,1.0,-1.41325421374,0.575999095922,0.182718008456,map_000000098.png
-1.40977206498,0.629761294641,-0.920497099411,0.0468626167995,-0.0174325937157,1.0,-1.41325421374,0.575999095922,0.182718008456,map_000000099.png
-1.40867745024,0.624273559599,-0.818224200187,0.0455064489089,-0.020716256531,1.0,-1.41325421374,0.575999095922,0.182718008456,map_000000100.png
-1.40720389956,0.619070680653,-0.719894401578,0.0455064489089,-0.020716256531,1.0,-1.41325421374,0.575999095922,0.182718008456,map_000000101.png
-1.40538682504,0.613704187457,-0.617624128703,0.0431430644548,-0.0252720431782,1.0,-1.41325421374,0.575999095922,0.182718008456,map_000000102.png
-1.40338860157,0.608335516149,-0.515352778777,0.039934513163,-0.030087120756,1.0,-1.41325421374,0.575999095922,0.182718008456,map_000000103.png
-1.40133323394,0.60317204835,-0.417003282938,0.0356179630007,-0.035090752181,1.0,-1.41325421374,0.575999095922,0.182718008456,map_000000104.png
-1.39910486671,0.597748177235,-0.314734787879,0.0245344184748,-0.0435667589689,0.901556909084,-1.41325421374,0.575999095922,0.182718008456,map_000000105.png
-1.39695397559,0.592458844558,-0.217180250319,0.0,0.0,0.748454034328,-1.41325421374,0.575999095922,0.182718008456,map_000000106.png
-1.39538785067,0.586673117075,-0.124988719633,0.0,0.0,0.748454034328,-1.41325421374,0.575999095922,0.182718008456,map_000000107.png
-1.39530078544,0.58556008038,-0.0472432518254,0.0,0.0,0.602370917797,-1.41325421374,0.575999095922,0.182718008456,map_000000108.png
-1.39530643932,0.584948709177,0.0160098828566,0.0,0.0,0.464283555746,-1.41325421374,0.575999095922,0.182718008456,map_000000109.png
-1.39528940116,0.584443995725,0.0700135473499,0.0,0.0,0.464437395334,-1.41325421374,0.575999095922,0.182718008456,map_000000110.png
-1.39524864424,0.583999058184,0.115668713223,0.0,0.0,0.253176748753,-1.41325421374,0.575999095922,0.182718008456,map_000000111.png
-1.39519076955,0.583579121515,0.159840834803,0.0,0.0,0.17225459218,-1.41325421374,0.575999095922,0.182718008456,map_000000112.png
-1.39514806229,0.58333468136,0.185730979287,0.0,0.0,0.103828191757,-1.41325421374,0.575999095922,0.182718008456,map_000000113.png
-1.39511683426,0.583175252789,0.202669051428,0.0,0.0,0.103828191757,-1.41325421374,0.575999095922,0.182718008456,map_000000114.png
-1.39509316453,0.583063018713,0.214632516718,0.0,0.0,0.0,-1.41325421374,0.575999095922,0.182718008456,map_000000115.png
