-2.57950106046,5.01663528788,-1.45422843679,0.0,0.0,0.0,-4.00008257291,2.92601981526,-3.0199361613,map_000000001.png
-2.57949180387,5.01662599458,-1.45422462024,0.0,0.0,0.0,-4.00008257291,2.92601981526,-3.0199361613,map_000000002.png
-2.57949179691,5.0166259806,-1.45422445888,0.0,0.0,0.0,-4.00008257291,2.92601981526,-3.0199361613,map_000000003.png
-2.57950099262,5.01663521305,-1.45422849268,0.0391171611664,-0.0454955808104,-0.179545372725,-4.00008257291,2.92601981526,-3.0199361613,map_000000004.png
-2.57951083364,5.01664508969,-1.45423227402,0.0391171611664,-0.0454955808104,-0.179545372725,-4.00008257291,2.92601981526,-3.0199361613,map_000000005.png
-2.58311811121,5.01262135014,-1.47047281785,0.0514728388602,-0.0474399295719,-0.179597616196,-4.00008257291,2.92601981526,-3.0199361613,map_000000006.png
-2.58733344123,5.00720017803,-1.48883279573,0.0630139943265,-0.0492872839315,-0.179650217295,-4.00008257291,2.92601981526,-3.0199361613,map_000000007.png
-2.59157822975,5.0011359108,-1.50649916275,0.09375096858,-0.0347959011304,-0.127866014838,-4.00008257291,2.92601981526,-3.0199361613,map_000000008.png
-2.59559427271,4.99324027322,-1.52303777815,0.106942359979,-0.0257551880977,-0.101407438517,-4.00008257291,2.92601981526,-3.0199361613,map_000000009.png
-2.59848493682,4.98309190389,-1.53558905369,0.117011399538,-0.0266144747851,-0.101439587772,-4.00008257291,2.92601981526,-3.0199361613,map_000000010.png
-2.59848493682,4.98309190389,-1.53558905369,0.129614277272,-0.0100069155253,-0.0578368939459,-4.00008257291,2.92601981526,-3.0199361613,map_000000011.png
-2.60064585351,4.97234004947,-1.54556381025,0.129614277272,-0.0100069155253,-0.0578368939459,-4.00008257291,2.92601981526,-3.0199361613,map_000000012.png
-2.60306382925,4.96016459208,-1.55593659011,0.129614277272,-0.0100069155253,-0.0578368939459,-4.00008257291,2.92601981526,-3.0199361613,map_000000013.png
-2.60418060338,4.94743698302,-1.56247578076,0.149992808131,0.00146915049367,-0.0273507982492,-4.00008257291,2.92601981526,-3.0199361613,map_000000014.png
-2.60436005691,4.93265669628,-1.56647006313,0.159931627177,0.00467736111853,-0.0175494421273,-4.00008257291,2.92601981526,-3.0199361613,map_000000015.png
-2.60399459867,4.9166273536,-1.56884135054,0.169935069012,0.00469864269642,-0.0175536032766,-4.00008257291,2.92601981526,-3.0199361613,map_000000016.png
-2.60349189605,4.90040040723,-1.57056659215,0.179906632639,0.00579757047454,-0.0115663390607,-4.00008257291,2.92601981526,-3.0199361613,map_000000017.png
-2.60300155849,4.88266572568,-1.57231955508,0.189917996472,0.00558264588636,-0.00801157206297,-4.00008257291,2.92601981526,-3.0199361613,map_000000018.png
-2.60244826994,4.86468024078,-1.57345602145,0.189917996472,0.00558264588636,-0.00801157206297,-4.00008257291,2.92601981526,-3.0199361613,map_000000019.png
-2.60191359803,4.84509096391,-1.57432864158,0.209969271526,0.00359463078576,-0.00108978059143,-4.00008257291,2.92601981526,-3.0199361613,map_000000020.png
-2.60155300671,4.82390187528,-1.57465760586,0.219969220687,0.0036824332603,-0.00108845066279,-4.00008257291,2.92601981526,-3.0199361613,map_000000021.png
-2.60127245677,4.80243109317,-1.5747648548,0.229981747943,0.00290161534164,0.000221808906645,-4.00008257291,2.92601981526,-3.0199361613,map_000000022.png
-2.60099782645,4.77923197657,-1.57483046667,0.23998861947,0.00234256532914,0.000717021524906,-4.00008257291,2.92601981526,-3.0199361613,map_000000023.png
-2.60081460637,4.75617049453,-1.57480907974,0.24999294757,0.0018857273855,0.000879825092852,-4.00008257291,2.92601981526,-3.0199361613,map_000000024.png
-2.6006710293,4.73121987951,-1.57473575307,0.24999294757,0.0018857273855,0.000879825092852,-4.00008257291,2.92601981526,-3.0199361613,map_000000025.png
-2.60057307037,4.7053094462,-1.57464703038,0.269997721154,0.00111810449187,0.0009501632303,-4.00008257291,2.92601981526,-3.0199361613,map_000000026.png
-2.6005446027,4.67879863391,-1.57455523199,0.279998673824,0.000870911923541,0.000842180568725,-4.00008257291,2.92601981526,-3.0199361613,map_000000027.png
-2.60054014588,4.65015999104,-1.5744598877,0.289999168662,0.000705433601166,0.000711066182703,-4.00008257291,2.92601981526,-3.0199361613,map_000000028.png
-2.60057185427,4.6218196527,-1.5743858363,0.299999249302,0.00067379117663,0.000575293786824,-4.00008257291,2.92601981526,-3.0199361613,map_000000029.png
-2.60060744556,4.59151056386,-1.57431523558,0.319999984789,8.45480553867e-05,-0.00243239966221,-4.00008257291,2.92601981526,-3.0199361613,map_000000030.png
-2.6006467317,4.56032189346,-1.57425635735,0.329983100015,-0.00333795425674,-0.0171901527792,-4.00008257291,2.92601981526,-3.0199361613,map_000000031.png
-2.60075031879,4.52833310603,-1.57449522186,0.329983100015,-0.00333795425674,-0.0171901527792,-4.00008257291,2.92601981526,-3.0199361613,map_000000032.png
-2.60115204627,4.49421935385,-1.57595766357,0.339975567536,-0.00407380889139,-0.0172825157642,-4.00008257291,2.92601981526,-3.0199361613,map_000000033.png
-2.60171455151,4.46063615246,-1.57765181043,0.349669844685,-0.015197772862,-0.0573443546891,-4.00008257291,2.92601981526,-3.0199361613,map_000000034.png
-2.6028821011,4.42487424165,-1.58115036734,0.348089161455,-0.0360984779249,-0.136655941606,-4.00008257291,2.92601981526,-3.0199361613,map_000000035.png
-2.60538266255,4.38860152001,-1.58888701312,0.331710291562,-0.0795545378221,-0.271731674671,-4.00008257291,2.92601981526,-3.0199361613,map_000000036.png
-2.60972501465,4.35389204094,-1.60232691971,0.302187669682,-0.135354805091,-0.496071845293,-4.00008257291,2.92601981526,-3.0199361613,map_000000037.png
-2.61926287863,4.31981239445,-1.63011239221,0.302187669682,-0.135354805091,-0.496071845293,-4.00008257291,2.92601981526,-3.0199361613,map_000000038.png
-2.63408119538,4.29036049539,-1.67624168396,0.294138889257,-0.144582603456,-0.476075589657,-4.00008257291,2.92601981526,-3.0199361613,map_000000039.png
-2.65216163173,4.26159371178,-1.72563222099,0.238643694872,-0.209799811309,-0.792911529541,-4.00008257291,2.92601981526,-3.0199361613,map_000000040.png
-2.67462136641,4.23762321048,-1.79051762185,0.236885827251,-0.202352950459,-0.723980009556,-4.00008257291,2.92601981526,-3.0199361613,map_000000041.png
-2.70002288236,4.21969266354,-1.86632227988,0.23728689451,-0.203342108766,-0.710012078285,-4.00008257291,2.92601981526,-3.0199361613,map_000000042.png
-2.72726846243,4.20301953472,-1.94019927247,0.236709753367,-0.204013666612,-0.710246622562,-4.00008257291,2.92601981526,-3.0199361613,map_000000043.png
-2.75463323756,4.18889174511,-2.01000608156,0.236709753367,-0.204013666612,-0.710246622562,-4.00008257291,2.92601981526,-3.0199361613,map_000000044.png
-2.78412210069,4.17636828076,-2.0826435891,0.282440320922,-0.155396625219,-0.559714496136,-4.00008257291,2.92601981526,-3.0199361613,map_000000045.png
-2.81314962497,4.16104743079,-2.14401882617,0.282220095619,-0.155796224731,-0.559898793697,-4.00008257291,2.92601981526,-3.0199361613,map_000000046.png
-2.84148719044,4.14622375858,-2.19906526426,0.324127314543,-0.0805927428239,-0.382646262646,-4.00008257291,2.92601981526,-3.0199361613,map_000000047.png
-2.87049499686,4.12934918022,-2.24935224355,0.33755057458,-0.0409457813832,-0.290708482265,-4.00008257291,2.92601981526,-3.0199361613,map_000000048.png
-2.89676469471,4.10871769938,-2.28516545002,0.348058393347,0.0282175190986,-0.150679156184,-4.00008257291,2.92601981526,-3.0199361613,map_000000049.png
-2.923093946,4.08518197543,-2.31489497415,0.346700306525,0.047946766201,-0.105852633715,-4.00008257291,2.92601981526,-3.0199361613,map_000000050.png
-2.94554632387,4.05664046135,-2.33030120636,0.346700306525,0.047946766201,-0.105852633715,-4.00008257291,2.92601981526,-3.0199361613,map_000000051.png
-2.96626012891,4.02845158066,-2.34141309129,0.344177500747,0.0635754898786,-0.0612910874188,-4.00008257291,2.92601981526,-3.0199361613,map_000000052.png
-2.98702881307,3.99856611062,-2.34942539843,0.344550711222,0.0615207471533,-0.0425537414849,-4.00008257291,2.92601981526,-3.0199361613,map_000000053.png
-2.98702881307,3.99856611062,-2.34942539843,0.345514932048,0.0558518277728,-0.0258975364268,-4.00008257291,2.92601981526,-3.0199361613,map_000000054.png
-3.00679483723,3.96969133913,-2.35464424354,0.345514932048,0.0558518277728,-0.0258975364268,-4.00008257291,2.92601981526,-3.0199361613,map_000000055.png
-3.02771938135,3.93991829008,-2.35853376911,0.346946404614,0.0461322800105,-0.015983344987,-4.00008257291,2.92601981526,-3.0199361613,map_000000056.png
-3.04916410734,3.91052067415,-2.36110066309,0.349145858156,0.0244369528874,-0.00332490820438,-4.00008257291,2.92601981526,-3.0199361613,map_000000057.png
-3.07056317025,3.88283743939,-2.36266240524,0.349145858156,0.0244369528874,-0.00332490820438,-4.00008257291,2.92601981526,-3.0199361613,map_000000058.png
-3.09442291496,3.85537669827,-2.36315668661,0.349701936423,0.0144412809547,0.00052689248696,-4.00008257291,2.92601981526,-3.0199361613,map_000000059.png
-3.11901871822,3.82856601467,-2.36322234333,0.349944268385,0.00624531490124,0.00240497756749,-4.00008257291,2.92601981526,-3.0199361613,map_000000060.png
-3.14320512233,3.80328755884,-2.36307338971,0.349997173694,0.0014047562289,0.0031497660093,-4.00008257291,2.92601981526,-3.0199361613,map_000000061.png
-3.16876328386,3.77738956204,-2.36279272187,0.349995624802,-0.00174858610526,0.00303335534409,-4.00008257291,2.92601981526,-3.0199361613,map_000000062.png
-3.19361041685,3.7527579865,-2.36248990454,0.34998367404,-0.0033797690564,0.00281349895522,-4.00008257291,2.92601981526,-3.0199361613,map_000000063.png
-3.21962705363,3.72731888963,-2.3621783125,0.349978210288,-0.00390477362841,0.00184496166185,-4.00008257291,2.92601981526,-3.0199361613,map_000000064.png
-3.24573569678,3.70197461622,-2.36188549533,0.349978210288,-0.00390477362841,0.00184496166185,-4.00008257291,2.92601981526,-3.0199361613,map_000000065.png
-3.27088057458,3.67764586709,-2.36168354961,0.349984720091,-0.00326965381773,0.00133568746969,-4.00008257291,2.92601981526,-3.0199361613,map_000000066.png
-3.2969972411,3.65231046455,-2.3615168797,0.349992147713,-0.00234338923255,0.000899465754628,-4.00008257291,2.92601981526,-3.0199361613,map_000000067.png
-3.32208024805,3.62791869739,-2.36140770593,0.349997562677,-0.00130424452539,0.000579020008445,-4.00008257291,2.92601981526,-3.0199361613,map_000000068.png
-3.34809630267,3.60247906105,-2.36132190195,0.349999878363,-0.000282983604427,0.000331764575094,-4.00008257291,2.92601981526,-3.0199361613,map_000000069.png
-3.3740462285,3.5769722835,-2.36126301896,0.349997079891,0.00142793598617,3.59900295734e-05,-4.00008257291,2.92601981526,-3.0199361613,map_000000070.png
-3.39893112148,3.55237769211,-2.36122893761,0.349997079891,0.00142793598617,3.59900295734e-05,-4.00008257291,2.92601981526,-3.0199361613,map_000000071.png
-3.42469435239,3.52668278292,-2.36121269578,0.359993893566,0.00209405248834,-5.40595501661e-05,-4.00008257291,2.92601981526,-3.0199361613,map_000000072.png
-3.44991800078,3.50146576986,-2.36122008514,0.368189135951,0.00255175048182,-0.000102646648884,-4.00008257291,2.92601981526,-3.0199361613,map_000000073.png
-3.47662566841,3.47468798777,-2.36122648067,0.358188434128,0.00261504603236,-0.000125921797007,-4.00008257291,2.92601981526,-3.0199361613,map_000000074.png
-3.50341250351,3.4477931379,-2.3612359355,0.348188280783,0.00260121428601,-0.00011232867837,-4.00008257291,2.92601981526,-3.0199361613,map_000000075.png
-3.52858973822,3.42250085975,-2.36124703972,0.328189946508,0.00230147141972,-8.45952890813e-05,-4.00008257291,2.92601981526,-3.0199361613,map_000000076.png
-3.55411485161,3.39683276204,-2.361249968,0.328189946508,0.00230147141972,-8.45952890813e-05,-4.00008257291,2.92601981526,-3.0199361613,map_000000077.png
-3.57738976332,3.37348431598,-2.36126386479,0.318191011343,0.00211321966009,-6.54188916087e-05,-4.00008257291,2.92601981526,-3.0199361613,map_000000078.png
-3.60093981415,3.34985533896,-2.36126981333,0.308192297628,0.00188059887264,-5.88577240705e-05,-4.00008257291,2.92601981526,-3.0199361613,map_000000079.png
-3.62390593444,3.32683021277,-2.3612746692,0.298192930979,0.00174695205716,-3.54843214154e-05,-4.00008257291,2.92601981526,-3.0199361613,map_000000080.png
-3.64538856354,3.30530766074,-2.36127810911,0.27819411525,0.00148301676479,-1.42054632306e-05,-4.00008257291,2.92601981526,-3.0199361613,map_000000081.png
-3.66700258705,3.28364500094,-2.36127352819,0.268194474355,0.00138968968851,-6.50575384498e-06,-4.00008257291,2.92601981526,-3.0199361613,map_000000082.png
-3.68667172221,3.26398537652,-2.36128038693,0.258194909796,0.00128119739433,-1.08359381557e-05,-4.00008257291,2.92601981526,-3.0199361613,map_000000083.png
-3.70638582766,3.24426750342,-2.36128000182,0.258194909796,0.00128119739433,-1.08359381557e-05,-4.00008257291,2.92601981526,-3.0199361613,map_000000084.png
-3.7255093816,3.22514682944,-2.36127981919,0.248194973348,0.00124185306211,-8.29622149467e-06,-4.00008257291,2.92601981526,-3.0199361613,map_000000085.png
-3.74330970998,3.20734984185,-2.36127966258,0.238194958404,0.00121759137694,4.53181564808e-06,-4.00008257291,2.92601981526,-3.0199361613,map_000000086.png
-3.76123521755,3.18940638883,-2.36127272807,0.218195072313,0.00114239870395,8.53138044477e-06,-4.00008257291,2.92601981526,-3.0199361613,map_000000087.png
-3.77774159203,3.17291735874,-2.36127739056,0.20819513454,0.00110320454961,1.10738910735e-05,-4.00008257291,2.92601981526,-3.0199361613,map_000000088.png
-3.79372288213,3.15693105161,-2.36127563584,0.198195201411,0.00106271055216,1.02086924016e-05,-4.00008257291,2.92601981526,-3.0199361613,map_000000089.png
-3.80902459141,3.1416225144,-2.36127345958,0.198195201411,0.00106271055216,1.02086924016e-05,-4.00008257291,2.92601981526,-3.0199361613,map_000000090.png
-3.82311535787,3.12752388883,-2.36127195194,0.188195298867,0.00101610576894,1.01174227893e-05,-4.00008257291,2.92601981526,-3.0199361613,map_000000091.png
-3.83716234364,3.1134489224,-2.3612634057,0.168195539939,0.000916209607174,9.67271625996e-06,-4.00008257291,2.92601981526,-3.0199361613,map_000000092.png
-3.8497917371,3.10082998283,-2.36126804514,0.158195818958,0.000835807008522,-6.08153641224e-07,-4.00008257291,2.92601981526,-3.0199361613,map_000000093.png
-3.86192631803,3.08868753219,-2.36126673013,0.148195885078,0.000795921818643,1.9259750843e-06,-4.00008257291,2.92601981526,-3.0199361613,map_000000094.png
-3.8734400769,3.07716847309,-2.36126604143,0.13819592543,0.000760155845431,9.44780185819e-06,-4.00008257291,2.92601981526,-3.0199361613,map_000000095.png
-3.8839124566,3.06668973422,-2.36126518059,0.13819592543,0.000760155845431,9.44780185819e-06,-4.00008257291,2.92601981526,-3.0199361613,map_000000096.png
-3.8839124566,3.06668973422,-2.36126518059,0.13819592543,0.000760155845431,9.44780185819e-06,-4.00008257291,2.92601981526,-3.0199361613,map_000000097.png
-3.8940859635,3.05648833337,-2.36125733603,0.128196033566,0.000712699064305,1.09509564936e-05,-4.00008257291,2.92601981526,-3.0199361613,map_000000098.png
-3.90332247919,3.04726223991,-2.36126204908,0.10819621804,0.0006235755691,1.47302635014e-05,-4.00008257291,2.92601981526,-3.0199361613,map_000000099.png
-3.9118933264,3.03868113679,-2.361260217,0.0981964290782,0.000558501490047,1.25686638057e-05,-4.00008257291,2.92601981526,-3.0199361613,map_000000100.png
-3.91953104691,3.03103309288,-2.36125833193,0.0881965837744,0.000503494905878,1.23549252748e-05,-4.00008257291,2.92601981526,-3.0199361613,map_000000101.png
-3.92632661417,3.02422892034,-2.3612564755,0.0781966526461,0.000462991080205,1.48876570165e-05,-4.00008257291,2.92601981526,-3.0199361613,map_000000102.png
-3.93276809738,3.01775976654,-2.36124875134,0.0765152516066,0.000437572143143,1.1807307601e-05,-4.00008257291,2.92601981526,-3.0199361613,map_000000103.png
-3.93830036355,3.01223720756,-2.36125322791,0.0765152516066,0.000437572143143,1.1807307601e-05,-4.00008257291,2.92601981526,-3.0199361613,map_000000104.png
-3.94394515938,3.00658457033,-2.36125162533,0.0765152857828,0.000431554608707,1.19977630675e-05,-4.00008257291,2.92601981526,-3.0199361613,map_000000105.png
-3.94956657578,3.0009561758,-2.36124998146,0.0765152316061,0.000441055634495,1.45272351801e-05,-4.00008257291,2.92601981526,-3.0199361613,map_000000106.png
-3.95497172597,2.99554399107,-2.36124852787,0.0765152414514,0.000439344318792,1.46529637277e-05,-4.00008257291,2.92601981526,-3.0199361613,map_000000107.png
-3.96058301283,2.98990555047,-2.36124013928,0.0765152450561,0.000438716097131,1.47153623402e-05,-4.00008257291,2.92601981526,-3.0199361613,map_000000108.png
-3.96599744959,2.98450287623,-2.36124477115,0.0665153763236,0.000387354645751,-0.995597243309,-4.00008257291,2.92601981526,-3.0199361613,map_000000109.png
-3.97161858047,2.978874121,-2.36124297252,0.0665153763236,0.000387354645751,-0.995597243309,-4.00008257291,2.92601981526,-3.0199361613,map_000000110.png
-3.97616826246,2.97348431855,-2.45524349337,0.0499991037058,0.000299675776684,-0.99626159668,-4.00008257291,2.92601981526,-3.0199361613,map_000000111.png
-3.97996741708,2.96944976665,-2.55320480311,0.0499991158362,0.000297645004264,-0.996593773365,-4.00008257291,2.92601981526,-3.0199361613,map_000000112.png
-3.98391503678,2.96591685845,-2.65511526994,0.0498542880842,0.00381446412602,-0.855922281742,-4.00008257291,2.92601981526,-3.0199361613,map_000000113.png
-3.98796559417,2.96281167788,-2.74812226626,0.0492998872052,0.00833794330202,-0.709262609482,-4.00008257291,2.92601981526,-3.0199361613,map_000000114.png
-3.99236956932,2.95981378383,-2.83277165844,0.0460400540759,0.0195016306405,-0.417302191257,-4.00008257291,2.92601981526,-3.0199361613,map_000000115.png
-3.99687583244,2.95691027057,-2.90529737011,0.0432566645224,0.0250771041261,-0.290464043617,-4.00008257291,2.92601981526,-3.0199361613,map_000000116.png
-4.00086853859,2.95364263477,-2.94633672808,0.0432566645224,0.0250771041261,-0.290464043617,-4.00008257291,2.92601981526,-3.0199361613,map_000000117.png
-4.00484229571,2.95005578702,-2.97852677595,0.0399810022718,0.0300253165561,-0.181769058108,-4.00008257291,2.92601981526,-3.0199361613,map_000000118.png
-4.00847685072,2.94645883882,-3.00067908866,0.0380110228345,0.0324832621519,-0.1202673316,-4.00008257291,2.92601981526,-3.0199361613,map_000000119.png
-4.01205578373,2.94255932842,-3.01660218798,0.0,0.0,0.0,-4.00008257291,2.92601981526,-3.0199361613,map_000000120.png
