0.861677857313,6.51047263327,0.491761498809,0.0,0.0,0.0,-1.54361646852,3.50223064442,-0.939367714801,map_000000001.png
0.861687441467,6.5104630836,0.491755805778,0.0,0.0,0.0,-1.54361646852,3.50223064442,-0.939367714801,map_000000002.png
0.86168748299,6.51046304902,0.491755462609,0.0,0.0,0.0,-1.54361646852,3.50223064442,-0.939367714801,map_000000003.png
0.861687525955,6.5104630095,0.491755997773,0.0,0.0,0.0,-1.54361646852,3.50223064442,-0.939367714801,map_000000004.png
0.86167802295,6.51047248949,0.491761503619,-0.0470860448942,-0.0371874245842,-1.0,-1.54361646852,3.50223064442,-0.939367714801,map_000000005.png
0.860286103567,6.50824184838,0.44454647396,-0.0523748851168,-0.0464421303034,-1.0,-1.54361646852,3.50223064442,-0.939367714801,map_000000006.png
0.856823364827,6.50336066427,0.342274520093,-0.0575657175808,-0.0555534697182,-1.0,-1.54361646852,3.50223064442,-0.939367714801,map_000000007.png
0.85286021866,6.49816125513,0.243926227462,-0.0574087902518,-0.0693125535571,-1.0,-1.54361646852,3.50223064442,-0.939367714801,map_000000008.png
0.847905801005,6.4923094156,0.141658093442,-0.0574087902518,-0.0693125535571,-1.0,-1.54361646852,3.50223064442,-0.939367714801,map_000000009.png
0.842524871935,6.48566611388,0.0393842471961,-0.0338754517962,-0.104653962359,-1.0,-1.54361646852,3.50223064442,-0.939367714801,map_000000010.png
0.838476980865,6.47702481389,-0.0589451288557,-0.0147215277508,-0.119093553607,-1.0,-1.54361646852,3.50223064442,-0.939367714801,map_000000011.png
0.83484286391,6.46662254116,-0.161217202127,0.00795146607059,-0.129756592967,-1.0,-1.54361646852,3.50223064442,-0.939367714801,map_000000012.png
0.83174932195,6.45515994358,-0.26349045595,0.0294511390882,-0.136867200742,-1.0,-1.54361646852,3.50223064442,-0.939367714801,map_000000013.png
0.829165674468,6.4431692319,-0.361839246168,0.0748715855208,-0.141401021072,-1.0,-1.54361646852,3.50223064442,-0.939367714801,map_000000014.png
0.826687978439,6.42980913994,-0.46410772592,0.0968181027807,-0.139736394319,-1.0,-1.54361646852,3.50223064442,-0.939367714801,map_000000015.png
0.826765636413,6.41466215627,-0.5624375402,0.0968181027807,-0.139736394319,-1.0,-1.54361646852,3.50223064442,-0.939367714801,map_000000016.png
0.826840626076,6.39800769069,-0.664708156413,0.119464655354,-0.134641020541,-1.0,-1.54361646852,3.50223064442,-0.939367714801,map_000000017.png
0.826953939193,6.380412627,-0.766979970309,0.137919212013,-0.130683978653,-1.0,-1.54361646852,3.50223064442,-0.939367714801,map_000000018.png
0.826703152281,6.36263260108,-0.865330149221,0.157170706365,-0.123682589995,-1.0,-1.54361646852,3.50223064442,-0.939367714801,map_000000019.png
0.825938197027,6.3432703531,-0.967598686796,0.194979622124,-0.101896836656,-1.0,-1.54361646852,3.50223064442,-0.939367714801,map_000000020.png
0.824883756156,6.32286644003,-1.06986893054,0.213611783501,-0.0852644691997,-0.906312942505,-1.54361646852,3.50223064442,-0.939367714801,map_000000021.png
0.825135791723,6.30129984581,-1.16819888979,0.213611783501,-0.0852644691997,-0.906312942505,-1.54361646852,3.50223064442,-0.939367714801,map_000000022.png
0.825178035371,6.27785687447,-1.26198364465,0.230956411269,-0.0652622492835,-0.753209173679,-1.54361646852,3.50223064442,-0.939367714801,map_000000023.png
0.825178467883,6.25337801229,-1.34262139372,0.245700729924,-0.0461647172301,-0.605964720249,-1.54361646852,3.50223064442,-0.939367714801,map_000000024.png
0.825159485414,6.22893311219,-1.40799405544,0.255234971465,-0.0495493296443,-0.606166005135,-1.54361646852,3.50223064442,-0.939367714801,map_000000025.png
0.824286340054,6.20266275254,-1.46996939545,0.279887317898,-0.00794387251828,-0.344847589731,-1.54361646852,3.50223064442,-0.939367714801,map_000000026.png
0.822573248545,6.17645174631,-1.52443320503,0.288538138017,0.0290819251599,-0.153939709067,-1.54361646852,3.50223064442,-0.939367714801,map_000000027.png
0.823082806279,6.14732128914,-1.55894679044,0.298623290338,0.0287077349198,-0.153990119696,-1.54361646852,3.50223064442,-0.939367714801,map_000000028.png
0.826385616822,6.1173392827,-1.57468759153,0.298623290338,0.0287077349198,-0.153990119696,-1.54361646852,3.50223064442,-0.939367714801,map_000000029.png
0.829063726601,6.0876079561,-1.58983181045,0.305211423761,0.0542769687156,-0.0379844792187,-1.54361646852,3.50223064442,-0.939367714801,map_000000030.png
0.833117706399,6.05600751684,-1.59781092527,0.315688048528,0.0523550707136,-0.0143850073218,-1.54361646852,3.50223064442,-0.939367714801,map_000000031.png
0.837751416391,6.02359653305,-1.60048986878,0.337327402797,0.0425465129299,-0.0320983566344,-1.54361646852,3.50223064442,-0.939367714801,map_000000032.png
0.841756494936,5.99128781366,-1.60238610681,0.349992445888,0.00229355684108,-0.0976088568568,-1.54361646852,3.50223064442,-0.939367714801,map_000000033.png
0.84455518109,5.95596540569,-1.60644158982,0.349991256402,0.0024729285863,-0.0976404473186,-1.54361646852,3.50223064442,-0.939367714801,map_000000034.png
0.84455518109,5.95596540569,-1.60644158982,0.349991256402,0.0024729285863,-0.0976404473186,-1.54361646852,3.50223064442,-0.939367714801,map_000000035.png
0.843426446095,5.91958811589,-1.61641713634,0.349991256402,0.0024729285863,-0.0976404473186,-1.54361646852,3.50223064442,-0.939367714801,map_000000036.png
0.841998881018,5.88463871221,-1.62601977044,0.340309845932,-0.0444657531823,-0.23760561645,-1.54361646852,3.50223064442,-0.939367714801,map_000000037.png
0.836623175695,5.84926875444,-1.64646574873,0.249364901979,-0.205613836586,-0.796596705914,-1.54361646852,3.50223064442,-0.939367714801,map_000000038.png
0.820128704395,5.82091936995,-1.70375386235,0.240115055024,-0.201098544024,-0.796861171722,-1.54361646852,3.50223064442,-0.939367714801,map_000000039.png
0.796620991307,5.80000385621,-1.78208873489,0.219038634627,-0.21741648135,-0.766456723213,-1.54361646852,3.50223064442,-0.939367714801,map_000000040.png
0.77074632333,5.78131459788,-1.86298036448,0.200456439148,-0.228509789211,-0.837718427181,-1.54361646852,3.50223064442,-0.939367714801,map_000000041.png
0.7437891124,5.76736837782,-1.9383533834,0.200456439148,-0.228509789211,-0.837718427181,-1.54361646852,3.50223064442,-0.939367714801,map_000000042.png
0.714615456398,5.75644360719,-2.02121149547,0.259008079523,-0.177464854112,-0.599156618118,-1.54361646852,3.50223064442,-0.939367714801,map_000000043.png
0.68592320146,5.74239916749,-2.08717246066,0.311409569685,-0.108020168329,-0.435962319374,-1.54361646852,3.50223064442,-0.939367714801,map_000000044.png
0.659676071824,5.72426578038,-2.13645871699,0.312012885465,-0.10845348856,-0.43610611558,-1.54361646852,3.50223064442,-0.939367714801,map_000000045.png
0.632725083844,5.70328854391,-2.18104570972,0.326081661093,-0.0743087767207,-0.3733766675,-1.54361646852,3.50223064442,-0.939367714801,map_000000046.png
0.605333425808,5.68262982554,-2.22391533395,0.33611304333,-0.0462657595428,-0.299570143223,-1.54361646852,3.50223064442,-0.939367714801,map_000000047.png
0.579596074453,5.66138785205,-2.26033425834,0.346700640965,-0.000929612163962,-0.186441645026,-1.54361646852,3.50223064442,-0.939367714801,map_000000048.png
0.553534339035,5.63769939628,-2.29097413521,0.346700640965,-0.000929612163962,-0.186441645026,-1.54361646852,3.50223064442,-0.939367714801,map_000000049.png
0.52933843321,5.61107602819,-2.31092865103,0.349289066302,0.016943917112,-0.140719234943,-1.54361646852,3.50223064442,-0.939367714801,map_000000050.png
0.506620761035,5.58462044404,-2.32602333708,0.348539730347,0.0319382420175,-0.09480458498,-1.54361646852,3.50223064442,-0.939367714801,map_000000051.png
0.48356821482,5.55648382729,-2.33787597076,0.348206505575,0.0353867829713,-0.0692388936877,-1.54361646852,3.50223064442,-0.939367714801,map_000000052.png
0.460852034564,5.52805078787,-2.34656192736,0.348136020504,0.0360736214061,-0.0466181784868,-1.54361646852,3.50223064442,-0.939367714801,map_000000053.png
0.438956869047,5.50075691029,-2.35310627205,0.348829904552,0.0285953252043,-0.017930790782,-1.54361646852,3.50223064442,-0.939367714801,map_000000054.png
0.41607230818,5.47246322985,-2.35787026783,0.348829904552,0.0285953252043,-0.017930790782,-1.54361646852,3.50223064442,-0.939367714801,map_000000055.png
0.393650721718,5.44560419291,-2.36097767542,0.349217762292,0.023386950066,-0.00911982357502,-1.54361646852,3.50223064442,-0.939367714801,map_000000056.png
0.369643520659,5.41826330679,-2.36212288373,0.349554650651,0.0176505280875,-0.00197508372366,-1.54361646852,3.50223064442,-0.939367714801,map_000000057.png
0.345250617235,5.39126520726,-2.36260452129,0.349776699488,0.0125002171648,0.00221651699394,-1.54361646852,3.50223064442,-0.939367714801,map_000000058.png
0.321501627414,5.36557346146,-2.36266578573,0.349902980554,0.00824009303861,0.00393685419112,-1.54361646852,3.50223064442,-0.939367714801,map_000000059.png
0.296472881073,5.33916274193,-2.36239010655,0.34999495927,0.00187707726287,0.00453906087205,-1.54361646852,3.50223064442,-0.939367714801,map_000000060.png
0.271149811252,5.31303385013,-2.36198801246,0.349999868606,-0.000294803690537,0.00402870215476,-1.54361646852,3.50223064442,-0.939367714801,map_000000061.png
0.246401862292,5.2883027944,-2.36154033391,0.349999868606,-0.000294803690537,0.00402870215476,-1.54361646852,3.50223064442,-0.939367714801,map_000000062.png
0.220546982299,5.26269980468,-2.36111668565,0.349995861125,-0.0017006260001,0.00342868687585,-1.54361646852,3.50223064442,-0.939367714801,map_000000063.png
0.194604808391,5.23718486467,-2.36074338564,0.34999436735,-0.00198437826885,0.00271503021941,-1.54361646852,3.50223064442,-0.939367714801,map_000000064.png
0.169634458017,5.21267786837,-2.36043462349,0.349993525845,-0.00212762785292,0.00271771522239,-1.54361646852,3.50223064442,-0.939367714801,map_000000065.png
0.143639723945,5.18721585849,-2.36016200403,0.349995718587,-0.00172971215897,0.0015070666559,-1.54361646852,3.50223064442,-0.939367714801,map_000000066.png
0.118657630282,5.16272129694,-2.35990757544,0.349999377336,-0.000656351858084,0.000628690700978,-1.54361646852,3.50223064442,-0.939367714801,map_000000067.png
0.0927075456185,5.13721465228,-2.35975183486,0.349999377336,-0.000656351858084,0.000628690700978,-1.54361646852,3.50223064442,-0.939367714801,map_000000068.png
0.0668360883923,5.1116279532,-2.35968267778,0.349999951879,-0.000169169792286,0.000249034259468,-1.54361646852,3.50223064442,-0.939367714801,map_000000069.png
0.0419999390228,5.08698488516,-2.35964138924,0.349999885416,-0.00027412150566,0.000250893644989,-1.54361646852,3.50223064442,-0.939367714801,map_000000070.png
0.0161553854207,5.06137058915,-2.35962076766,0.349999664474,0.000479376214572,-8.71401280165e-05,-1.54361646852,3.50223064442,-0.939367714801,map_000000071.png
-0.00964865484324,5.03571664173,-2.35960127084,0.349998664752,0.000964160449489,-0.00017969077453,-1.54361646852,3.50223064442,-0.939367714801,map_000000072.png
-0.0344415991441,5.01103030277,-2.3596169146,0.349998311345,0.00108489121376,-0.000207937322557,-1.54361646852,3.50223064442,-0.939367714801,map_000000073.png
-0.0344415991441,5.01103030277,-2.3596169146,0.349998555723,0.00100295846731,-0.000206233933568,-1.54361646852,3.50223064442,-0.939367714801,map_000000074.png
-0.0601879949007,4.98531775898,-2.35963406252,0.349998555723,0.00100295846731,-0.000206233933568,-1.54361646852,3.50223064442,-0.939367714801,map_000000075.png
-0.0859260626091,4.95959719994,-2.35965366664,0.349998555723,0.00100295846731,-0.000206233933568,-1.54361646852,3.50223064442,-0.939367714801,map_000000076.png
-0.110680247292,4.93487105443,-2.35967271817,0.349998165059,0.00113110071907,-0.000155700836331,-1.54361646852,3.50223064442,-0.939367714801,map_000000077.png
-0.136409449596,4.90914196287,-2.3596824823,0.349998553216,0.00100383273601,-0.000122854486108,-1.54361646852,3.50223064442,-0.939367714801,map_000000078.png
-0.162160148839,4.88343338318,-2.35970120479,0.34999864601,0.000970940078266,-9.29045490921e-05,-1.54361646852,3.50223064442,-0.939367714801,map_000000079.png
-0.186916189508,4.85871039641,-2.35971136294,0.349998846205,0.000895873347793,-7.65193253756e-05,-1.54361646852,3.50223064442,-0.939367714801,map_000000080.png
-0.212665188605,4.83300078284,-2.35971902721,0.349998878025,0.000883354162867,-4.66918572783e-05,-1.54361646852,3.50223064442,-0.939367714801,map_000000081.png
-0.237429179009,4.8082844617,-2.3597250897,0.349998878025,0.000883354162867,-4.66918572783e-05,-1.54361646852,3.50223064442,-0.939367714801,map_000000082.png
-0.263174521558,4.78257153235,-2.35972213413,0.349998798969,0.000914141117039,-1.82040967047e-05,-1.54361646852,3.50223064442,-0.939367714801,map_000000083.png
-0.288938048675,4.75687579874,-2.35972957915,0.349998896278,0.000876092143359,-1.00159086287e-05,-1.54361646852,3.50223064442,-0.939367714801,map_000000084.png
-0.313701923344,4.73216066069,-2.35972970504,0.349999076437,0.000800891272712,-8.25198367238e-06,-1.54361646852,3.50223064442,-0.939367714801,map_000000085.png
-0.339459799807,4.70645994306,-2.35972905785,0.349999022386,0.000824173739826,4.67896461487e-06,-1.54361646852,3.50223064442,-0.939367714801,map_000000086.png
-0.365220985672,4.68076221654,-2.3597282513,0.349999034204,0.000819139774624,6.63520768285e-06,-1.54361646852,3.50223064442,-0.939367714801,map_000000087.png
-0.389980253683,4.65604183998,-2.35971944415,0.34999897529,0.000843936808884,7.98935070634e-06,-1.54361646852,3.50223064442,-0.939367714801,map_000000088.png
-0.415750059736,4.63035239809,-2.35972434058,0.34999897529,0.000843936808884,7.98935070634e-06,-1.54361646852,3.50223064442,-0.939367714801,map_000000089.png
-0.441498586567,4.60464266081,-2.35971519008,0.349999020816,0.000824840258803,-3.45474109054e-06,-1.54361646852,3.50223064442,-0.939367714801,map_000000090.png
-0.466276281394,4.57994102064,-2.35972015911,0.349998911747,0.000869890672548,5.65219670534e-06,-1.54361646852,3.50223064442,-0.939367714801,map_000000091.png
-0.492034278509,4.55424009821,-2.35971871353,0.349998954202,0.00085263764343,-6.30831345916e-06,-1.54361646852,3.50223064442,-0.939367714801,map_000000092.png
-0.517790583079,4.52853780346,-2.35971690286,0.349998851693,0.000893726473837,2.90526077151e-06,-1.54361646852,3.50223064442,-0.939367714801,map_000000093.png
-0.542557306561,4.50382422003,-2.35971588985,0.349998791612,0.000916953376367,1.54599547386e-06,-1.54361646852,3.50223064442,-0.939367714801,map_000000094.png
-0.568301691078,4.47811033088,-2.35970766005,0.349998791612,0.000916953376367,1.54599547386e-06,-1.54361646852,3.50223064442,-0.939367714801,map_000000095.png
-0.593073315238,4.45340260573,-2.35971251444,0.349998765562,0.000926843339465,1.78767368197e-06,-1.54361646852,3.50223064442,-0.939367714801,map_000000096.png
-0.618825372785,4.42769573028,-2.3597109634,0.349998827588,0.000903117189115,-8.79587605596e-06,-1.54361646852,3.50223064442,-0.939367714801,map_000000097.png
-0.644577847424,4.40198959793,-2.35970974255,0.34999875251,0.000931759300383,2.421438694e-07,-1.54361646852,3.50223064442,-0.939367714801,map_000000098.png
-0.670330548421,4.3762833686,-2.35970887534,0.349998749704,0.000932812721272,-3.25497239828e-07,-1.54361646852,3.50223064442,-0.939367714801,map_000000099.png
-0.696081654022,4.3505758666,-2.3597072337,0.34999872736,0.000941159008142,5.86733222008e-08,-1.54361646852,3.50223064442,-0.939367714801,map_000000100.png
-0.72183289032,4.32486817104,-2.35970586959,0.349998724044,0.00094239119677,-6.4680352807e-07,-1.54361646852,3.50223064442,-0.939367714801,map_000000101.png
-0.747583244625,4.29915991789,-2.35970417956,0.349998724044,0.00094239119677,-6.4680352807e-07,-1.54361646852,3.50223064442,-0.939367714801,map_000000102.png
-0.773333732998,4.27345147302,-2.35970289895,0.349998878155,0.000883302681496,1.10967084765e-06,-1.54361646852,3.50223064442,-0.939367714801,map_000000103.png
-0.79808686558,4.24872494604,-2.35969474149,0.349998719013,0.000944257771805,-1.71549618244e-06,-1.54361646852,3.50223064442,-0.939367714801,map_000000104.png
-0.823849083537,4.22302790127,-2.35969995656,0.349998775997,0.000922894307392,-1.23628415167e-05,-1.54361646852,3.50223064442,-0.939367714801,map_000000105.png
-0.849589824731,4.19731036492,-2.35969253211,0.349998920074,0.000866533618189,-1.0612886399e-05,-1.54361646852,3.50223064442,-0.939367714801,map_000000106.png
-0.875351956423,4.17161323425,-2.35969841761,0.349998745518,0.000934381849592,-1.21770426631e-05,-1.54361646852,3.50223064442,-0.939367714801,map_000000107.png
-0.901097895784,4.14590090443,-2.35969157012,0.349998638709,0.000973568349737,-1.5995465219e-06,-1.54361646852,3.50223064442,-0.939367714801,map_000000108.png
-0.901097895784,4.14590090443,-2.35969157012,0.349998638709,0.000973568349737,-1.5995465219e-06,-1.54361646852,3.50223064442,-0.939367714801,map_000000109.png
-0.92685852747,4.12020227084,-2.35969767443,0.349998783831,0.000919918760658,1.5227124095e-07,-1.54361646852,3.50223064442,-0.939367714801,map_000000110.png
-0.952597027906,4.09448248754,-2.35969013765,0.349998783831,0.000919918760658,1.5227124095e-07,-1.54361646852,3.50223064442,-0.939367714801,map_000000111.png
-0.978357466646,4.06878366134,-2.35969498843,0.368196608071,0.00101191336244,2.53785401583e-06,-1.54361646852,3.50223064442,-0.939367714801,map_000000112.png
-1.00476724431,4.04239737527,-2.3596871622,0.35819676519,0.000948693022758,-7.01518729329e-06,-1.54361646852,3.50223064442,-0.939367714801,map_000000113.png
-1.03161076318,4.01561499158,-2.35969213958,0.34819673071,0.000950928551197,2.00839713216e-06,-1.54361646852,3.50223064442,-0.939367714801,map_000000114.png
-1.05781336141,3.98943674898,-2.35968417656,0.33819684455,0.000895960399389,-7.98143446445e-06,-1.54361646852,3.50223064442,-0.939367714801,map_000000115.png
-1.08245406372,3.96485283839,-2.3596892539,0.32819681885,0.000899003785683,1.23120844364e-06,-1.54361646852,3.50223064442,-0.939367714801,map_000000116.png
-1.10736517774,3.93998363932,-2.35968871824,0.32819681885,0.000899003785683,1.23120844364e-06,-1.54361646852,3.50223064442,-0.939367714801,map_000000117.png
-1.13165179511,3.91573432412,-2.35968720728,0.30819689762,0.000846267028416,3.99071723223e-07,-1.54361646852,3.50223064442,-0.939367714801,map_000000118.png
-1.15483459103,3.89258622661,-2.35968590799,0.298196937918,0.000822827163187,1.34389847517e-06,-1.54361646852,3.50223064442,-0.939367714801,map_000000119.png
-1.17716805652,3.87028556725,-2.3596844203,0.288196988774,0.000793336678872,8.24220478535e-07,-1.54361646852,3.50223064442,-0.939367714801,map_000000120.png
-1.19887911984,3.84860628105,-2.35968310488,0.278197054296,0.000760908069571,6.21657818556e-07,-1.54361646852,3.50223064442,-0.939367714801,map_000000121.png
-1.21996759523,3.82754873856,-2.35968165276,0.25819719251,0.000691080610669,-9.22009348869e-08,-1.54361646852,3.50223064442,-0.939367714801,map_000000122.png
-1.24043408641,3.80711300409,-2.35968046632,0.248197245564,0.000655125876634,-5.26197254658e-07,-1.54361646852,3.50223064442,-0.939367714801,map_000000123.png
-1.25943009758,3.78814753996,-2.35967929644,0.248197245564,0.000655125876634,-5.26197254658e-07,-1.54361646852,3.50223064442,-0.939367714801,map_000000124.png
-1.27783261922,3.76977584028,-2.35967830738,0.238197295909,0.000619565210559,-5.62518835068e-07,-1.54361646852,3.50223064442,-0.939367714801,map_000000125.png
-1.29561293009,3.75202623487,-2.35967725301,0.228197351859,0.000584271189947,-5.74626028538e-07,-1.54361646852,3.50223064442,-0.939367714801,map_000000126.png
-1.31277143853,3.7348986507,-2.35967640343,0.21819739541,0.000549971539498,-3.16184014082e-07,-1.54361646852,3.50223064442,-0.939367714801,map_000000127.png
-1.32870890666,3.71897149358,-2.3596687488,0.198197489992,0.000483066123907,3.11527401209e-07,-1.54361646852,3.50223064442,-0.939367714801,map_000000128.png
-1.34460463707,3.70312564499,-2.35967479638,0.188197602525,0.000420197962561,-9.42917540669e-06,-1.54361646852,3.50223064442,-0.939367714801,map_000000129.png
-1.35918009566,3.68856131004,-2.35966720431,0.188197602525,0.000420197962561,-9.42917540669e-06,-1.54361646852,3.50223064442,-0.939367714801,map_000000130.png
-1.37309834815,3.67469635552,-2.3596738224,0.178197587529,0.000416073251148,1.37928873301e-06,-1.54361646852,3.50223064442,-0.939367714801,map_000000131.png
-1.38637352701,3.66143294194,-2.35966666553,0.168197687139,0.000355598033048,-8.26921314001e-06,-1.54361646852,3.50223064442,-0.939367714801,map_000000132.png
-1.39904676855,3.64881112005,-2.35967252295,0.15819765268,0.000357363784935,3.3937394619e-06,-1.54361646852,3.50223064442,-0.939367714801,map_000000133.png
-1.41107801756,3.63679187045,-2.35966591662,0.138197865511,0.00022566255199,-3.86545434594e-06,-1.54361646852,3.50223064442,-0.939367714801,map_000000134.png
-1.42233678929,3.62558304671,-2.35967155312,0.128197815764,0.000241755824629,-3.25217843056e-06,-1.54361646852,3.50223064442,-0.939367714801,map_000000135.png
-1.43241981583,3.61551737545,-2.35966515902,0.118197921729,0.000169384990194,-1.51665881276e-06,-1.54361646852,3.50223064442,-0.939367714801,map_000000136.png
-1.43241981583,3.61551737545,-2.35966515902,0.118197921729,0.000169384990194,-1.51665881276e-06,-1.54361646852,3.50223064442,-0.939367714801,map_000000137.png
-1.44186863515,3.60611769148,-2.35967098125,0.118197921729,0.000169384990194,-1.51665881276e-06,-1.54361646852,3.50223064442,-0.939367714801,map_000000138.png
-1.45062203209,3.5973801346,-2.35966457401,0.108197914268,0.000168261140268,8.67387279868e-06,-1.54361646852,3.50223064442,-0.939367714801,map_000000139.png
-1.45877109605,3.5892819298,-2.35966968401,0.0930328700703,0.00015894305225,1.12927518785e-05,-1.54361646852,3.50223064442,-0.939367714801,map_000000140.png
-1.46578871707,3.58229009404,-2.35966812045,0.0830328543032,0.000161272933195,1.10855326056e-05,-1.54361646852,3.50223064442,-0.939367714801,map_000000141.png
-1.47235600731,3.57574473342,-2.35966649321,0.076516373685,0.00014055566537,1.04773789644e-05,-1.54361646852,3.50223064442,-0.939367714801,map_000000142.png
-1.47835877543,3.56976063421,-2.35966508957,0.076516428536,0.000106592179348,1.22142955661e-05,-1.54361646852,3.50223064442,-0.939367714801,map_000000143.png
-1.48399290186,3.56414496266,-2.35966358637,0.0765164327588,0.00010351653696,1.1510681361e-05,-1.54361646852,3.50223064442,-0.939367714801,map_000000144.png
-1.48962954251,3.55853173852,-2.35966204422,0.0765164327588,0.00010351653696,1.1510681361e-05,-1.54361646852,3.50223064442,-0.939367714801,map_000000145.png
-1.49526624782,3.5529186556,-2.35966050544,0.0765164506736,8.92979444637e-05,1.06208026409e-05,-1.54361646852,3.50223064442,-0.939367714801,map_000000146.png
-1.50090385842,3.54730640547,-2.3596590709,0.0765164505792,8.93787823585e-05,1.00419856608e-05,-1.54361646852,3.50223064442,-0.939367714801,map_000000147.png
-1.50654161221,3.5416943761,-2.35965760994,0.0765164496662,9.01569746259e-05,9.46782529354e-06,-1.54361646852,3.50223064442,-0.939367714801,map_000000148.png
-1.51217945925,3.5360823635,-2.35965631343,0.0665164778713,5.9183543277e-05,1.0,-1.54361646852,3.50223064442,-0.939367714801,map_000000149.png
-1.5177799093,3.53077354882,-2.33604380989,0.056516493517,2.91951372655e-05,1.0,-1.54361646852,3.50223064442,-0.939367714801,map_000000150.png
-1.52305356426,3.52620087158,-2.23377225384,0.0499938081389,-0.000786971868273,1.0,-1.54361646852,3.50223064442,-0.939367714801,map_000000151.png
-1.52706319824,3.52211267404,-2.13542015154,0.0499938081389,-0.000786971868273,1.0,-1.54361646852,3.50223064442,-0.939367714801,map_000000152.png
-1.53059779768,3.51802712843,-2.03315134123,0.0497566854833,-0.00492670545747,1.0,-1.54361646852,3.50223064442,-0.939367714801,map_000000153.png
-1.53392465831,3.51382798716,-1.93087950453,0.049007966835,-0.00991056828094,1.0,-1.54361646852,3.50223064442,-0.939367714801,map_000000154.png
-1.53716312432,3.50947187952,-1.82860700561,0.0474981721981,-0.0156180605325,1.0,-1.54361646852,3.50223064442,-0.939367714801,map_000000155.png
-1.54038467918,3.50500393473,-1.72633966996,0.0451281934675,-0.0215278036807,1.0,-1.54361646852,3.50223064442,-0.939367714801,map_000000156.png
-1.54362295758,3.50042274154,-1.62407457091,0.0376359784835,-0.03291706701,1.0,-1.54361646852,3.50223064442,-0.939367714801,map_000000157.png
-1.54685771242,3.49576138626,-1.52180332948,0.0325942218514,-0.0379159185416,1.0,-1.54361646852,3.50223064442,-0.939367714801,map_000000158.png
-1.55085768127,3.4914409442,-1.41953318198,0.0325942218514,-0.0379159185416,1.0,-1.54361646852,3.50223064442,-0.939367714801,map_000000159.png
-1.55491000409,3.48708300703,-1.31725739672,0.0,0.0,0.86909532547,-1.54361646852,3.50223064442,-0.939367714801,map_000000160.png
-1.55666331283,3.48549378011,-1.22425631528,0.0,0.0,0.71598136425,-1.54361646852,3.50223064442,-0.939367714801,map_000000161.png
-1.55739153165,3.4851933064,-1.14320809288,0.0,0.0,0.562996685505,-1.54361646852,3.50223064442,-0.939367714801,map_000000162.png
-1.55797730293,3.48488863269,-1.07540774179,0.0,0.0,0.302111655474,-1.54361646852,3.50223064442,-0.939367714801,map_000000163.png
-1.55841529064,3.48465478825,-1.02415294121,0.0,0.0,0.302213579416,-1.54361646852,3.50223064442,-0.939367714801,map_000000164.png
-1.55866646657,3.48449675698,-0.993257225775,0.0,0.0,0.12373277545,-1.54361646852,3.50223064442,-0.939367714801,map_000000165.png
-1.55866646657,3.48449675698,-0.993257225775,0.0,0.0,0.12373277545,-1.54361646852,3.50223064442,-0.939367714801,map_000000166.png
-1.55891267282,3.48433095464,-0.962351902029,0.0,0.0,0.077431589365,-1.54361646852,3.50223064442,-0.939367714801,map_000000167.png
-1.55903937981,3.48424123685,-0.946188024522,0.0,0.0,0.077431589365,-1.54361646852,3.50223064442,-0.939367714801,map_000000168.png
-1.55911498285,3.48418618646,-0.936448282828,0.0,0.0,0.0,-1.54361646852,3.50223064442,-0.939367714801,map_000000169.png
