-5.41589704676,7.01007911742,-1.93467850229,0.0,0.0,0.0,2.1099087877,6.4905969694,2.05185785533,map_000000001.png
-5.41588756038,7.01006960096,-1.9346727516,0.0,0.0,0.0,2.1099087877,6.4905969694,2.05185785533,map_000000002.png
-5.41589697273,7.01007903419,-1.93467844527,0.0,0.0,0.0,2.1099087877,6.4905969694,2.05185785533,map_000000003.png
-5.41589693633,7.01007899248,-1.93467843808,0.0,0.0,0.0,2.1099087877,6.4905969694,2.05185785533,map_000000004.png
-5.41588745243,7.0100694789,-1.93467298116,0.0,0.0,0.0,2.1099087877,6.4905969694,2.05185785533,map_000000005.png
-5.41589686616,7.01007891222,-1.93467844269,0.00153220316966,0.0599804345136,1.0,2.1099087877,6.4905969694,2.05185785533,map_000000006.png
-5.41474407229,7.00960813013,-1.91106234795,-0.00202287766173,0.0699707654959,1.0,2.1099087877,6.4905969694,2.05185785533,map_000000007.png
-5.40966566057,7.00795233873,-1.80878607436,-0.00548164193591,0.0798119755426,1.0,2.1099087877,6.4905969694,2.05185785533,map_000000008.png
-5.40371560411,7.00701916641,-1.71046175107,-0.00548164193591,0.0798119755426,1.0,2.1099087877,6.4905969694,2.05185785533,map_000000009.png
-5.39680162405,7.0068760581,-1.61211253683,-0.0041498368439,0.0999138513887,1.0,2.1099087877,6.4905969694,2.05185785533,map_000000010.png
-5.38850103085,7.00740921914,-1.51378366888,0.00257014385619,0.1099699615,1.0,2.1099087877,6.4905969694,2.05185785533,map_000000011.png
-5.3790661359,7.0085231934,-1.41544266811,0.01282630034,0.119312547159,1.0,2.1099087877,6.4905969694,2.05185785533,map_000000012.png
-5.368450523,7.01019562518,-1.3131650503,0.0262791151157,0.127316170771,1.0,2.1099087877,6.4905969694,2.05185785533,map_000000013.png
-5.35755140459,7.0122256358,-1.21483174506,0.0425449168262,0.133378897449,1.0,2.1099087877,6.4905969694,2.05185785533,map_000000014.png
-5.34566501077,7.01445276765,-1.11648104283,0.0425449168262,0.133378897449,1.0,2.1099087877,6.4905969694,2.05185785533,map_000000015.png
-5.33298421364,7.01685187343,-1.01815581724,0.0822513006806,0.137239668518,1.0,2.1099087877,6.4905969694,2.05185785533,map_000000016.png
-5.31807573173,7.01846418444,-0.915879552124,0.103670176655,0.134731211661,1.0,2.1099087877,6.4905969694,2.05185785533,map_000000017.png
-5.30241032611,7.01959932929,-0.817534164544,0.125576032363,0.128959948771,1.0,2.1099087877,6.4905969694,2.05185785533,map_000000018.png
-5.285969798,7.02090352299,-0.719205225609,0.146719498212,0.120720338648,1.0,2.1099087877,6.4905969694,2.05185785533,map_000000019.png
-5.26864938331,7.02237905948,-0.620857393838,0.185747562708,0.0979686649069,1.0,2.1099087877,6.4905969694,2.05185785533,map_000000020.png
-5.24956870595,7.02385561852,-0.518586701016,0.185747562708,0.0979686649069,1.0,2.1099087877,6.4905969694,2.05185785533,map_000000021.png
-5.22929522213,7.02375839918,-0.420259917368,0.20417586377,0.0819282308962,0.946337044239,2.1099087877,6.4905969694,2.05185785533,map_000000022.png
-5.20797344718,7.02379672589,-0.325503278731,0.221407317734,0.0622802008058,0.79324144125,2.1099087877,6.4905969694,2.05185785533,map_000000023.png
-5.18579111359,7.02402503025,-0.23969060936,0.235925260611,0.0440374442198,0.646010577679,2.1099087877,6.4905969694,2.05185785533,map_000000024.png
-5.16178556063,7.02447221732,-0.162624399007,0.248834001789,0.0241178223733,0.50408577919,2.1099087877,6.4905969694,2.05185785533,map_000000025.png
-5.13786608664,7.02505448238,-0.0996554024367,0.26953513631,-0.0158376096758,0.26004999876,2.1099087877,6.4905969694,2.05185785533,map_000000026.png
-5.11292036083,7.02508939666,-0.0500936205939,0.26953513631,-0.0158376096758,0.26004999876,2.1099087877,6.4905969694,2.05185785533,map_000000027.png
-5.08636851319,7.02294602341,-0.0206881878611,0.277982165654,-0.0335549014224,0.165677845478,2.1099087877,6.4905969694,2.05185785533,map_000000028.png
-5.05779475792,7.01962937159,-0.000402323657841,0.286087546424,-0.0474755857544,0.0913849845529,2.1099087877,6.4905969694,2.05185785533,map_000000029.png
-5.02954922495,7.01560818398,0.0120839515086,0.295462373323,-0.0519806649287,0.0473018810153,2.1099087877,6.4905969694,2.05185785533,map_000000030.png
-5.00062142866,7.01114087366,0.0198583291775,0.305624750292,-0.0518990803012,0.0168834310025,2.1099087877,6.4905969694,2.05185785533,map_000000031.png
-4.97089770345,7.00655869855,0.0242682241396,0.327260522294,-0.0424327560006,-0.0135133862495,2.1099087877,6.4905969694,2.05185785533,map_000000032.png
-4.93899871444,7.00194566454,0.0259941807242,0.327260522294,-0.0424327560006,-0.0135133862495,2.1099087877,6.4905969694,2.05185785533,map_000000033.png
-4.90636122078,6.99847260198,0.024901639575,0.338167069134,-0.0352564291113,-0.0201381612569,2.1099087877,6.4905969694,2.05185785533,map_000000034.png
-4.8728193357,6.99553429647,0.0231218009671,0.348952571664,-0.0270568902689,-0.0227392315865,2.1099087877,6.4905969694,2.05185785533,map_000000035.png
-4.8384504177,6.99319380266,0.0210195227078,0.349440199471,-0.0197874184145,-0.0211134124547,2.1099087877,6.4905969694,2.05185785533,map_000000036.png
-4.80350583202,6.99140092966,0.0188200685282,0.349748894754,-0.0132553970804,-0.0184561051428,2.1099087877,6.4905969694,2.05185785533,map_000000037.png
-4.76714944134,6.99006310407,0.0166779984543,0.349985325997,-0.00320414117715,-0.0120255779475,2.1099087877,6.4905969694,2.05185785533,map_000000038.png
-4.73218472283,6.98931780248,0.0148632761189,0.349985325997,-0.00320414117715,-0.0120255779475,2.1099087877,6.4905969694,2.05185785533,map_000000039.png
-4.69719389498,6.98933651255,0.013570985055,0.349999720629,0.00043645517319,-0.00882188417017,2.1099087877,6.4905969694,2.05185785533,map_000000040.png
-4.66222294384,6.98973967087,0.0126031642785,0.349988704672,0.00281096704484,-0.00610814057291,2.1099087877,6.4905969694,2.05185785533,map_000000041.png
-4.62584568439,6.99034996634,0.0118248661822,0.349982562855,0.00349294022101,-0.00417713448405,2.1099087877,6.4905969694,2.05185785533,map_000000042.png
-4.5908600555,6.99104960151,0.0112689351537,0.349990335749,0.00259996461733,-0.00157104432583,2.1099087877,6.4905969694,2.05185785533,map_000000043.png
-4.55589409356,6.99179193972,0.0108788918159,0.349996167489,0.00163636087295,-0.000743059441447,2.1099087877,6.4905969694,2.05185785533,map_000000044.png
-4.52090717407,6.99242182783,0.0107160531007,0.349996167489,0.00163636087295,-0.000743059441447,2.1099087877,6.4905969694,2.05185785533,map_000000045.png
-4.48452921257,6.99299629864,0.0106229533943,0.349999618502,0.000511842044801,-0.000163631513715,2.1099087877,6.4905969694,2.05185785533,map_000000046.png
-4.44955861498,6.9934638474,0.0105885176834,0.349999655618,-0.000485799249122,7.51875340939e-05,2.1099087877,6.4905969694,2.05185785533,map_000000047.png
-4.41456795485,6.99383199677,0.0105741286925,0.349997141618,-0.0014127252726,0.000209478661418,2.1099087877,6.4905969694,2.05185785533,map_000000048.png
-4.37959561198,6.99414043251,0.0105851143705,0.349989357109,-0.00272852410175,0.000272110104561,2.1099087877,6.4905969694,2.05185785533,map_000000049.png
-4.34321385311,6.99437344751,0.010602511192,0.349985409361,-0.00319502242205,0.000250345095992,2.1099087877,6.4905969694,2.05185785533,map_000000050.png
-4.30822126125,6.9944624162,0.0106211461137,0.349985409361,-0.00319502242205,0.000250345095992,2.1099087877,6.4905969694,2.05185785533,map_000000051.png
-4.27324766755,6.99453153826,0.0106460192902,0.349982285363,-0.00352063428642,0.000218955799937,2.1099087877,6.4905969694,2.05185785533,map_000000052.png
-4.23825495363,6.99455455576,0.0106602846362,0.349981842104,-0.0035644257995,0.000185701996088,2.1099087877,6.4905969694,2.05185785533,map_000000053.png
-4.20187244149,6.99457451359,0.0106768542104,0.349981755351,-0.00357293370725,0.000143080949783,2.1099087877,6.4905969694,2.05185785533,map_000000054.png
-4.16689879871,6.99460092346,0.0106941649869,0.349983508844,-0.0033968324709,8.61752778292e-05,2.1099087877,6.4905969694,2.05185785533,map_000000055.png
-4.13190607132,6.99460931314,0.0106994094585,0.349984245405,-0.00332007561228,5.48679381609e-05,2.1099087877,6.4905969694,2.05185785533,map_000000056.png
-4.09693244402,6.99465343198,0.0107083566649,0.349984245405,-0.00332007561228,5.48679381609e-05,2.1099087877,6.4905969694,2.05185785533,map_000000057.png
-4.06054995222,6.99469657994,0.0107102055266,0.349985329875,-0.00320371750281,4.1650608182e-05,2.1099087877,6.4905969694,2.05185785533,map_000000058.png
-4.02555725663,6.99473747416,0.0107066503103,0.349985724429,-0.00316032115239,2.28695571423e-05,2.1099087877,6.4905969694,2.05185785533,map_000000059.png
-3.99058365678,6.99480301491,0.0107098514928,0.349986602253,-0.00306156448445,1.4703720808e-05,2.1099087877,6.4905969694,2.05185785533,map_000000060.png
-3.95559097882,6.99485477349,0.0107034817388,0.34998659661,-0.00306220946004,4.51877713203e-06,2.1099087877,6.4905969694,2.05185785533,map_000000061.png
-3.92061740091,6.99493248989,0.0107051460628,0.349986845998,-0.00303357249643,8.71904194355e-06,2.1099087877,6.4905969694,2.05185785533,map_000000062.png
-3.88423495689,6.99500350373,0.0107013519125,0.349986845998,-0.00303357249643,8.71904194355e-06,2.1099087877,6.4905969694,2.05185785533,map_000000063.png
-3.84924229586,6.99506491054,0.0106935717927,0.349986607433,-0.00306097227623,8.13975930214e-07,2.1099087877,6.4905969694,2.05185785533,map_000000064.png
-3.81426872027,6.99514332686,0.0106943617154,0.349986484351,-0.00307501303826,1.05053186417e-06,2.1099087877,6.4905969694,2.05185785533,map_000000065.png
-3.77927605344,6.99520146728,0.010686330919,0.349986242155,-0.00310245638914,6.48200511932e-07,2.1099087877,6.4905969694,2.05185785533,map_000000066.png
-3.74289360066,6.99526984465,0.0106817706946,0.349986311546,-0.0030946185388,6.99982047081e-06,2.1099087877,6.4905969694,2.05185785533,map_000000067.png
-3.70792001378,6.99534273946,0.0106822053317,0.34998617517,-0.00311000378342,7.85663723946e-06,2.1099087877,6.4905969694,2.05185785533,map_000000068.png
-3.67292734137,6.99539771629,0.0106744682509,0.34998617517,-0.00311000378342,7.85663723946e-06,2.1099087877,6.4905969694,2.05185785533,map_000000069.png
-3.63795375462,6.99546981844,0.0106754601156,0.349987205974,-0.00299175336376,2.51457095146e-06,2.1099087877,6.4905969694,2.05185785533,map_000000070.png
-3.60157131274,6.99554235126,0.0106716719714,0.349986967654,-0.00301950426854,-3.47942113876e-06,2.1099087877,6.4905969694,2.05185785533,map_000000071.png
-3.56657865628,6.99560602023,0.010663137236,0.349985485915,-0.00318662554369,-1.70990824699e-06,2.1099087877,6.4905969694,2.05185785533,map_000000072.png
-3.53160507828,6.99568251202,0.0106631844753,0.349986482758,-0.00307519429575,-7.04638659954e-06,2.1099087877,6.4905969694,2.05185785533,map_000000073.png
-3.49661238924,6.99572807118,0.0106541017322,0.349986357266,-0.00308944351785,-3.58745455742e-06,2.1099087877,6.4905969694,2.05185785533,map_000000074.png
-3.49661238924,6.99572807118,0.0106541017322,0.349986357266,-0.00308944351785,-3.58745455742e-06,2.1099087877,6.4905969694,2.05185785533,map_000000075.png
-3.46022993626,6.9957960444,0.0106491236167,0.349985952921,-0.0031349149408,-1.63707882166e-05,2.1099087877,6.4905969694,2.05185785533,map_000000076.png
-3.42525635333,6.9958693581,0.0106494780458,0.349986095792,-0.0031189238482,-2.16830521822e-05,2.1099087877,6.4905969694,2.05185785533,map_000000077.png
-3.39026367513,6.99592078842,0.0106399800865,0.34998433112,-0.00331102763649,-8.24443995953e-05,2.1099087877,6.4905969694,2.05185785533,map_000000078.png
-3.35529008143,6.99598963214,0.0106382781011,0.34998433112,-0.00331102763649,-8.24443995953e-05,2.1099087877,6.4905969694,2.05185785533,map_000000079.png
-3.31890761285,6.9960476967,0.0106303711254,0.349985279964,-0.00320916529062,-8.77976417542e-05,2.1099087877,6.4905969694,2.05185785533,map_000000080.png
-3.28391490752,6.99607957,0.0106141565931,0.349983567779,-0.00339075485469,-0.000163899734616,2.1099087877,6.4905969694,2.05185785533,map_000000081.png
-3.24894130194,6.9961393293,0.0106054115937,0.349983567779,-0.00339075485469,-0.000163899734616,2.1099087877,6.4905969694,2.05185785533,map_000000082.png
-3.2139485873,6.99616483215,0.0105816681613,0.349983488034,-0.00339897589406,-0.000301923602819,2.1099087877,6.4905969694,2.05185785533,map_000000083.png
-3.17756608718,6.99619666143,0.0105516754844,0.349983420865,-0.00340588506385,-0.000589061528444,2.1099087877,6.4905969694,2.05185785533,map_000000084.png
-3.14259246173,6.99623485546,0.010510011622,0.349981411911,-0.00360641790352,-0.00104723498225,2.1099087877,6.4905969694,2.05185785533,map_000000085.png
-3.10759973522,6.99624752144,0.0104328672637,0.349982362835,-0.00351292440939,-0.0010529011488,2.1099087877,6.4905969694,2.05185785533,map_000000086.png
-3.07262611094,6.99626057008,0.0103301238244,0.349978561051,-0.0038732077274,-0.00186325609684,2.1099087877,6.4905969694,2.05185785533,map_000000087.png
-3.03763338094,6.99626066351,0.010217979904,0.349978561051,-0.0038732077274,-0.00186325609684,2.1099087877,6.4905969694,2.05185785533,map_000000088.png
-3.00125088604,6.99623586277,0.0100390400862,0.349979547313,-0.00378304056808,-0.00186918862164,2.1099087877,6.4905969694,2.05185785533,map_000000089.png
-2.96627728884,6.99621259265,0.00985610549688,0.349961892816,-0.00516415629698,-0.00671012699604,2.1099087877,6.4905969694,2.05185785533,map_000000090.png
-2.93128472555,6.99611388639,0.00947360194029,0.349959539603,-0.00532123807083,-0.0064492598176,2.1099087877,6.4905969694,2.05185785533,map_000000091.png
-2.89631174946,6.99593053903,0.0088190785714,0.349845191201,-0.0104085122337,-0.0231061112136,2.1099087877,6.4905969694,2.05185785533,map_000000092.png
-2.85993009345,6.99569289343,0.00815533695495,0.349847115267,-0.0103436392528,-0.0231191124767,2.1099087877,6.4905969694,2.05185785533,map_000000093.png
-2.82494629144,6.99491184983,0.00587527003864,0.349847115267,-0.0103436392528,-0.0231191124767,2.1099087877,6.4905969694,2.05185785533,map_000000094.png
-2.78998367292,6.99407531525,0.00360228644624,0.349570999521,-0.0173237186332,-0.0420545302331,2.1099087877,6.4905969694,2.05185785533,map_000000095.png
-2.75501963218,6.99272254139,0.000203283883438,0.348935496736,-0.0272766209642,-0.077146500349,2.1099087877,6.4905969694,2.05185785533,map_000000096.png
-2.71871202433,6.99050186169,-0.00548165478293,0.344931258521,-0.049160736568,-0.139269903302,2.1099087877,6.4905969694,2.05185785533,map_000000097.png
-2.68393911985,6.98719846278,-0.0140428451763,0.344918886266,-0.0492474671615,-0.13932159543,2.1099087877,6.4905969694,2.05185785533,map_000000098.png
-2.64955414664,6.98169557345,-0.027741332036,0.330232300897,-0.0833241931745,-0.259020924568,2.1099087877,6.4905969694,2.05185785533,map_000000099.png
-2.61527068165,6.97573462311,-0.0414348596924,0.330232300897,-0.0833241931745,-0.259020924568,2.1099087877,6.4905969694,2.05185785533,map_000000100.png
-2.58103384451,6.96633713933,-0.0650986207548,0.29541633379,-0.142643929668,-0.450626075268,2.1099087877,6.4905969694,2.05185785533,map_000000101.png
-2.55116339942,6.95236280842,-0.101877383159,0.231800229279,-0.217774477184,-0.786380648613,2.1099087877,6.4905969694,2.05185785533,map_000000102.png
-2.52651927828,6.93245799728,-0.159393310542,0.212092181657,-0.223892916699,-0.751152276993,2.1099087877,6.4905969694,2.05185785533,map_000000103.png
-2.50823589704,6.90727418123,-0.236173737422,0.195895995556,-0.236719238663,-0.768768787384,2.1099087877,6.4905969694,2.05185785533,map_000000104.png
-2.4930729793,6.87963371534,-0.312987488847,0.214010803641,-0.223881001504,-0.731602072716,2.1099087877,6.4905969694,2.05185785533,map_000000105.png
-2.48253433354,6.8513938245,-0.38858133128,0.214010803641,-0.223881001504,-0.731602072716,2.1099087877,6.4905969694,2.05185785533,map_000000106.png
-2.47239046094,6.82272698216,-0.461260477122,0.278787510038,-0.160996625508,-0.545434892178,2.1099087877,6.4905969694,2.05185785533,map_000000107.png
-2.45897811046,6.79474321312,-0.522942135498,0.307390084191,-0.117477858843,-0.436602652073,2.1099087877,6.4905969694,2.05185785533,map_000000108.png
-2.44083509445,6.76662312265,-0.574439590181,0.307352775312,-0.117575434021,-0.436752796173,2.1099087877,6.4905969694,2.05185785533,map_000000109.png
-2.42173330081,6.74000588899,-0.617374839023,0.325753241243,-0.0787312074584,-0.34438046813,2.1099087877,6.4905969694,2.05185785533,map_000000110.png
-2.40381843792,6.71260919183,-0.660319068169,0.334146569636,-0.0537814418452,-0.293881416321,2.1099087877,6.4905969694,2.05185785533,map_000000111.png
-2.38331724204,6.68625107684,-0.694548117959,0.334146569636,-0.0537814418452,-0.293881416321,2.1099087877,6.4905969694,2.05185785533,map_000000112.png
-2.3609490832,6.65926195859,-0.725789863412,0.345337201552,-0.00584623101797,-0.188070952892,2.1099087877,6.4905969694,2.05185785533,map_000000113.png
-2.33744222325,6.63453362764,-0.748859390706,0.348466204087,0.0140339430666,-0.136794507504,2.1099087877,6.4905969694,2.05185785533,map_000000114.png
-2.31207680904,6.6109444543,-0.765538005067,0.349120837695,0.0239466356919,-0.118633776903,2.1099087877,6.4905969694,2.05185785533,map_000000115.png
-2.28593039682,6.58784973458,-0.778700732151,0.348477760995,0.0326074381892,-0.0840734168887,2.1099087877,6.4905969694,2.05185785533,map_000000116.png
-2.25944671053,6.56496404849,-0.790365265979,0.348477760995,0.0326074381892,-0.0840734168887,2.1099087877,6.4905969694,2.05185785533,map_000000117.png
-2.23162068192,6.54152638315,-0.799097974431,0.348303395414,0.0344200475977,-0.0372742377222,2.1099087877,6.4905969694,2.05185785533,map_000000118.png
-2.20493077433,6.51889921351,-0.803864771579,0.343176285988,0.0687752256905,0.118850238621,2.1099087877,6.4905969694,2.05185785533,map_000000119.png
-2.17713286196,6.4977399501,-0.798932208375,0.342725733358,0.0709863833961,0.131984576583,2.1099087877,6.4905969694,2.05185785533,map_000000120.png
-2.14819637951,6.47809270591,-0.786780638074,0.317320854013,0.122096193227,0.345432072878,2.1099087877,6.4905969694,2.05185785533,map_000000121.png
-2.11744903101,6.45926077766,-0.769083925232,0.31324124081,0.125093975202,0.338144004345,2.1099087877,6.4905969694,2.05185785533,map_000000122.png
-2.08618474196,6.44623962325,-0.735121270948,0.31324124081,0.125093975202,0.338144004345,2.1099087877,6.4905969694,2.05185785533,map_000000123.png
-2.05448270086,6.4342834453,-0.701156149002,0.261647176915,0.184726238495,0.598194241524,2.1099087877,6.4905969694,2.05185785533,map_000000124.png
-2.02282084006,6.42993795048,-0.648415225243,0.269858936095,0.17862574162,0.547445178032,2.1099087877,6.4905969694,2.05185785533,map_000000125.png
-1.98967066752,6.42877435817,-0.590036412199,0.276455320413,0.172765261188,0.511317074299,2.1099087877,6.4905969694,2.05185785533,map_000000126.png
-1.95749994614,6.42869354299,-0.537485873195,0.296815184562,0.146902994731,0.432371526957,2.1099087877,6.4905969694,2.05185785533,map_000000127.png
-1.92509625367,6.42924258215,-0.488449870583,0.295163339425,0.141546015992,0.491022616625,2.1099087877,6.4905969694,2.05185785533,map_000000128.png
-1.89217404305,6.42860557946,-0.445931483533,0.311031846628,0.108146867979,0.461547762156,2.1099087877,6.4905969694,2.05185785533,map_000000129.png
-1.85831842005,6.42903663305,-0.396185316342,0.311031846628,0.108146867979,0.461547762156,2.1099087877,6.4905969694,2.05185785533,map_000000130.png
-1.82564374281,6.42822878283,-0.35010444677,0.304897278965,0.111956728938,0.530336618423,2.1099087877,6.4905969694,2.05185785533,map_000000131.png
-1.79311873337,6.42831632196,-0.301198568279,0.316978216998,0.0906608276801,0.455889254808,2.1099087877,6.4905969694,2.05185785533,map_000000132.png
-1.76068143454,6.42953536525,-0.251398504187,0.315586117098,0.0916033156443,0.47247967124,2.1099087877,6.4905969694,2.05185785533,map_000000133.png
-1.7265722721,6.43081589755,-0.204517549914,0.329091156179,0.0648606052187,0.368773907423,2.1099087877,6.4905969694,2.05185785533,map_000000134.png
-1.69396979311,6.43367456184,-0.158054810424,0.329091156179,0.0648606052187,0.368773907423,2.1099087877,6.4905969694,2.05185785533,map_000000135.png
-1.66061660185,6.43537497813,-0.12098267533,0.33565628148,0.0493053747783,0.310305088758,2.1099087877,6.4905969694,2.05185785533,map_000000136.png
-1.62689015916,6.43690065208,-0.0888646668004,0.342542589134,0.0283001522606,0.242423474789,2.1099087877,6.4905969694,2.05185785533,map_000000137.png
-1.59142660784,6.43794585571,-0.0608718949781,0.347148854537,0.0118465594911,0.186890915036,2.1099087877,6.4905969694,2.05185785533,map_000000138.png
-1.55698156556,6.43833482545,-0.0387803229435,0.349986067111,-0.0031221406029,0.138131782413,2.1099087877,6.4905969694,2.05185785533,map_000000139.png
-1.52223583637,6.43812722025,-0.0209806658074,0.349098290567,-0.0251073386977,0.0638428553939,2.1099087877,6.4905969694,2.05185785533,map_000000140.png
-1.48727037002,6.43717022049,-0.00740445149668,0.349098290567,-0.0251073386977,0.0638428553939,2.1099087877,6.4905969694,2.05185785533,map_000000141.png
-1.45236779827,6.43464519357,-0.000540077498753,0.349371100401,0.00038474064351,0.156177580357,2.1099087877,6.4905969694,2.05185785533,map_000000142.png
-1.41605647948,6.43391635442,0.0125235519386,0.34718172967,-0.0443265328794,-0.0508176647127,2.1099087877,6.4905969694,2.05185785533,map_000000143.png
-1.38120806946,6.4321882177,0.017295085934,0.347014681064,-0.0456158531631,-0.061136405915,2.1099087877,6.4905969694,2.05185785533,map_000000144.png
-1.3464509068,6.42827992333,0.0119724252223,0.347814918453,-0.0390483986204,-0.0310933031142,2.1099087877,6.4905969694,2.05185785533,map_000000145.png
-1.31171688966,6.42414415968,0.00619900704374,0.349421615457,-0.0201129208452,-0.00119284167886,2.1099087877,6.4905969694,2.05185785533,map_000000146.png
-1.27553557459,6.42028769408,0.00302096017459,0.349421615457,-0.0201129208452,-0.00119284167886,2.1099087877,6.4905969694,2.05185785533,map_000000147.png
-1.24061585505,6.41822497514,0.00266718980476,0.349859025353,-0.00993263874825,0.0074616689235,2.1099087877,6.4905969694,2.05185785533,map_000000148.png
-1.20566433335,6.41703117249,0.00315634455549,0.349934845687,-0.00675268148873,-0.0090005248785,2.1099087877,6.4905969694,2.05185785533,map_000000149.png
-1.17066885607,6.41632086397,0.00304668763591,0.34999989304,-0.000264207967606,0.00431058835238,2.1099087877,6.4905969694,2.05185785533,map_000000150.png
-1.13428991357,6.41592816563,0.00254102289427,0.349995929886,0.0016864152838,0.00357307866216,2.1099087877,6.4905969694,2.05185785533,map_000000151.png
-1.09931641104,6.4160263892,0.00295604758877,0.349568399062,0.0173761132357,0.0532689541578,2.1099087877,6.4905969694,2.05185785533,map_000000152.png
-1.06432480965,6.41629150273,0.00329930710972,0.349568399062,0.0173761132357,0.0532689541578,2.1099087877,6.4905969694,2.05185785533,map_000000153.png
-1.02939780611,6.41805600804,0.00814803514758,0.349477632248,0.0191149023537,0.0526589602232,2.1099087877,6.4905969694,2.05185785533,map_000000154.png
-0.993086321546,6.42032619271,0.0135506454879,0.34843704972,0.033039632501,0.0968864187598,2.1099087877,6.4905969694,2.05185785533,map_000000155.png
-0.958246707148,6.42345857775,0.0209840802034,0.344538992635,0.0523776527446,0.169536113739,2.1099087877,6.4905969694,2.05185785533,map_000000156.png
-0.923662988537,6.42817110073,0.0327994289788,0.342749199823,0.0606247242398,0.176181688905,2.1099087877,6.4905969694,2.05185785533,map_000000157.png
-0.889485044933,6.43470355627,0.04951693117,0.346334991682,0.0505180014469,0.135529816151,2.1099087877,6.4905969694,2.05185785533,map_000000158.png
-0.854253974825,6.44289549834,0.0675322205451,0.346334991682,0.0505180014469,0.135529816151,2.1099087877,6.4905969694,2.05185785533,map_000000159.png
-0.820199585469,6.45057300677,0.0816568751191,0.349379055431,0.0208391592841,0.033249348402,2.1099087877,6.4905969694,2.05185785533,map_000000160.png
-0.785735130864,6.45651949567,0.0881424545086,0.349989430253,0.00271912576667,0.00623219832778,2.1099087877,6.4905969694,2.05185785533,map_000000161.png
-0.751034648708,6.46084213816,0.0901409328704,0.34912398996,-0.0247474153848,-0.0569117292762,2.1099087877,6.4905969694,2.05185785533,map_000000162.png
-0.714777106163,6.46353363635,0.0887892202027,0.346321349154,-0.0506114419287,-0.0924397408962,2.1099087877,6.4905969694,2.05185785533,map_000000163.png
-0.679815399391,6.46390763224,0.0829075953002,0.345177461097,-0.0579009091817,-0.102775990963,2.1099087877,6.4905969694,2.05185785533,map_000000164.png
-0.644902783973,6.46167807421,0.0738236791607,0.345177461097,-0.0579009091817,-0.102775990963,2.1099087877,6.4905969694,2.05185785533,map_000000165.png
-0.610080637709,6.45846973958,0.0638411611525,0.345159680284,-0.0580068102871,-0.100677162409,2.1099087877,6.4905969694,2.05185785533,map_000000166.png
-0.575301412874,6.45481637017,0.0538687329069,0.346220337321,-0.051297884546,-0.0907151177526,2.1099087877,6.4905969694,2.05185785533,map_000000167.png
-0.539126520935,6.45097812872,0.044048956118,0.348592970286,-0.0313518101723,-0.0628149583936,2.1099087877,6.4905969694,2.05185785533,map_000000168.png
-0.504298268011,6.44787215183,0.0358987711678,0.349396686255,-0.0205414353916,-0.0491781271994,2.1099087877,6.4905969694,2.05185785533,map_000000169.png
-0.469368101493,6.44598931235,0.0297773568798,0.349395128261,-0.0205679187428,-0.0491997301579,2.1099087877,6.4905969694,2.05185785533,map_000000170.png
-0.434408426587,6.44493296987,0.0249382578163,0.349395128261,-0.0205679187428,-0.0491997301579,2.1099087877,6.4905969694,2.05185785533,map_000000171.png
-0.398050787121,6.44365806347,0.0199057187002,0.349811645201,-0.0114807584738,-0.0369960553944,2.1099087877,6.4905969694,2.05185785533,map_000000172.png
-0.363064445879,6.44283962662,0.0158327321806,0.349995031701,-0.00186352313789,-0.021465472877,2.1099087877,6.4905969694,2.05185785533,map_000000173.png
-0.32809201335,6.44265057007,0.012870872739,0.349952214897,0.00578292506862,-0.00799976009876,2.1099087877,6.4905969694,2.05185785533,map_000000174.png
-0.293108331254,6.44305045868,0.0110245459082,0.349949213917,0.00596176251062,-0.00800760928541,2.1099087877,6.4905969694,2.05185785533,map_000000175.png
-0.256729494835,6.4440373942,0.0101984018986,0.349918756603,0.00754047155432,-0.00366509705782,2.1099087877,6.4905969694,2.05185785533,map_000000176.png
-0.221768592899,6.44499365856,0.00941121599359,0.349918756603,0.00754047155432,-0.00366509705782,2.1099087877,6.4905969694,2.05185785533,map_000000177.png
-0.186791641309,6.44603771197,0.00897382681891,0.349950585795,0.00588068324087,0.000287048518658,2.1099087877,6.4905969694,2.05185785533,map_000000178.png
-0.186791641309,6.44603771197,0.00897382681891,0.349948049621,0.00602971806244,0.000281968154013,2.1099087877,6.4905969694,2.05185785533,map_000000179.png
-0.15183142503,6.44701246746,0.00884693336465,0.349999032501,0.000819867254807,0.00225733965635,2.1099087877,6.4905969694,2.05185785533,map_000000180.png
-0.0804779281925,6.44873073921,0.00893765226688,0.349998849603,0.000894544763894,0.00225292146206,2.1099087877,6.4905969694,2.05185785533,map_000000181.png
-0.0804779281925,6.44873073921,0.00893765226688,0.349998782499,-0.000920425374258,0.00220317393541,2.1099087877,6.4905969694,2.05185785533,map_000000182.png
-0.045506517156,6.44913619553,0.00915979636007,0.349998782499,-0.000920425374258,0.00220317393541,2.1099087877,6.4905969694,2.05185785533,map_000000183.png
-0.0105162306604,6.44953823878,0.00937291836077,0.349984063469,-0.00333919920181,0.0017593735829,2.1099087877,6.4905969694,2.05185785533,map_000000184.png
0.0258651748876,6.44981439292,0.00959472890753,0.349984063469,-0.00333919920181,0.0017593735829,2.1099087877,6.4905969694,2.05185785533,map_000000185.png
0.0608385405754,6.44991410675,0.00978365459499,0.349966871833,-0.00481493025353,0.00109573639929,2.1099087877,6.4905969694,2.05185785533,map_000000186.png
0.0958311577394,6.44984961591,0.00991966139774,0.349963178099,-0.00507630853784,0.000805577263236,2.1099087877,6.4905969694,2.05185785533,map_000000187.png
0.130804547754,6.44972021553,0.0100218327799,0.349964378257,-0.0049928834459,0.000596675090492,2.1099087877,6.4905969694,2.05185785533,map_000000188.png
0.167186711927,6.44955797613,0.0100991576292,0.349964431821,-0.00498912753569,0.000591714866459,2.1099087877,6.4905969694,2.05185785533,map_000000189.png
0.202179142243,6.44940322615,0.0101497333621,0.349964431821,-0.00498912753569,0.000591714866459,2.1099087877,6.4905969694,2.05185785533,map_000000190.png
0.237152506141,6.44926923353,0.0102079243078,0.349967579823,-0.00476319284715,0.000430763699114,2.1099087877,6.4905969694,2.05185785533,map_000000191.png
0.272145008053,6.44913311052,0.0102472834722,0.349978162134,-0.00390908722398,0.000128860585392,2.1099087877,6.4905969694,2.05185785533,map_000000192.png
0.307118532961,6.44905926734,0.0102783431735,0.34998109443,-0.00363709708437,4.98872250319e-05,2.1099087877,6.4905969694,2.05185785533,map_000000193.png
0.343501037202,6.4490333525,0.0102854379066,0.349982624317,-0.003486776411,-2.90814787149e-05,2.1099087877,6.4905969694,2.05185785533,map_000000194.png
0.378493769015,6.449020857,0.0102817442862,0.349983313866,-0.003416862409,-4.48832288384e-05,2.1099087877,6.4905969694,2.05185785533,map_000000195.png
0.413467409856,6.44904128412,0.0102789859558,0.349983313866,-0.003416862409,-4.48832288384e-05,2.1099087877,6.4905969694,2.05185785533,map_000000196.png
0.448460135531,6.44904851425,0.0102667685024,0.349983643775,-0.00338290164193,-9.46829095483e-05,2.1099087877,6.4905969694,2.05185785533,map_000000197.png
0.484842644543,6.44906899188,0.0102543082571,0.349983453825,-0.00340249647725,-0.000193365849555,2.1099087877,6.4905969694,2.05185785533,map_000000198.png
0.51981627959,6.44909795508,0.0102412015942,0.349982567615,-0.00349246320002,-0.000331988558173,2.1099087877,6.4905969694,2.05185785533,map_000000199.png
0.554809006893,6.44910444392,0.0102108021156,0.349981250163,-0.0036220806583,-0.000631744973361,2.1099087877,6.4905969694,2.05185785533,map_000000200.png
0.589782643561,6.44912160475,0.0101780494579,0.349979648828,-0.00377363744688,-0.00117058306932,2.1099087877,6.4905969694,2.05185785533,map_000000201.png
0.626165152903,6.44911472879,0.0101091972448,0.349979648828,-0.00377363744688,-0.00117058306932,2.1099087877,6.4905969694,2.05185785533,map_000000202.png
0.661157877182,6.44908355875,0.00999398944428,0.349978987525,-0.00383447842522,-0.00112698134035,2.1099087877,6.4905969694,2.05185785533,map_000000203.png
0.696131485632,6.44906056937,0.00988210080671,0.349975924478,-0.00410453643511,-0.0021019782871,2.1099087877,6.4905969694,2.05185785533,map_000000204.png
0.731124182808,6.44900211521,0.00972434059036,0.349968494845,-0.00469548179799,-0.00373409502208,2.1099087877,6.4905969694,2.05185785533,map_000000205.png
0.767506566726,6.44891360221,0.0094666252963,0.34995350442,-0.00570435604774,-0.00712904892862,2.1099087877,6.4905969694,2.05185785533,map_000000206.png
0.802479830748,6.44877821378,0.00908657494915,0.349953716113,-0.00569135416902,-0.00713655352592,2.1099087877,6.4905969694,2.05185785533,map_000000207.png
0.837471575048,6.44851140542,0.00837747732993,0.349953716113,-0.00569135416902,-0.00713655352592,2.1099087877,6.4905969694,2.05185785533,map_000000208.png
0.872443934242,6.44823963016,0.00767585986888,0.349836397043,-0.0107000111106,-0.0252011604607,2.1099087877,6.4905969694,2.05185785533,map_000000209.png
0.908819415942,6.44759992195,0.00580506229701,0.349556195226,-0.0176199123855,-0.0458323061466,2.1099087877,6.4905969694,2.05185785533,map_000000210.png
0.94379027665,6.44643187585,0.0025072728742,0.349555003089,-0.0176435469424,-0.0458526983857,2.1099087877,6.4905969694,2.05185785533,map_000000211.png
0.978719807536,6.44473527897,-0.00199932927223,0.348781811162,-0.0291760712933,-0.0800322964787,2.1099087877,6.4905969694,2.05185785533,map_000000212.png
1.01366101919,6.44285989296,-0.00651649426553,0.344237713201,-0.049113127813,-0.15039549768,2.1099087877,6.4905969694,2.05185785533,map_000000213.png
1.04988437565,6.43952674473,-0.014704495238,0.344237713201,-0.049113127813,-0.15039549768,2.1099087877,6.4905969694,2.05185785533,map_000000214.png
1.08425472013,6.43436170762,-0.0283813030798,0.345303403982,-0.0516326583213,-0.128845110536,2.1099087877,6.4905969694,2.05185785533,map_000000215.png
1.11854262304,6.4282313928,-0.0418929795919,0.347156073908,-0.0445270174445,-0.108377888799,2.1099087877,6.4905969694,2.05185785533,map_000000216.png
1.15285916204,6.42181115288,-0.0537599902952,0.347134128059,-0.044697785968,-0.108419053257,2.1099087877,6.4905969694,2.05185785533,map_000000217.png
1.18862872932,6.4151517894,-0.0648469365015,0.349681811741,-0.0149206391088,-0.00826140213758,2.1099087877,6.4905969694,2.05185785533,map_000000218.png
1.22293848848,6.4083712196,-0.0755061539927,0.349897164833,0.00848345302571,0.0534795410931,2.1099087877,6.4905969694,2.05185785533,map_000000219.png
1.25767697743,6.40424248553,-0.0763207788829,0.349897164833,0.00848345302571,0.0534795410931,2.1099087877,6.4905969694,2.05185785533,map_000000220.png
1.29257320616,6.40207435187,-0.0720316564447,0.347078148981,0.0451304047592,0.108881138265,2.1099087877,6.4905969694,2.05185785533,map_000000221.png
1.32750587591,6.40263741815,-0.0635100757514,0.347965387175,0.0653952598039,0.159930214286,2.1099087877,6.4905969694,2.05185785533,map_000000222.png
1.36386050064,6.40599943859,-0.0501692819246,0.347499751944,0.0700273890947,0.153544813395,2.1099087877,6.4905969694,2.05185785533,map_000000223.png
1.39888461553,6.41101860727,-0.034590873829,0.33869409974,0.0629008508992,0.125166103244,2.1099087877,6.4905969694,2.05185785533,map_000000224.png
1.43376730333,6.41688639552,-0.0196099431745,0.33122049593,0.0466207477555,0.0814373493195,2.1099087877,6.4905969694,2.05185785533,map_000000225.png
1.46769581024,6.42259969841,-0.00729974495475,0.33122049593,0.0466207477555,0.0814373493195,2.1099087877,6.4905969694,2.05185785533,map_000000226.png
1.50226256969,6.42752725016,0.00171496315741,0.314247150037,0.0122407761654,0.0275622345507,2.1099087877,6.4905969694,2.05185785533,map_000000227.png
1.53427693703,6.43008815619,0.00633064927495,0.304473507087,-0.00269952741076,0.0133739002049,2.1099087877,6.4905969694,2.05185785533,map_000000228.png
1.56525467717,6.43086691526,0.00842585949746,0.294145068483,-0.0141553751813,0.00819246470928,2.1099087877,6.4905969694,2.05185785533,map_000000229.png
1.59553546,6.43066670383,0.00965380978031,0.283717345712,-0.0208916031216,0.00126658286899,2.1099087877,6.4905969694,2.05185785533,map_000000230.png
1.62603371816,6.42944978171,0.0104402088833,0.263470041933,-0.0231543042842,-0.00192576181144,2.1099087877,6.4905969694,2.05185785533,map_000000231.png
1.65440318223,6.42764834192,0.0105587155756,0.263470041933,-0.0231543042842,-0.00192576181144,2.1099087877,6.4905969694,2.05185785533,map_000000232.png
1.68109640077,6.42566366642,0.0104241657675,0.254473901377,0.00243083433098,0.112219132483,2.1099087877,6.4905969694,2.05185785533,map_000000233.png
1.70686837704,6.42522972181,0.0174119627405,0.243522310088,-0.0216806416421,-0.0724659264088,2.1099087877,6.4905969694,2.05185785533,map_000000234.png
1.73281422083,6.42484407743,0.0201695925836,0.233652837243,-0.0197434447505,-0.0722933411598,2.1099087877,6.4905969694,2.05185785533,map_000000235.png
1.75691173937,6.42320367336,0.0130498229834,0.224137223879,-0.0124998579953,-0.0202733818442,2.1099087877,6.4905969694,2.05185785533,map_000000236.png
1.78024656553,6.42155084056,0.006147090437,0.204477772101,-0.00177673313118,0.0281420908868,2.1099087877,6.4905969694,2.05185785533,map_000000237.png
1.80264871472,6.42044579573,0.00415675945955,0.204477772101,-0.00177673313118,0.0281420908868,2.1099087877,6.4905969694,2.05185785533,map_000000238.png
1.82423159224,6.42016504815,0.00626735876198,0.194449007179,0.00376673163514,0.0385005101562,2.1099087877,6.4905969694,2.05185785533,map_000000239.png
1.84398823064,6.42048527533,0.00972650299789,0.184003443946,0.0133276229189,0.090417906642,2.1099087877,6.4905969694,2.05185785533,map_000000240.png
1.86293736734,6.42145108605,0.0157577594729,0.173802735727,0.0154204373149,0.0872770920396,2.1099087877,6.4905969694,2.05185785533,map_000000241.png
1.88106484184,6.42312032157,0.0245779543449,0.163707835514,0.015975445661,0.0821123942733,2.1099087877,6.4905969694,2.05185785533,map_000000242.png
1.89900079763,6.42516079751,0.033461658584,0.142730175644,0.0224531755726,0.137370020151,2.1099087877,6.4905969694,2.05185785533,map_000000243.png
1.91528756332,6.42728080418,0.0415308864751,0.142730175644,0.0224531755726,0.137370020151,2.1099087877,6.4905969694,2.05185785533,map_000000244.png
1.92978735417,6.42999509551,0.054172865542,0.132938636866,0.0203385196468,0.124085150659,2.1099087877,6.4905969694,2.05185785533,map_000000245.png
1.94329186542,6.43279289147,0.0668397510938,0.120400181661,0.0316294896406,0.250650286674,2.1099087877,6.4905969694,2.05185785533,map_000000246.png
1.95580948139,6.43609090193,0.0845207514235,0.110699154936,0.0291996048173,0.231765776873,2.1099087877,6.4905969694,2.05185785533,map_000000247.png
1.96774666484,6.44024993357,0.109707332259,0.0938994701002,0.03156024745,0.31839081645,2.1099087877,6.4905969694,2.05185785533,map_000000248.png
1.9783383271,6.44425926498,0.132837387773,0.0852181391554,0.0263974396805,0.280711919069,2.1099087877,6.4905969694,2.05185785533,map_000000249.png
1.98719285083,6.44845735164,0.16414164358,0.0852181391554,0.0263974396805,0.280711919069,2.1099087877,6.4905969694,2.05185785533,map_000000250.png
1.99531847376,6.45243348942,0.192487808449,0.0865297023294,0.0229399614638,0.246105149388,2.1099087877,6.4905969694,2.05185785533,map_000000251.png
2.00360149716,6.45647252303,0.219013228757,0.0882361066189,0.0173872644286,0.199225530028,2.1099087877,6.4905969694,2.05185785533,map_000000252.png
2.01168585264,6.46026011141,0.241187534496,0.0895094716629,0.0119813662107,0.15676741302,2.1099087877,6.4905969694,2.05185785533,map_000000253.png
2.01989583474,6.46385799171,0.259942291727,0.0694823443369,0.0107420500679,0.24374525249,2.1099087877,6.4905969694,2.05185785533,map_000000254.png
2.0282557327,6.46722628304,0.275352478511,0.0689552368293,0.00897317315792,0.215689003468,2.1099087877,6.4905969694,2.05185785533,map_000000255.png
2.03491708891,6.47011413672,0.300280275445,0.0689552368293,0.00897317315792,0.215689003468,2.1099087877,6.4905969694,2.05185785533,map_000000256.png
2.0412764025,6.47291671931,0.321932946805,0.0691651947463,0.00808983041836,0.192640244961,2.1099087877,6.4905969694,2.05185785533,map_000000257.png
2.04759382904,6.4757809588,0.341690899425,0.0695281579648,0.00613798887596,0.155307367444,2.1099087877,6.4905969694,2.05185785533,map_000000258.png
2.05391115101,6.47868302985,0.359017970626,0.0697003119586,0.00431631074152,0.122874692082,2.1099087877,6.4905969694,2.05185785533,map_000000259.png
2.06050179772,6.48169483966,0.374134679876,0.0596904306867,0.00413999780111,1.0,2.1099087877,6.4905969694,2.05185785533,map_000000260.png
2.06682285488,6.48452155524,0.38966670145,0.0499223459904,0.00278559648317,1.0,2.1099087877,6.4905969694,2.05185785533,map_000000261.png
2.07243228994,6.48660379638,0.488025631353,0.0499223459904,0.00278559648317,1.0,2.1099087877,6.4905969694,2.05185785533,map_000000262.png
2.0772273553,6.48867965677,0.58635753511,0.0499412449697,0.00242326800559,1.0,2.1099087877,6.4905969694,2.05185785533,map_000000263.png
2.08182935799,6.49118464287,0.688629677802,0.0499816052047,-0.00135621462581,1.0,2.1099087877,6.4905969694,2.05185785533,map_000000264.png
2.08610601071,6.49390618974,0.786975770555,0.0496615657709,-0.00580767269505,1.0,2.1099087877,6.4905969694,2.05185785533,map_000000265.png
2.09033743841,6.49680155167,0.885304651482,0.0469694732926,-0.0171426006069,1.0,2.1099087877,6.4905969694,2.05185785533,map_000000266.png
2.0945046804,6.49989381492,0.983652836812,0.0443754241103,-0.0230395727387,1.0,2.1099087877,6.4905969694,2.05185785533,map_000000267.png
2.09937656394,6.50265920005,1.08592319892,0.0443754241103,-0.0230395727387,1.0,2.1099087877,6.4905969694,2.05185785533,map_000000268.png
2.10414991058,6.50538032747,1.18425365525,0.0407954275652,-0.0289090516399,1.0,2.1099087877,6.4905969694,2.05185785533,map_000000269.png
2.10895560988,6.50814821926,1.28259948528,0.0,0.0,1.0,2.1099087877,6.4905969694,2.05185785533,map_000000270.png
2.11219715985,6.50983260639,1.38092721054,0.0,0.0,1.0,2.1099087877,6.4905969694,2.05185785533,map_000000271.png
2.11314216392,6.50968678668,1.47925675547,0.0,0.0,1.0,2.1099087877,6.4905969694,2.05185785533,map_000000272.png
2.114122402,6.50964604016,1.58152175748,0.0,0.0,0.876081943512,2.1099087877,6.4905969694,2.05185785533,map_000000273.png
2.11506411425,6.50970121515,1.67985351226,0.0,0.0,0.876081943512,2.1099087877,6.4905969694,2.05185785533,map_000000274.png
2.11588870336,6.50982683986,1.76844740545,0.0,0.0,0.876368284225,2.1099087877,6.4905969694,2.05185785533,map_000000275.png
2.1167076543,6.51002619293,1.85460273952,0.0,0.0,0.723257064819,2.1099087877,6.4905969694,2.05185785533,map_000000276.png
2.11746863615,6.51027314008,1.93759841897,0.0,0.0,0.314056754112,2.1099087877,6.4905969694,2.05185785533,map_000000277.png
2.11801065202,6.51050800496,2.00067726926,0.0,0.0,0.314155399799,2.1099087877,6.4905969694,2.05185785533,map_000000278.png
2.11828685689,6.51064184878,2.03155412652,0.0,0.0,0.0951422154903,2.1099087877,6.4905969694,2.05185785533,map_000000279.png
2.11855905999,6.51076877342,2.06244398309,0.0,0.0,0.0951422154903,2.1099087877,6.4905969694,2.05185785533,map_000000280.png
2.11867561452,6.5108461858,2.07734413017,0.0,0.0,0.0,2.1099087877,6.4905969694,2.05185785533,map_000000281.png
