-2.77840833793,3.56205150382,-1.43629144526,0.0,0.0,0.0,-1.6030278066,5.95206623476,-0.803778970604,map_000000001.png
-2.77839908699,3.56204221368,-1.43628747365,0.0,0.0,0.0,-1.6030278066,5.95206623476,-0.803778970604,map_000000002.png
-2.77839908047,3.56204219971,-1.43628726323,0.0,0.0,0.0,-1.6030278066,5.95206623476,-0.803778970604,map_000000003.png
-2.77840826915,3.56205142643,-1.43629134247,0.0,0.0,0.0,-1.6030278066,5.95206623476,-0.803778970604,map_000000004.png
-2.77841811085,3.56206130647,-1.43629531534,-0.0495768459179,-0.0337955103501,1.0,-1.6030278066,5.95206623476,-0.803778970604,map_000000005.png
-2.77841811085,3.56206130647,-1.43629531534,-0.0534137373976,-0.0338028738571,1.0,-1.6030278066,5.95206623476,-0.803778970604,map_000000006.png
-2.78205312964,3.5650556393,-1.36547706133,-0.0530450579085,-0.0343778072236,1.0,-1.6030278066,5.95206623476,-0.803778970604,map_000000007.png
-2.79342068284,3.57249889016,-1.16878762796,-0.0798257001217,-6.95688391573e-05,1.0,-1.6030278066,5.95206623476,-0.803778970604,map_000000008.png
-2.79342068284,3.57249889016,-1.16878762796,-0.08642868468,0.0231904102317,1.0,-1.6030278066,5.95206623476,-0.803778970604,map_000000009.png
-2.79954640956,3.57567830936,-1.07045772536,-0.08642868468,0.0231904102317,1.0,-1.6030278066,5.95206623476,-0.803778970604,map_000000010.png
-2.80472088442,3.5822458696,-0.968180736291,-0.08642868468,0.0231904102317,1.0,-1.6030278066,5.95206623476,-0.803778970604,map_000000011.png
-2.80896726803,3.58981328683,-0.8698343038,-0.0871764197923,0.0472206151182,1.0,-1.6030278066,5.95206623476,-0.803778970604,map_000000012.png
-2.81589684992,3.60758434721,-0.6731492482,-0.0777425016523,0.0898959717129,1.0,-1.6030278066,5.95206623476,-0.803778970604,map_000000013.png
-2.81589684992,3.60758434721,-0.6731492482,-0.0777425016523,0.0898959717129,1.0,-1.6030278066,5.95206623476,-0.803778970604,map_000000014.png
-2.8188661581,3.61814397567,-0.570878388184,-0.057882921288,0.125459105123,1.0,-1.6030278066,5.95206623476,-0.803778970604,map_000000015.png
-2.82130385769,3.62915684818,-0.472544512403,-0.0441327313344,0.141442865114,1.0,-1.6030278066,5.95206623476,-0.803778970604,map_000000016.png
-2.82178298003,3.64212366441,-0.374195535232,-0.0441327313344,0.141442865114,1.0,-1.6030278066,5.95206623476,-0.803778970604,map_000000017.png
-2.82203075177,3.65585420668,-0.275865966005,-0.0291710339267,0.155153264716,1.0,-1.6030278066,5.95206623476,-0.803778970604,map_000000018.png
-2.82223377973,3.67095090885,-0.173594555769,-0.0159264683674,0.166772968488,1.0,-1.6030278066,5.95206623476,-0.803778970604,map_000000019.png
-2.82262673723,3.68626263461,-0.075254660118,-0.00112949971924,0.177186178565,1.0,-1.6030278066,5.95206623476,-0.803778970604,map_000000020.png
-2.82336144437,3.70231247288,0.0230785158459,0.035005504854,0.193757303925,1.0,-1.6030278066,5.95206623476,-0.803778970604,map_000000021.png
-2.82451619606,3.71910981196,0.121415215308,0.0561110930035,0.198785020912,1.0,-1.6030278066,5.95206623476,-0.803778970604,map_000000022.png
-2.82418585719,3.73860839048,0.223686428795,0.0561110930035,0.198785020912,1.0,-1.6030278066,5.95206623476,-0.803778970604,map_000000023.png
-2.82408640882,3.75824495945,0.32203273609,0.0793463039136,0.201125532268,1.0,-1.6030278066,5.95206623476,-0.803778970604,map_000000024.png
-2.82435375731,3.77859988144,0.420360182211,0.10170984667,0.202056052383,1.0,-1.6030278066,5.95206623476,-0.803778970604,map_000000025.png
-2.8250813719,3.79979662038,0.518708902604,0.124572471734,0.20034506125,1.0,-1.6030278066,5.95206623476,-0.803778970604,map_000000026.png
-2.8263797893,3.82268152673,0.620977491697,0.173565808637,0.187134423582,1.0,-1.6030278066,5.95206623476,-0.803778970604,map_000000027.png
-2.82823610621,3.84544410073,0.719306112424,0.174037461632,0.186695860602,1.0,-1.6030278066,5.95206623476,-0.803778970604,map_000000028.png
-2.82807828983,3.87028864277,0.817656124343,0.174037461632,0.186695860602,1.0,-1.6030278066,5.95206623476,-0.803778970604,map_000000029.png
-2.83027045661,3.89500359387,0.915983142012,0.21862807712,0.150169292611,1.0,-1.6030278066,5.95206623476,-0.803778970604,map_000000030.png
-2.83159290594,3.92041747755,1.01432820121,0.240033760745,0.134675609402,1.0,-1.6030278066,5.95206623476,-0.803778970604,map_000000031.png
-2.83230301331,3.94790878912,1.11659917783,0.281898383227,0.0877289994155,0.824320614338,-1.6030278066,5.95206623476,-0.803778970604,map_000000032.png
-2.83288364021,3.97541655535,1.21077267104,0.299120066858,0.0607859986355,0.671192407608,-1.6030278066,5.95206623476,-0.803778970604,map_000000033.png
-2.83146154095,4.00470890301,1.29123047406,0.313394354801,0.0340059195488,0.530159235001,-1.6030278066,5.95206623476,-0.803778970604,map_000000034.png
-2.82940216923,4.03502583897,1.35722771054,0.313394354801,0.0340059195488,0.530159235001,-1.6030278066,5.95206623476,-0.803778970604,map_000000035.png
-2.82693031525,4.0674271136,1.41421750529,0.321191249177,0.0360624982591,0.530339241028,-1.6030278066,5.95206623476,-0.803778970604,map_000000036.png
-2.82575010699,4.09937182537,1.46635229817,0.330796242743,0.0144588144293,0.409832566977,-1.6030278066,5.95206623476,-0.803778970604,map_000000037.png
-2.82533156018,4.13197790145,1.51328322605,0.342793879093,-0.0165262333043,0.225570112467,-1.6030278066,5.95206623476,-0.803778970604,map_000000038.png
-2.82440336535,4.16532976592,1.54923229053,0.346775448241,-0.0474002471632,0.0770498067141,-1.6030278066,5.95206623476,-0.803778970604,map_000000039.png
-2.82198124024,4.20096865365,1.5717202556,0.346687448916,-0.0480396471408,0.0770785659552,-1.6030278066,5.95206623476,-0.803778970604,map_000000040.png
-2.81732835229,4.23565546614,1.57929638563,0.346687448916,-0.0480396471408,0.0770785659552,-1.6030278066,5.95206623476,-0.803778970604,map_000000041.png
-2.81288206327,4.27036949401,1.58687504732,0.344439709419,-0.062139210723,-0.0105482172221,-1.6030278066,5.95206623476,-0.803778970604,map_000000042.png
-2.80772311453,4.3049723863,1.58859578375,0.344340134046,-0.0626886514344,-0.0105486791581,-1.6030278066,5.95206623476,-0.803778970604,map_000000043.png
-2.80186503121,4.34087999678,1.58751616197,0.347599807188,-0.0409190539525,-0.0358704701066,-1.6030278066,5.95206623476,-0.803778970604,map_000000044.png
-2.7967719237,4.37546912516,1.5857758815,0.348793310805,-0.02903827253,-0.0342599414289,-1.6030278066,5.95206623476,-0.803778970604,map_000000045.png
-2.79328270521,4.41028453611,1.58226204933,0.349521216584,-0.0183006582116,-0.0342683009803,-1.6030278066,5.95206623476,-0.803778970604,map_000000046.png
-2.79074561542,4.44516640671,1.57888418016,0.349521216584,-0.0183006582116,-0.0342683009803,-1.6030278066,5.95206623476,-0.803778970604,map_000000047.png
-2.78898061155,4.48150557104,1.57537556767,0.349856651094,-0.0100159182637,-0.026395490393,-1.6030278066,5.95206623476,-0.803778970604,map_000000048.png
-2.78786129929,4.51648051582,1.57253319701,0.34998323791,-0.00342463365455,-0.0213401503861,-1.6030278066,5.95206623476,-0.803778970604,map_000000049.png
-2.78720782575,4.55144882426,1.57016727703,0.349999952488,0.000167903862679,-0.0292279403657,-1.6030278066,5.95206623476,-0.803778970604,map_000000050.png
-2.78694017383,4.5864432197,1.56785254692,0.349999684795,0.00046430301651,-0.029234610498,-1.6030278066,5.95206623476,-0.803778970604,map_000000051.png
-2.78682914104,4.62282849789,1.56485924852,0.349889534257,-0.00879253949634,-0.0626363679767,-1.6030278066,5.95206623476,-0.803778970604,map_000000052.png
-2.78663692528,4.65780403135,1.56197552761,0.349889534257,-0.00879253949634,-0.0626363679767,-1.6030278066,5.95206623476,-0.803778970604,map_000000053.png
-2.78553533789,4.6927796505,1.55621143332,0.34989631914,-0.00851826190157,-0.0626541748643,-1.6030278066,5.95206623476,-0.803778970604,map_000000054.png
-2.78410922816,4.7277253128,1.55004200053,0.332502294141,-0.0780163269016,-0.269565671682,-1.6030278066,5.95206623476,-0.803778970604,map_000000055.png
-2.77948855528,4.76182831395,1.53493169793,0.332497041179,-0.0780387114158,-0.269652426243,-1.6030278066,5.95206623476,-0.803778970604,map_000000056.png
-2.76995170435,4.79596722183,1.50736060547,0.299997233372,-0.14112173609,-0.49634128809,-1.6030278066,5.95206623476,-0.803778970604,map_000000057.png
-2.75965702499,4.82838319282,1.47994849122,0.241856638827,-0.211868846633,-0.832195281982,-1.6030278066,5.95206623476,-0.803778970604,map_000000058.png
-2.74268508386,4.85661582419,1.43113929202,0.241856638827,-0.211868846633,-0.832195281982,-1.6030278066,5.95206623476,-0.803778970604,map_000000059.png
-2.71934745454,4.87796381841,1.35458890726,0.190163654955,-0.246759370903,-0.906934380531,-1.6030278066,5.95206623476,-0.803778970604,map_000000060.png
-2.69121583332,4.89306851186,1.26477879036,0.186135096933,-0.241150818077,-0.834318518639,-1.6030278066,5.95206623476,-0.803778970604,map_000000061.png
-2.66261904971,4.90272342313,1.17873822079,0.243042567743,-0.199807185312,-0.65880805254,-1.6030278066,5.95206623476,-0.803778970604,map_000000062.png
-2.63392781565,4.91154247234,1.10084939852,0.284225352889,-0.15676811115,-0.529963135719,-1.6030278066,5.95206623476,-0.803778970604,map_000000063.png
-2.60528660848,4.92355546474,1.03606671549,0.308986151418,-0.11553820559,-0.449370920658,-1.6030278066,5.95206623476,-0.803778970604,map_000000064.png
-2.57621190231,4.94018620231,0.981868678531,0.308986151418,-0.11553820559,-0.449370920658,-1.6030278066,5.95206623476,-0.803778970604,map_000000065.png
-2.5490527461,4.95840480483,0.936409853142,0.337440496393,-0.0406576878925,-0.289068341255,-1.6030278066,5.95206623476,-0.803778970604,map_000000066.png
-2.52387846656,4.98022276963,0.9016777009,0.338015129387,-0.040197676472,-0.289160847664,-1.6030278066,5.95206623476,-0.803778970604,map_000000067.png
-2.49966145944,5.00403368755,0.873252790466,0.344671794552,-0.011451747048,-0.221065118909,-1.6030278066,5.95206623476,-0.803778970604,map_000000068.png
-2.47415986403,5.02866840848,0.845287417857,0.349676200639,0.0150515660298,-0.135245069861,-1.6030278066,5.95206623476,-0.803778970604,map_000000069.png
-2.45033279581,5.0535760439,0.823547806654,0.349640350203,0.0158625484547,-0.135286226869,-1.6030278066,5.95206623476,-0.803778970604,map_000000070.png
-2.427608587,5.08018591986,0.810251363836,0.349640350203,0.0158625484547,-0.135286226869,-1.6030278066,5.95206623476,-0.803778970604,map_000000071.png
-2.4045642193,5.10652041162,0.796941507875,0.348448825117,0.0329152124147,-0.0472884885967,-1.6030278066,5.95206623476,-0.803778970604,map_000000072.png
-2.38108900834,5.13431852959,0.788642898284,0.34837774881,0.033659160231,-0.0473002903163,-1.6030278066,5.95206623476,-0.803778970604,map_000000073.png
-2.35887861989,5.1613575467,0.783996502545,0.348616041801,0.031094217023,-0.0159004833549,-1.6030278066,5.95206623476,-0.803778970604,map_000000074.png
-2.33651502154,5.18826511657,0.779952501296,0.348561112735,0.0317040316462,-0.0159018151462,-1.6030278066,5.95206623476,-0.803778970604,map_000000075.png
-2.31392830024,5.21498256051,0.778390156835,0.348945708978,0.0271456648433,-0.00893355626613,-1.6030278066,5.95206623476,-0.803778970604,map_000000076.png
-2.2904318582,5.24276219086,0.776758150389,0.348945708978,0.0271456648433,-0.00893355626613,-1.6030278066,5.95206623476,-0.803778970604,map_000000077.png
-2.2675110957,5.26918997037,0.775730553186,0.34955292585,0.0176846533233,-0.000991096720099,-1.6030278066,5.95206623476,-0.803778970604,map_000000078.png
-2.24409329814,5.2951757397,0.775321503833,0.349775279422,0.01253988992,0.0012422176078,-1.6030278066,5.95206623476,-0.803778970604,map_000000079.png
-2.22021662225,5.32074222887,0.77529948416,0.349902842764,0.0082459419954,0.00278799515218,-1.6030278066,5.95206623476,-0.803778970604,map_000000080.png
-2.19509963435,5.34706308142,0.775451596239,0.359964153667,0.00507902898719,0.00330641679466,-1.6030278066,5.95206623476,-0.803778970604,map_000000081.png
-2.17071314287,5.37214519413,0.775726053357,0.358194632676,0.00126813620795,0.00307627022266,-1.6030278066,5.95206623476,-0.803778970604,map_000000082.png
-2.14537456588,5.39769354424,0.776038973303,0.358194632676,0.00126813620795,0.00307627022266,-1.6030278066,5.95206623476,-0.803778970604,map_000000083.png
-2.11995113585,5.42295225121,0.776346401281,0.348196819673,0.000229238937585,0.00266957003623,-1.6030278066,5.95206623476,-0.803778970604,map_000000084.png
-2.09484597103,5.44768684675,0.776614305832,0.338196875903,-0.000146898403858,0.00218483153731,-1.6030278066,5.95206623476,-0.803778970604,map_000000085.png
-2.06932121719,5.47278237458,0.776862336599,0.328196914726,1.47383176022e-05,0.00172837357968,-1.6030278066,5.95206623476,-0.803778970604,map_000000086.png
-2.04536077987,5.49634230989,0.777069024569,0.318196555088,0.000487208896647,0.00132210738957,-1.6030278066,5.95206623476,-0.803778970604,map_000000087.png
-2.02196437505,5.5193363355,0.777227532838,0.298192532172,0.00162067350144,0.000644669868052,-1.6030278066,5.95206623476,-0.803778970604,map_000000088.png
-1.99859133222,5.54235317565,0.777398101441,0.298192532172,0.00162067350144,0.000644669868052,-1.6030278066,5.95206623476,-0.803778970604,map_000000089.png
-1.97622602358,5.56455971181,0.777476472778,0.288188501499,0.00220751550932,0.000411072745919,-1.6030278066,5.95206623476,-0.803778970604,map_000000090.png
-1.95551054324,5.58520398528,0.777515900023,0.278183502728,0.00273596606897,0.000159308314323,-1.6030278066,5.95206623476,-0.803778970604,map_000000091.png
-1.93541705779,5.60533892247,0.777548982721,0.268179967801,0.00301929394019,4.40515577793e-05,-1.6030278066,5.95206623476,-0.803778970604,map_000000092.png
-1.91590145243,5.62492136344,0.777551960573,0.258177227337,0.00319350916212,-1.11283734441e-05,-1.6030278066,5.95206623476,-0.803778970604,map_000000093.png
-1.8962553763,5.64470200024,0.77755195048,0.23817545043,0.00320160658834,-5.80679625273e-05,-1.6030278066,5.95206623476,-0.803778970604,map_000000094.png
-1.87807039807,5.66306993805,0.777553141971,0.23817545043,0.00320160658834,-5.80679625273e-05,-1.6030278066,5.95206623476,-0.803778970604,map_000000095.png
-1.86103498187,5.68026960907,0.777538305517,0.228175974387,0.00309510351494,-5.41303306818e-05,-1.6030278066,5.95206623476,-0.803778970604,map_000000096.png
-1.84472688284,5.69678257861,0.777535054937,0.218177456535,0.00291745680277,-5.22630289197e-05,-1.6030278066,5.95206623476,-0.803778970604,map_000000097.png
-1.82832924085,5.71336565175,0.777525760682,0.208178576535,0.00276643587605,-2.60835513473e-05,-1.6030278066,5.95206623476,-0.803778970604,map_000000098.png
-1.81312332306,5.7287196261,0.77751101779,0.19818051446,0.00255245871909,-1.74567103386e-05,-1.6030278066,5.95206623476,-0.803778970604,map_000000099.png
-1.79849810662,5.74352311215,0.777511594394,0.178183045194,0.00222478467196,2.6467256248e-05,-1.6030278066,5.95206623476,-0.803778970604,map_000000100.png
-1.78455048341,5.75759112094,0.777500392218,0.178183045194,0.00222478467196,2.6467256248e-05,-1.6030278066,5.95206623476,-0.803778970604,map_000000101.png
-1.7711762107,5.77109132348,0.777498628289,0.168184587127,0.00203791117037,2.95443460345e-05,-1.6030278066,5.95206623476,-0.803778970604,map_000000102.png
-1.75906893955,5.78332426529,0.777505127501,0.158185132801,0.00193161978919,5.02914190292e-05,-1.6030278066,5.95206623476,-0.803778970604,map_000000103.png
-1.74747558502,5.79499717216,0.77750007405,0.148185823373,0.00181373477136,5.68879768252e-05,-1.6030278066,5.95206623476,-0.803778970604,map_000000104.png
-1.73646543747,5.8061221609,0.7775085176,0.129539030179,0.00164718084693,6.26146793365e-05,-1.6030278066,5.95206623476,-0.803778970604,map_000000105.png
-1.72561981404,5.81706238094,0.777511770556,0.119539615448,0.00153783959372,5.38090243936e-05,-1.6030278066,5.95206623476,-0.803778970604,map_000000106.png
-1.71649821348,5.82625294245,0.777509576952,0.119539615448,0.00153783959372,5.38090243936e-05,-1.6030278066,5.95206623476,-0.803778970604,map_000000107.png
-1.70793158285,5.83492395241,0.777519301546,0.109539832618,0.00145584286625,5.28749078512e-05,-1.6030278066,5.95206623476,-0.803778970604,map_000000108.png
-1.69988207318,5.84303801281,0.777516207642,0.103022992271,0.00143651342678,6.01094216108e-05,-1.6030278066,5.95206623476,-0.803778970604,map_000000109.png
-1.69233925735,5.85068527502,0.777526369362,0.103023275735,0.00141603820247,4.94653359056e-05,-1.6030278066,5.95206623476,-0.803778970604,map_000000110.png
-1.69233925735,5.85068527502,0.777526369362,0.103023275735,0.00141603820247,4.94653359056e-05,-1.6030278066,5.95206623476,-0.803778970604,map_000000111.png
-1.67756286727,5.86561913583,0.777527179415,0.0930232241409,0.00134905405925,4.67458739877e-05,-1.6030278066,5.95206623476,-0.803778970604,map_000000112.png
-1.67098440923,5.87230390729,0.77753677178,0.0830233875622,0.00126412831416,4.43924218416e-05,-1.6030278066,5.95206623476,-0.803778970604,map_000000113.png
-1.66495174138,5.87840380255,0.777533590881,0.0765064337531,0.00124128650733,5.34001737833e-05,-1.6030278066,5.95206623476,-0.803778970604,map_000000114.png
-1.66495174138,5.87840380255,0.777533590881,0.0765069233746,0.00121073265217,4.29460778832e-05,-1.6030278066,5.95206623476,-0.803778970604,map_000000115.png
-1.65915261184,5.88429494821,0.777537582622,0.0765069233746,0.00121073265217,4.29460778832e-05,-1.6030278066,5.95206623476,-0.803778970604,map_000000116.png
-1.65379905331,5.88975680883,0.777547136975,0.076506751063,0.00122157258521,4.95938584208e-05,-1.6030278066,5.95206623476,-0.803778970604,map_000000117.png
-1.6484247416,5.89519809143,0.777543738092,0.0765073491996,0.00118351858927,3.9191916585e-05,-1.6030278066,5.95206623476,-0.803778970604,map_000000118.png
-1.64307050909,5.90065928872,0.777553816335,0.0765073491996,0.00118351858927,3.9191916585e-05,-1.6030278066,5.95206623476,-0.803778970604,map_000000119.png
-1.63748955784,5.90632650371,0.777556603115,0.0765070455983,0.00120298446498,4.82155010104e-05,-1.6030278066,5.95206623476,-0.803778970604,map_000000120.png
-1.63211426135,5.91176681748,0.77755394668,0.0665076506077,0.00108523810394,-1.0,-1.6030278066,5.95206623476,-0.803778970604,map_000000121.png
-1.62738011004,5.91713438361,0.726410758478,0.0565077331137,0.000995484888287,-1.0,-1.6030278066,5.95206623476,-0.803778970604,map_000000122.png
-1.62309109505,5.9219469077,0.628067489895,0.049925410729,0.00273011730407,-1.0,-1.6030278066,5.95206623476,-0.803778970604,map_000000123.png
-1.61882396674,5.92605102117,0.525795020544,0.0495100731402,0.00698232300892,-1.0,-1.6030278066,5.95206623476,-0.803778970604,map_000000124.png
-1.6149668705,5.92944417028,0.427465381566,0.0495100731402,0.00698232300892,-1.0,-1.6030278066,5.95206623476,-0.803778970604,map_000000125.png
-1.61094083551,5.93274534004,0.32911790845,0.0484611392017,0.0123092714742,-1.0,-1.6030278066,5.95206623476,-0.803778970604,map_000000126.png
-1.60681791332,5.93604916796,0.230790463186,0.0467593991016,0.0177075908187,-1.0,-1.6030278066,5.95206623476,-0.803778970604,map_000000127.png
-1.60241619176,5.93945764572,0.128526242979,0.0442840952216,0.0232146308899,-1.0,-1.6030278066,5.95206623476,-0.803778970604,map_000000128.png
-1.59805236871,5.9426708462,0.0301793906781,0.0369391612036,0.0336971593242,-1.0,-1.6030278066,5.95206623476,-0.803778970604,map_000000129.png
-1.59362741875,5.94596575295,-0.068147001786,0.0321081674389,0.0383283936614,-1.0,-1.6030278066,5.95206623476,-0.803778970604,map_000000130.png
-1.58948036288,5.94979386391,-0.166498105386,0.0321081674389,0.0383283936614,-1.0,-1.6030278066,5.95206623476,-0.803778970604,map_000000131.png
-1.58509181924,5.9538384903,-0.268772191577,0.0,0.0,-1.0,-1.6030278066,5.95206623476,-0.803778970604,map_000000132.png
-1.58346706536,5.9556465641,-0.367101548515,0.0,0.0,-0.968397557735,-1.6030278066,5.95206623476,-0.803778970604,map_000000133.png
-1.58311134002,5.95648126382,-0.463959460596,0.0,0.0,-0.815572619438,-1.6030278066,5.95206623476,-0.803778970604,map_000000134.png
-1.58267442639,5.95726769094,-0.555574245483,0.0,0.0,-0.523059248924,-1.6030278066,5.95206623476,-0.803778970604,map_000000135.png
-1.5822489509,5.95789670121,-0.634625687523,0.0,0.0,-0.385806947947,-1.6030278066,5.95206623476,-0.803778970604,map_000000136.png
-1.58192268321,5.9583136567,-0.688109716281,0.0,0.0,-0.385806947947,-1.6030278066,5.95206623476,-0.803778970604,map_000000137.png
-1.5816696441,5.95861006485,-0.727661835984,0.0,0.0,-0.267353892326,-1.6030278066,5.95206623476,-0.803778970604,map_000000138.png
-1.58146243872,5.95881659951,-0.75814507578,0.0,0.0,-0.267438441515,-1.6030278066,5.95206623476,-0.803778970604,map_000000139.png
-1.58129574857,5.95900692187,-0.784437933292,0.0,0.0,0.0,-1.6030278066,5.95206623476,-0.803778970604,map_000000140.png
