-4.49998636217,0.49998603249,-0.849994493571,0.0,0.0,0.0,-2.28603982793,2.7146985605,-0.181903991207,map_000000000.png
-4.49999544823,0.499995124446,-0.849994933864,0.0,0.0,0.0,-2.28603982793,2.7146985605,-0.181903991207,map_000000001.png
-4.50000534912,0.500005029588,-0.849995315194,0.0,0.0,0.0,-2.28603982793,2.7146985605,-0.181903991207,map_000000002.png
-4.50000533819,0.500005020535,-0.849995490656,0.0,0.0,0.0,-2.28603982793,2.7146985605,-0.181903991207,map_000000003.png
-4.49999374751,0.499993422404,-0.849994917042,0.0,0.0,0.0,-2.28603982793,2.7146985605,-0.181903991207,map_000000004.png
-4.49999544527,0.499995111535,-0.849995048136,-0.0089929096511,0.0043735098071,1.0,-2.28603982793,2.7146985605,-0.181903991207,map_000000005.png
-4.50013335789,0.500066135978,-0.834248771086,-0.0179950840547,0.00872794351301,1.0,-2.28603982793,2.7146985605,-0.181903991207,map_000000006.png
-4.50115236701,0.500372686308,-0.731964982069,-0.0179950840547,0.00872794351301,1.0,-2.28603982793,2.7146985605,-0.181903991207,map_000000007.png
-4.50218415205,0.500532659411,-0.633636082932,-0.0266781833421,0.0137213183154,1.0,-2.28603982793,2.7146985605,-0.181903991207,map_000000008.png
-4.50218415205,0.500532659411,-0.633636082932,-0.0325407984484,0.0232614838038,1.0,-2.28603982793,2.7146985605,-0.181903991207,map_000000009.png
-4.50413385264,0.502179614638,-0.531362811365,-0.0325407984484,0.0232614838038,1.0,-2.28603982793,2.7146985605,-0.181903991207,map_000000010.png
-4.5064432045,0.504483572534,-0.429090052336,-0.0445231911207,0.0402204685339,1.0,-2.28603982793,2.7146985605,-0.181903991207,map_000000011.png
-4.50915411943,0.507799897021,-0.330740148853,-0.0451657727831,0.053479472308,1.0,-2.28603982793,2.7146985605,-0.181903991207,map_000000012.png
-4.5126541027,0.512470187535,-0.228468369733,-0.0431559201528,0.0673614676608,1.0,-2.28603982793,2.7146985605,-0.181903991207,map_000000013.png
-4.51645634993,0.517854213066,-0.126202162925,-0.0387807466152,0.0812160938612,1.0,-2.28603982793,2.7146985605,-0.181903991207,map_000000014.png
-4.5203046454,0.523941780855,-0.0278766420307,-0.0387807466152,0.0812160938612,1.0,-2.28603982793,2.7146985605,-0.181903991207,map_000000015.png
-4.5245751779,0.531099575945,0.0743970380553,-0.00517023330589,0.109878426554,1.0,-2.28603982793,2.7146985605,-0.181903991207,map_000000016.png
-4.52738077169,0.540378560932,0.176665967559,0.00899107156031,0.119662694207,1.0,-2.28603982793,2.7146985605,-0.181903991207,map_000000017.png
-4.5295392641,0.550751781062,0.27501827783,0.00738925013169,0.129789823228,1.0,-2.28603982793,2.7146985605,-0.181903991207,map_000000018.png
-4.53247551457,0.562201446436,0.377294816002,0.0205327673324,0.138486120958,1.0,-2.28603982793,2.7146985605,-0.181903991207,map_000000019.png
-4.53664762011,0.573610522674,0.475622008133,0.0636681352003,0.135817412191,1.0,-2.28603982793,2.7146985605,-0.181903991207,map_000000020.png
-4.54152823526,0.58628812162,0.577896135081,0.0636681352003,0.135817412191,1.0,-2.28603982793,2.7146985605,-0.181903991207,map_000000021.png
-4.54402697415,0.600721582337,0.680167787979,0.107632307813,0.131587580106,1.0,-2.28603982793,2.7146985605,-0.181903991207,map_000000022.png
-4.5449980553,0.616407854169,0.778512381736,0.131927324179,0.122454846478,1.0,-2.28603982793,2.7146985605,-0.181903991207,map_000000023.png
-4.54540630674,0.633964771535,0.880783891249,0.163725692112,0.0964049223913,1.0,-2.28603982793,2.7146985605,-0.181903991207,map_000000024.png
-4.54488591933,0.652472748741,0.98305774186,0.18189958473,0.083141776996,1.0,-2.28603982793,2.7146985605,-0.181903991207,map_000000025.png
-4.54349633098,0.671147236812,1.08138423908,0.198911791258,0.0673358422693,0.968592405319,-2.28603982793,2.7146985605,-0.181903991207,map_000000026.png
-4.54228416413,0.69156320968,1.18353179793,0.228946525897,0.0219889071598,0.599697649479,-2.28603982793,2.7146985605,-0.181903991207,map_000000027.png
-4.54109687797,0.713068847452,1.28258754046,0.228946525897,0.0219889071598,0.599697649479,-2.28603982793,2.7146985605,-0.181903991207,map_000000028.png
-4.53744743624,0.735395933655,1.34589763125,0.23999933138,-0.000588238567265,0.4466753304,-2.28603982793,2.7146985605,-0.181903991207,map_000000029.png
-4.53287958783,0.759536348645,1.39700023272,0.248740358706,-0.0250651900705,0.296244323254,-2.28603982793,2.7146985605,-0.181903991207,map_000000030.png
-4.52729913754,0.784385108361,1.4349779637,0.25735806053,-0.0369710076566,0.201377019286,-2.28603982793,2.7146985605,-0.181903991207,map_000000031.png
-4.52113269885,0.808965818055,1.46112865428,0.277868956351,-0.0344798336356,0.131553709507,-2.28603982793,2.7146985605,-0.181903991207,map_000000032.png
-4.51446638681,0.835517137026,1.48062416075,0.288943865649,-0.0247276761033,0.126998364925,-2.28603982793,2.7146985605,-0.181903991207,map_000000033.png
-4.50857858218,0.862896686451,1.49355977911,0.288943865649,-0.0247276761033,0.126998364925,-2.28603982793,2.7146985605,-0.181903991207,map_000000034.png
-4.50368406279,0.892574574725,1.50658045948,0.299447095484,-0.0182055096731,0.0977964177728,-2.28603982793,2.7146985605,-0.181903991207,map_000000035.png
-4.49971309633,0.923264415598,1.51726614481,0.309912403789,-0.00736915902978,0.097147077322,-2.28603982793,2.7146985605,-0.181903991207,map_000000036.png
-4.49691835219,0.953682732232,1.5268464397,0.319992817935,-0.00214333453298,0.0776473805308,-2.28603982793,2.7146985605,-0.181903991207,map_000000037.png
-4.4950021469,0.986263010388,1.53601894279,0.339966128677,0.00479726929249,0.0716503858566,-2.28603982793,2.7146985605,-0.181903991207,map_000000038.png
-4.49382880197,1.01998892872,1.54381884946,0.34990315371,0.00823137930883,0.0623397566378,-2.28603982793,2.7146985605,-0.181903991207,map_000000039.png
-4.49343880124,1.05397372951,1.55086433408,0.349897612364,0.00846497463417,0.0388736836612,-2.28603982793,2.7146985605,-0.181903991207,map_000000040.png
-4.49361610056,1.090355905,1.5572377464,0.349897612364,0.00846497463417,0.0388736836612,-2.28603982793,2.7146985605,-0.181903991207,map_000000041.png
-4.49404138065,1.12673941355,1.56158346866,0.349937012303,0.00663945434053,0.027992958203,-2.28603982793,2.7146985605,-0.181903991207,map_000000042.png
-4.49446750147,1.16172154931,1.56467840082,0.349933848653,0.00680415318718,0.0280011929572,-2.28603982793,2.7146985605,-0.181903991207,map_000000043.png
-4.49495663699,1.19809282688,1.56753675605,0.34999863955,0.000973266002615,0.00934440176934,-2.28603982793,2.7146985605,-0.181903991207,map_000000044.png
-4.49537074423,1.23448458412,1.56974476957,0.349990250718,-0.00261138577276,-0.00111816660501,-2.28603982793,2.7146985605,-0.181903991207,map_000000045.png
-4.49539570322,1.26947138569,1.5705400209,0.349842699702,-0.0104919206605,-0.0201418306679,-2.28603982793,2.7146985605,-0.181903991207,map_000000046.png
-4.49511583344,1.30585690811,1.57042661361,0.349845136048,-0.0104103658571,-0.0201496481895,-2.28603982793,2.7146985605,-0.181903991207,map_000000047.png
-4.49410397558,1.34082688994,1.56859290786,0.349845136048,-0.0104103658571,-0.0201496481895,-2.28603982793,2.7146985605,-0.181903991207,map_000000048.png
-4.49410397558,1.34082688994,1.56859290786,0.349560648789,-0.0175313362904,-0.044628161937,-2.28603982793,2.7146985605,-0.181903991207,map_000000049.png
-4.49292373491,1.37719392023,1.56653100697,0.349560648789,-0.0175313362904,-0.044628161937,-2.28603982793,2.7146985605,-0.181903991207,map_000000050.png
-4.49123251931,1.41352780582,1.56301840144,0.348627312372,-0.0309675959941,-0.0875946655869,-2.28603982793,2.7146985605,-0.181903991207,map_000000051.png
-4.48865597098,1.44841805827,1.55694217008,0.344128453048,-0.050571090369,-0.160905331373,-2.28603982793,2.7146985605,-0.181903991207,map_000000052.png
-4.48440704426,1.48448105553,1.5462530445,0.343917204479,-0.0542486502499,-0.155691117048,-2.28603982793,2.7146985605,-0.181903991207,map_000000053.png
-4.47811975202,1.5200721303,1.52983942567,0.330442156271,-0.0841020753945,-0.265587300062,-2.28603982793,2.7146985605,-0.181903991207,map_000000054.png
-4.47117840562,1.55414675504,1.51452450299,0.330442156271,-0.0841020753945,-0.265587300062,-2.28603982793,2.7146985605,-0.181903991207,map_000000055.png
-4.46084063704,1.58809823541,1.48909493589,0.261999760379,-0.185424505976,-0.686957776546,-2.28603982793,2.7146985605,-0.181903991207,map_000000056.png
-4.44239724812,1.6156928079,1.43209276749,0.190091997572,-0.246113030955,-0.894993782043,-2.28603982793,2.7146985605,-0.181903991207,map_000000057.png
-4.41798297441,1.6341411257,1.35390847022,0.193030492272,-0.236657708547,-0.809789836407,-2.28603982793,2.7146985605,-0.181903991207,map_000000058.png
-4.3892962185,1.64706675423,1.2653985347,0.192103829388,-0.237410531982,-0.810060501099,-2.28603982793,2.7146985605,-0.181903991207,map_000000059.png
-4.36124077558,1.6575075538,1.18576619374,0.179696156823,-0.240038573828,-0.895070791245,-2.28603982793,2.7146985605,-0.181903991207,map_000000060.png
-4.33126145859,1.66585460118,1.10292807456,0.179696156823,-0.240038573828,-0.895070791245,-2.28603982793,2.7146985605,-0.181903991207,map_000000061.png
-4.30068261146,1.67169352868,1.02008557019,0.240230325704,-0.195501181568,-0.744754135609,-2.28603982793,2.7146985605,-0.181903991207,map_000000062.png
-4.27155956419,1.67947362047,0.943639783917,0.276334714297,-0.157088579083,-0.620745658875,-2.28603982793,2.7146985605,-0.181903991207,map_000000063.png
-4.24114546996,1.69022059865,0.874794703582,0.270783904948,-0.15114854891,-0.739334225655,-2.28603982793,2.7146985605,-0.181903991207,map_000000064.png
-4.21069746085,1.70125094664,0.80618395209,0.294736771137,-0.11837839311,-0.624912261963,-2.28603982793,2.7146985605,-0.181903991207,map_000000065.png
-4.18131612749,1.71057217488,0.735727938612,0.284161821778,-0.125827104024,-0.729689776897,-2.28603982793,2.7146985605,-0.181903991207,map_000000066.png
-4.15041980693,1.72147358959,0.67140710127,0.280092416345,-0.128734728473,-0.768529355526,-2.28603982793,2.7146985605,-0.181903991207,map_000000067.png
-4.11931155652,1.72905761743,0.596783543655,0.280092416345,-0.128734728473,-0.768529355526,-2.28603982793,2.7146985605,-0.181903991207,map_000000068.png
-4.0891326818,1.73373333822,0.521676326014,0.290886770576,-0.119767143845,-0.672304153442,-2.28603982793,2.7146985605,-0.181903991207,map_000000069.png
-4.05708722148,1.73698558174,0.449515338219,0.282970621928,-0.131793433147,-0.709502279758,-2.28603982793,2.7146985605,-0.181903991207,map_000000070.png
-4.02480858038,1.73770221227,0.378858655495,0.285979514042,-0.129677787763,-0.681478202343,-2.28603982793,2.7146985605,-0.181903991207,map_000000071.png
-3.99389450215,1.73557891424,0.309855949318,0.308936130819,-0.100837551843,-0.514378428459,-2.28603982793,2.7146985605,-0.181903991207,map_000000072.png
-3.96161365419,1.73175490007,0.242136788577,0.320295196229,-0.0797396131324,-0.436735987663,-2.28603982793,2.7146985605,-0.181903991207,map_000000073.png
-3.92939175868,1.72907167292,0.191560490398,0.320295196229,-0.0797396131324,-0.436735987663,-2.28603982793,2.7146985605,-0.181903991207,map_000000074.png
-3.89530521942,1.72676377346,0.146288278581,0.332964838014,-0.0501696575884,-0.335302323103,-2.28603982793,2.7146985605,-0.181903991207,map_000000075.png
-3.86057712313,1.72546141458,0.109199792996,0.339390084781,-0.0304731720894,-0.273836612701,-2.28603982793,2.7146985605,-0.181903991207,map_000000076.png
-3.82674588911,1.72502513113,0.0796193570162,0.344456536461,-0.0116886922697,-0.214377164841,-2.28603982793,2.7146985605,-0.181903991207,map_000000077.png
-3.79120389072,1.72514242438,0.05372023271,0.349686193923,0.0148175812283,-0.120153129101,-2.28603982793,2.7146985605,-0.181903991207,map_000000078.png
-3.755286136,1.7261947284,0.0336446702077,0.34965668085,0.0154984021833,-0.12019252032,-2.28603982793,2.7146985605,-0.181903991207,map_000000079.png
-3.72038955203,1.72876663848,0.0218314272551,0.348836619062,0.0285132975157,-0.056362580508,-2.28603982793,2.7146985605,-0.181903991207,map_000000080.png
-3.68408195945,1.73108209846,0.00954687653165,0.348836619062,0.0285132975157,-0.056362580508,-2.28603982793,2.7146985605,-0.181903991207,map_000000081.png
-3.64780727544,1.73406788589,0.00253358603361,0.349017074471,0.0262121472137,-0.0450151711702,-2.28603982793,2.7146985605,-0.181903991207,map_000000082.png
-3.61293493272,1.73681135245,-0.0022983594738,0.34921396012,0.0234436556668,-0.0364254452288,-2.28603982793,2.7146985605,-0.181903991207,map_000000083.png
-3.57663029895,1.73928320514,-0.00649646649643,0.349490496444,0.0188782369162,-0.00545848347247,-2.28603982793,2.7146985605,-0.181903991207,map_000000084.png
-3.54030041824,1.7413227286,-0.00936929390339,0.349471429811,0.019227966069,-0.00545960385352,-2.28603982793,2.7146985605,-0.181903991207,map_000000085.png
-3.50534124786,1.74287191371,-0.00991195388407,0.349451753541,0.0195823103964,0.0313315577805,-2.28603982793,2.7146985605,-0.181903991207,map_000000086.png
-3.4690038135,1.74451550197,-0.0104671343941,0.349451753541,0.0195823103964,0.0313315577805,-2.28603982793,2.7146985605,-0.181903991207,map_000000087.png
-3.43405465793,1.74611527288,-0.00782193337312,0.349438091342,0.0198246123044,0.0313427001238,-2.28603982793,2.7146985605,-0.181903991207,map_000000088.png
-3.43405465793,1.74611527288,-0.00782193337312,0.34928062433,0.0224285621686,0.056078966707,-2.28603982793,2.7146985605,-0.181903991207,map_000000089.png
-3.39771441943,1.74790950289,-0.00461881746774,0.34928062433,0.0224285621686,0.056078966707,-2.28603982793,2.7146985605,-0.181903991207,map_000000090.png
-3.36138884914,1.74997295254,-5.30469558626e-05,0.344884024867,0.0465431069573,0.159245252609,-2.28603982793,2.7146985605,-0.181903991207,map_000000091.png
-3.32663530498,1.75299914557,0.00870155423236,0.345061305046,0.0485414056464,0.152450367808,-2.28603982793,2.7146985605,-0.181903991207,map_000000092.png
-3.29084579585,1.75830696139,0.0248782556089,0.345027496943,0.0487811301148,0.152501836419,-2.28603982793,2.7146985605,-0.181903991207,map_000000093.png
-3.25516833083,1.76436157426,0.0404667352562,0.314085554766,0.126113716541,0.469200462103,-2.28603982793,2.7146985605,-0.181903991207,map_000000094.png
-3.22093549828,1.77073859561,0.0554647723962,0.314085554766,0.126113716541,0.469200462103,-2.28603982793,2.7146985605,-0.181903991207,map_000000095.png
-3.18843808075,1.78396799876,0.095972232389,0.302247326036,0.130597978541,0.446131825447,-2.28603982793,2.7146985605,-0.181903991207,map_000000096.png
-3.15830388175,1.80059444179,0.142501889183,0.244901663958,0.204810518589,0.779257833958,-2.28603982793,2.7146985605,-0.181903991207,map_000000097.png
-3.1336509749,1.82067435744,0.200782873263,0.236939595931,0.202110670404,0.718756854534,-2.28603982793,2.7146985605,-0.181903991207,map_000000098.png
-3.11398153468,1.84654136549,0.278817086622,0.211977872338,0.220238164018,0.806840002537,-2.28603982793,2.7146985605,-0.181903991207,map_000000099.png
-3.09757768734,1.872440947,0.349843644838,0.229086107254,0.210929993564,0.719687819481,-2.28603982793,2.7146985605,-0.181903991207,map_000000100.png
-3.08557404205,1.90123280206,0.43234438062,0.229086107254,0.210929993564,0.719687819481,-2.28603982793,2.7146985605,-0.181903991207,map_000000101.png
-3.07405434673,1.93091906826,0.506627339857,0.274209165639,0.167050860461,0.572270393372,-2.28603982793,2.7146985605,-0.181903991207,map_000000102.png
-3.06020399752,1.9591759657,0.56637850923,0.299884674382,0.129571640598,0.4870467484,-2.28603982793,2.7146985605,-0.181903991207,map_000000103.png
-3.0434554085,1.98812052482,0.61987921264,0.323526694268,0.0828877008257,0.375784605742,-2.28603982793,2.7146985605,-0.181903991207,map_000000104.png
-3.02442166197,2.01633075152,0.665299167936,0.337147083937,0.0427348383306,0.286283075809,-2.28603982793,2.7146985605,-0.181903991207,map_000000105.png
-3.00363516272,2.04245364927,0.700488536175,0.343611274667,0.0111188747212,0.226110175252,-2.28603982793,2.7146985605,-0.181903991207,map_000000106.png
-2.9797774195,2.06849674995,0.729530109809,0.348012336373,-0.0372479350547,0.11589205265,-2.28603982793,2.7146985605,-0.181903991207,map_000000107.png
-2.95404512214,2.09328879455,0.752652716197,0.348012336373,-0.0372479350547,0.11589205265,-2.28603982793,2.7146985605,-0.181903991207,map_000000108.png
-2.92660138017,2.11483601876,0.765348260185,0.346142842919,-0.051818213302,0.072368144989,-2.28603982793,2.7146985605,-0.181903991207,map_000000109.png
-2.89726659741,2.13637782786,0.774282165801,0.355280936965,-0.0580985739028,0.0433317869902,-2.28603982793,2.7146985605,-0.181903991207,map_000000110.png
-2.86724309658,2.15785245169,0.78020268946,0.36390529105,-0.0552340017301,0.0243027191609,-2.28603982793,2.7146985605,-0.181903991207,map_000000111.png
-2.83780012381,2.17899872049,0.78386328772,0.345935250325,-0.0385194003223,0.00502988602966,-2.28603982793,2.7146985605,-0.181903991207,map_000000112.png
-2.80727037343,2.20166146008,0.786126541522,0.336892834469,-0.0282259448675,0.00113467802294,-2.28603982793,2.7146985605,-0.181903991207,map_000000113.png
-2.78011413508,2.22341264561,0.786619784634,0.336892834469,-0.0282259448675,0.00113467802294,-2.28603982793,2.7146985605,-0.181903991207,map_000000114.png
-2.75318165487,2.24611702419,0.786756628504,0.327566454832,-0.0182275545583,-0.00226002768613,-2.28603982793,2.7146985605,-0.181903991207,map_000000115.png
-2.72746887628,2.26888196851,0.786605969536,0.317891642971,-0.0107458358265,-0.00215559522621,-2.28603982793,2.7146985605,-0.181903991207,map_000000116.png
-2.70378080484,2.29068101483,0.786389042476,0.308034337014,-0.00489452710458,-0.00236178259365,-2.28603982793,2.7146985605,-0.181903991207,map_000000117.png
-2.68012331453,2.31314709301,0.786151669883,0.288065154212,0.0021582038471,-0.00136633170769,-2.28603982793,2.7146985605,-0.181903991207,map_000000118.png
-2.65760423003,2.3352369737,0.785939251682,0.278043750325,0.00405043744272,-0.000776773318648,-2.28603982793,2.7146985605,-0.181903991207,map_000000119.png
-2.63744031199,2.35573781557,0.785806355058,0.268040680129,0.00417912576482,-0.000777233857661,-2.28603982793,2.7146985605,-0.181903991207,map_000000120.png
-2.61731721223,2.3764917678,0.785732698001,0.268040680129,0.00417912576482,-0.000777233857661,-2.28603982793,2.7146985605,-0.181903991207,map_000000121.png
-2.59780066756,2.39660793928,0.785643909312,0.258033503872,0.00453031112993,-0.000137592374813,-2.28603982793,2.7146985605,-0.181903991207,map_000000122.png
-2.57965291875,2.41538895472,0.78560952529,0.248044510089,0.00377724866665,-2.7354049962e-05,-2.28603982793,2.7146985605,-0.181903991207,map_000000123.png
-2.56136449738,2.43430107611,0.785602028892,0.228051189904,0.00317240249899,0.000105408194941,-2.28603982793,2.7146985605,-0.181903991207,map_000000124.png
-2.54384122599,2.45234015458,0.785595688327,0.218068016347,0.00151073990015,0.000231362966588,-2.28603982793,2.7146985605,-0.181903991207,map_000000125.png
-2.52802040972,2.46858776158,0.785607053371,0.208071447759,0.000864355209372,0.000273293961072,-2.28603982793,2.7146985605,-0.181903991207,map_000000126.png
-2.51211476333,2.48474166416,0.785636585082,0.208071447759,0.000864355209372,0.000273293961072,-2.28603982793,2.7146985605,-0.181903991207,map_000000127.png
-2.49744620009,2.49954307525,0.78566267673,0.198071032529,0.000934135869189,0.000273183948593,-2.28603982793,2.7146985605,-0.181903991207,map_000000128.png
-2.48276914662,2.51438172009,0.785696619355,0.178073202308,-8.92843791358e-05,0.000189105485333,-2.28603982793,2.7146985605,-0.181903991207,map_000000129.png
-2.48276914662,2.51438172009,0.785696619355,0.178073202308,-8.92843791358e-05,0.000189105485333,-2.28603982793,2.7146985605,-0.181903991207,map_000000130.png
-2.46907435539,2.52811064306,0.78571058515,0.168073219181,-3.32629487334e-05,0.000188967533177,-2.28603982793,2.7146985605,-0.181903991207,map_000000131.png
-2.45674134145,2.54044156864,0.785728583973,0.15807300091,-0.000262519054703,0.000116967014037,-2.28603982793,2.7146985605,-0.181903991207,map_000000132.png
-2.44452896968,2.5526558494,0.785747765646,0.148073065358,-0.000209593599821,8.98069120012e-05,-2.28603982793,2.7146985605,-0.181903991207,map_000000133.png
-2.43288429261,2.56425068085,0.785752407212,0.138073112328,-0.000161267505327,6.91784080118e-05,-2.28603982793,2.7146985605,-0.181903991207,map_000000134.png
-2.42240723887,2.57470560088,0.785760676206,0.138073112328,-0.000161267505327,6.91784080118e-05,-2.28603982793,2.7146985605,-0.181903991207,map_000000135.png
-2.41211721333,2.58499733796,0.785774460194,0.118073194846,4.61962603252e-05,4.94548585266e-05,-2.28603982793,2.7146985605,-0.181903991207,map_000000136.png
-2.40288295135,2.59425279332,0.785786507851,0.108073162911,9.68548839275e-05,2.85946880467e-05,-2.28603982793,2.7146985605,-0.181903991207,map_000000137.png
-2.39488468635,2.60226709243,0.785789810584,0.103032762397,0.000149801949084,2.84036505036e-05,-2.28603982793,2.7146985605,-0.181903991207,map_000000138.png
-2.38703909932,2.61011062938,0.785784175368,0.10303273194,0.000169459771449,1.0141171515e-05,-2.28603982793,2.7146985605,-0.181903991207,map_000000139.png
-2.37977012519,2.61740660687,0.785786478476,0.093032658131,0.000201204139752,8.9238747023e-06,-2.28603982793,2.7146985605,-0.181903991207,map_000000140.png
-2.37221443071,2.62499831735,0.785788991397,0.093032658131,0.000201204139752,8.9238747023e-06,-2.28603982793,2.7146985605,-0.181903991207,map_000000141.png
-2.3653268034,2.63190120432,0.785782999469,0.0765159598626,0.000273317039578,1.3530079741e-05,-2.28603982793,2.7146985605,-0.181903991207,map_000000142.png
-2.35961180819,2.63765643631,0.785783840885,0.076515964421,0.000272037905957,9.56497387961e-06,-2.28603982793,2.7146985605,-0.181903991207,map_000000143.png
-2.35401911211,2.64331283923,0.785791327283,0.0765158593746,0.00030013342366,1.83558440767e-05,-2.28603982793,2.7146985605,-0.181903991207,map_000000144.png
-2.3484271278,2.64897001916,0.785799046989,0.0765158903851,0.000292120656898,1.6899779439e-05,-2.28603982793,2.7146985605,-0.181903991207,map_000000145.png
-2.34304211506,2.65440146007,0.785800422445,0.0665161260401,0.000208141292423,-1.0,-2.28603982793,2.7146985605,-0.181903991207,map_000000146.png
-2.33742902317,2.66003752652,0.785793803357,0.0565161219998,0.000192419210162,-1.0,-2.28603982793,2.7146985605,-0.181903991207,map_000000147.png
-2.33296075165,2.665394894,0.68350516502,0.0565161219998,0.000192419210162,-1.0,-2.28603982793,2.7146985605,-0.181903991207,map_000000148.png
-2.32887073488,2.66963914775,0.585173100887,0.0499995688986,0.000208055057701,-1.0,-2.28603982793,2.7146985605,-0.181903991207,map_000000149.png
-2.32470473259,2.67329391716,0.48290272673,0.0498311910383,0.00410518899181,-1.0,-2.28603982793,2.7146985605,-0.181903991207,map_000000150.png
-2.32048395354,2.67655864128,0.380630287684,0.0492210546102,0.00879135711975,-1.0,-2.28603982793,2.7146985605,-0.181903991207,map_000000151.png
-2.31626707393,2.67956575361,0.282280970704,0.0455719781076,0.0205717035831,-0.843760848045,-2.28603982793,2.7146985605,-0.181903991207,map_000000152.png
-2.31178572959,2.68268078556,0.181246580951,0.0424246682353,0.0264603042702,-0.696518182755,-2.28603982793,2.7146985605,-0.181903991207,map_000000153.png
-2.30768845119,2.68616952178,0.0982883912427,0.0424246682353,0.0264603042702,-0.696518182755,-2.28603982793,2.7146985605,-0.181903991207,map_000000154.png
-2.3034585802,2.68982179644,0.025320802982,0.0382764934069,0.0321700206625,-0.545198619366,-2.28603982793,2.7146985605,-0.181903991207,map_000000155.png
-2.29934173733,2.6935632728,-0.034600892368,0.0347935820419,0.0359083113727,-0.42094296217,-2.28603982793,2.7146985605,-0.181903991207,map_000000156.png
-2.29547260405,2.69719762669,-0.0818624643535,0.0313624231648,0.0389409628821,-0.311631649733,-2.28603982793,2.7146985605,-0.181903991207,map_000000157.png
-2.29155672057,2.70103839238,-0.121040550842,0.0,0.0,-0.151064008474,-2.28603982793,2.7146985605,-0.181903991207,map_000000158.png
-2.28847834771,2.70422166454,-0.149743321008,0.0,0.0,-0.0923468917608,-2.28603982793,2.7146985605,-0.181903991207,map_000000159.png
-2.28846404485,2.70435463429,-0.164602147822,0.0,0.0,-0.092377319932,-2.28603982793,2.7146985605,-0.181903991207,map_000000160.png
-2.28845328251,2.70443952261,-0.174048420828,0.0,0.0,-0.092377319932,-2.28603982793,2.7146985605,-0.181903991207,map_000000161.png
-2.2884326634,2.70453331329,-0.18349230921,0.0,0.0,0.0,-2.28603982793,2.7146985605,-0.181903991207,map_000000162.png
