-2.18372795758,3.72138602924,-3.04725054967,0.0,0.0,0.0,6.67160412624,3.38190489507,-0.248923583987,map_000000001.png
-2.18371614982,3.7213742656,-3.04724462752,0.0,0.0,0.0,6.67160412624,3.38190489507,-0.248923583987,map_000000002.png
-2.18372602085,3.72138409025,-3.04724953955,0.0,0.0,0.0,6.67160412624,3.38190489507,-0.248923583987,map_000000003.png
-2.18372803433,3.72138608348,-3.04725063387,0.0,0.0,0.0,6.67160412624,3.38190489507,-0.248923583987,map_000000004.png
-2.18371617677,3.72137427218,-3.0472445771,0.0287041386153,0.0526884484241,1.0,6.67160412624,3.38190489507,-0.248923583987,map_000000005.png
-2.18475904846,3.71934666218,-3.00397896207,0.0193398088409,0.0672753435674,1.0,6.67160412624,3.38190489507,-0.248923583987,map_000000006.png
-2.18647929413,3.71425730576,-2.90562964844,0.00976055901136,0.0794023382912,1.0,6.67160412624,3.38190489507,-0.248923583987,map_000000007.png
-2.18659971691,3.70784689307,-2.80335170403,0.00380396673825,0.0899195702605,1.0,6.67160412624,3.38190489507,-0.248923583987,map_000000008.png
-2.18478981419,3.70073204273,-2.70107933407,0.00380396673825,0.0899195702605,1.0,6.67160412624,3.38190489507,-0.248923583987,map_000000009.png
-2.18132063878,3.6932480986,-2.59880619901,-0.00249057612359,0.0999689745658,1.0,6.67160412624,3.38190489507,-0.248923583987,map_000000010.png
-2.17615369657,3.68573378083,-2.49653440338,0.00531466744009,0.119882243055,1.0,6.67160412624,3.38190489507,-0.248923583987,map_000000011.png
-2.16950181947,3.67746017439,-2.39426096674,0.00394100371295,0.129940246732,1.0,6.67160412624,3.38190489507,-0.248923583987,map_000000012.png
-2.16134618296,3.66880851982,-2.29198768277,0.0150027552441,0.139193812964,1.0,6.67160412624,3.38190489507,-0.248923583987,map_000000013.png
-2.15177648369,3.66035425357,-2.1897167462,0.029266636265,0.147117180831,1.0,6.67160412624,3.38190489507,-0.248923583987,map_000000014.png
-2.14126053622,3.65170505046,-2.08744363899,0.0685360839939,0.155572523648,1.0,6.67160412624,3.38190489507,-0.248923583987,map_000000015.png
-2.12985593715,3.64254566263,-1.98517104452,0.0685360839939,0.155572523648,1.0,6.67160412624,3.38190489507,-0.248923583987,map_000000016.png
-2.11812029001,3.63093313369,-1.88289825075,0.0460679577478,0.174005033145,1.0,6.67160412624,3.38190489507,-0.248923583987,map_000000017.png
-2.10352405193,3.62141606693,-1.78062413718,0.0639289859901,0.178922039082,1.0,6.67160412624,3.38190489507,-0.248923583987,map_000000018.png
-2.10352405193,3.62141606693,-1.78062413718,0.0639289859901,0.178922039082,1.0,6.67160412624,3.38190489507,-0.248923583987,map_000000019.png
-2.08794840564,3.6132748393,-1.68230212011,0.103195635493,0.182895262844,1.0,6.67160412624,3.38190489507,-0.248923583987,map_000000020.png
-2.07062830992,3.60495753325,-1.58002638175,0.103941048836,0.205173785181,1.0,6.67160412624,3.38190489507,-0.248923583987,map_000000021.png
-2.05220764408,3.59691961718,-1.47775628025,0.103941048836,0.205173785181,1.0,6.67160412624,3.38190489507,-0.248923583987,map_000000022.png
-2.0328502049,3.5888686656,-1.37548961684,0.12822907405,0.202872693224,1.0,6.67160412624,3.38190489507,-0.248923583987,map_000000023.png
-2.01048339614,3.5833250982,-1.27321274025,0.12822907405,0.202872693224,1.0,6.67160412624,3.38190489507,-0.248923583987,map_000000024.png
-1.98712304407,3.57800904235,-1.17094074888,0.12509783395,0.215970482563,1.0,6.67160412624,3.38190489507,-0.248923583987,map_000000025.png
-1.96248417566,3.57534776207,-1.06867182122,0.152788501617,0.209857304254,1.0,6.67160412624,3.38190489507,-0.248923583987,map_000000026.png
-1.93686601197,3.57414399125,-0.96639840774,0.166069349836,0.205699549404,1.0,6.67160412624,3.38190489507,-0.248923583987,map_000000027.png
-1.91048430592,3.57373728025,-0.864127812706,0.196661849928,0.19138322081,1.0,6.67160412624,3.38190489507,-0.248923583987,map_000000028.png
-1.88361888522,3.57465611258,-0.761862226056,0.214048438432,0.179354775473,1.0,6.67160412624,3.38190489507,-0.248923583987,map_000000029.png
-1.85577877728,3.57560452499,-0.659587261619,0.243254912165,0.156515391611,1.0,6.67160412624,3.38190489507,-0.248923583987,map_000000030.png
-1.82743636995,3.57732051325,-0.557320759516,0.243254912165,0.156515391611,1.0,6.67160412624,3.38190489507,-0.248923583987,map_000000031.png
-1.79924168945,3.57885135895,-0.458975161258,0.254628336983,0.143471451519,1.0,6.67160412624,3.38190489507,-0.248923583987,map_000000032.png
-1.76957365043,3.58168749098,-0.356701804804,0.293824694444,0.0938910161457,0.771766602993,6.67160412624,3.38190489507,-0.248923583987,map_000000033.png
-1.73897691027,3.58413047027,-0.265228462435,0.317082629947,0.0296023023038,0.503506362438,6.67160412624,3.38190489507,-0.248923583987,map_000000034.png
-1.70686499102,3.58391161626,-0.194740705826,0.328461182798,-0.000411441567885,0.384058147669,6.67160412624,3.38190489507,-0.248923583987,map_000000035.png
-1.67385376182,3.58050085856,-0.144667504292,0.337675072754,-0.0230583268819,0.278452217579,6.67160412624,3.38190489507,-0.248923583987,map_000000036.png
-1.64003619207,3.57581452976,-0.105387388695,0.337675072754,-0.0230583268819,0.278452217579,6.67160412624,3.38190489507,-0.248923583987,map_000000037.png
-1.60604960736,3.57243273675,-0.0661194509271,0.343663799343,-0.0313839593921,0.212966874242,6.67160412624,3.38190489507,-0.248923583987,map_000000038.png
-1.57071039637,3.56729063332,-0.0426374235644,0.347371339677,-0.0428152695262,0.100439585745,6.67160412624,3.38190489507,-0.248923583987,map_000000039.png
-1.53490723377,3.56192864427,-0.0279426442036,0.347293824558,-0.0434395483076,0.100470632315,6.67160412624,3.38190489507,-0.248923583987,map_000000040.png
-1.49891389639,3.55651974046,-0.0176721620156,0.347544165955,-0.0413889797409,0.0680641457438,6.67160412624,3.38190489507,-0.248923583987,map_000000041.png
-1.46286462742,3.55150806955,-0.00829247096647,0.348143593886,-0.0360004579097,0.047544054687,6.67160412624,3.38190489507,-0.248923583987,map_000000042.png
-1.42815061701,3.54716516781,-0.00176820196501,0.348797230797,-0.0289911490221,0.0329608656466,6.67160412624,3.38190489507,-0.248923583987,map_000000043.png
-1.39193771525,3.54339728154,0.00309211829394,0.348797230797,-0.0289911490221,0.0329608656466,6.67160412624,3.38190489507,-0.248923583987,map_000000044.png
-1.35567663398,3.54047754667,0.00657989174177,0.349628498966,-0.0161216514261,0.00955551490188,6.67160412624,3.38190489507,-0.248923583987,map_000000045.png
-1.3193293806,3.53869256342,0.00819572477443,0.349850108114,-0.0102419132133,0.00251058768481,6.67160412624,3.38190489507,-0.248923583987,map_000000046.png
-1.28297073753,3.53768421627,0.00876015739721,0.349956250248,-0.00553333947017,-0.00272269826382,6.67160412624,3.38190489507,-0.248923583987,map_000000047.png
-1.28297073753,3.53768421627,0.00876015739721,0.349992277305,-0.00232395368544,-0.00499580102041,6.67160412624,3.38190489507,-0.248923583987,map_000000048.png
-1.24658981625,3.53714965508,0.00878997360113,0.349998300235,0.00108846969751,-0.00559815205634,6.67160412624,3.38190489507,-0.248923583987,map_000000049.png
-1.2101997232,3.53695814254,0.008450990955,0.349998300235,0.00108846969751,-0.00559815205634,6.67160412624,3.38190489507,-0.248923583987,map_000000050.png
-1.17382611838,3.53705671224,0.00793844928892,0.349995060387,0.00185812755212,-0.00509400200099,6.67160412624,3.38190489507,-0.248923583987,map_000000051.png
-1.13744263236,3.53745589176,0.00736550750087,0.349995060387,0.00185812755212,-0.00509400200099,6.67160412624,3.38190489507,-0.248923583987,map_000000052.png
-1.10105367089,3.53782131575,0.00678620030371,0.349993160329,0.0021869286009,-0.00405459152535,6.67160412624,3.38190489507,-0.248923583987,map_000000053.png
-1.0646826804,3.53828872363,0.00634412054234,0.349994295353,0.00199703622548,-0.00270308600739,6.67160412624,3.38190489507,-0.248923583987,map_000000054.png
-1.02829968477,3.53873399525,0.00600879316711,0.349995530445,0.00176737156298,-0.00183747988194,6.67160412624,3.38190489507,-0.248923583987,map_000000055.png
-0.993320005549,3.53913159076,0.00577145770535,0.349995542276,0.00176502703062,-0.000266388989985,6.67160412624,3.38190489507,-0.248923583987,map_000000056.png
-0.956938469404,3.53952345545,0.00561280808657,0.349994470624,0.00196607892163,0.00538705568761,6.67160412624,3.38190489507,-0.248923583987,map_000000057.png
-0.920567012185,3.53990165052,0.00560159825963,0.349995479842,0.00177736435349,0.00562437484041,6.67160412624,3.38190489507,-0.248923583987,map_000000058.png
-0.884176170077,3.54032412024,0.00615613778424,0.349995479842,0.00177736435349,0.00562437484041,6.67160412624,3.38190489507,-0.248923583987,map_000000059.png
-0.847794933008,3.54073949555,0.00672688074924,0.34999435561,0.00198644770383,0.00562379974872,6.67160412624,3.38190489507,-0.248923583987,map_000000060.png
-0.811424212679,3.54117871698,0.00729580470728,0.349955529199,0.00557875582076,0.0211002416909,6.67160412624,3.38190489507,-0.248923583987,map_000000061.png
-0.775035927074,3.54186583299,0.00872745024027,0.349986117798,0.0031164534465,0.00885719060898,6.67160412624,3.38190489507,-0.248923583987,map_000000062.png
-0.738659431181,3.54269342987,0.0104515865079,0.349999594163,0.000528223108329,0.000997230410576,6.67160412624,3.38190489507,-0.248923583987,map_000000063.png
-0.702279897613,3.54335590379,0.0112022686329,0.349999247645,0.000722205910961,0.000995110720396,6.67160412624,3.38190489507,-0.248923583987,map_000000064.png
-0.665892101732,3.54380796445,0.0112976369655,0.34998540131,-0.00319590413307,-0.00581414438784,6.67160412624,3.38190489507,-0.248923583987,map_000000065.png
-0.629521446644,3.54430343013,0.0114022793074,0.34998540131,-0.00319590413307,-0.00581414438784,6.67160412624,3.38190489507,-0.248923583987,map_000000066.png
-0.593136315841,3.54443200739,0.0108876440398,0.349975989114,-0.00409902146681,-0.00764118554071,6.67160412624,3.38190489507,-0.248923583987,map_000000067.png
-0.558154819799,3.54442582946,0.0101902566794,0.349962614931,-0.00511498623106,-0.00870890822262,6.67160412624,3.38190489507,-0.248923583987,map_000000068.png
-0.521772621547,3.54431142653,0.00935000992488,0.349962564419,-0.00511844109043,-0.00843134522438,6.67160412624,3.38190489507,-0.248923583987,map_000000069.png
-0.485390757026,3.54411256789,0.00846399011543,0.349968470509,-0.00469729533193,-0.0073905182071,6.67160412624,3.38190489507,-0.248923583987,map_000000070.png
-0.44900903778,3.54388810059,0.00761393246958,0.349976216302,-0.00407957801507,-0.00639863172546,6.67160412624,3.38190489507,-0.248923583987,map_000000071.png
-0.412627256181,3.54367071453,0.0068539361692,0.349991984527,-0.00236763604592,-0.00402106530964,6.67160412624,3.38190489507,-0.248923583987,map_000000072.png
-0.376245247673,3.54349069326,0.00619536870312,0.349991984527,-0.00236763604592,-0.00402106530964,6.67160412624,3.38190489507,-0.248923583987,map_000000073.png
-0.339862867383,3.54343131026,0.00573316951058,0.349996735352,-0.00151002532866,-0.00288484990597,6.67160412624,3.38190489507,-0.248923583987,map_000000074.png
-0.303480387453,3.54344880157,0.00539369153685,0.349999150316,-0.000767926745017,-0.00194106949493,6.67160412624,3.38190489507,-0.248923583987,map_000000075.png
-0.303480387453,3.54344880157,0.00539369153685,0.349999839221,-0.000327839716309,-0.00127253588289,6.67160412624,3.38190489507,-0.248923583987,map_000000076.png
-0.267097964366,3.54352111545,0.00513897649387,0.349999983927,-7.86431566227e-05,-0.000766177196056,6.67160412624,3.38190489507,-0.248923583987,map_000000077.png
-0.230715648964,3.54364052255,0.00495726022071,0.349999983927,-7.86431566227e-05,-0.000766177196056,6.67160412624,3.38190489507,-0.248923583987,map_000000078.png
-0.194333425342,3.5437866042,0.00482489310848,0.349999992505,1.34095106874e-05,-0.000134392641485,6.67160412624,3.38190489507,-0.248923583987,map_000000079.png
-0.159341054931,3.54393757781,0.00474149002026,0.349999992505,1.34095106874e-05,-0.000134392641485,6.67160412624,3.38190489507,-0.248923583987,map_000000080.png
-0.122958955786,3.54411051186,0.00471852341048,0.349999984962,-7.38951444394e-05,5.84730878472e-05,6.67160412624,3.38190489507,-0.248923583987,map_000000081.png
-0.0865768221307,3.54427687647,0.00471493684379,0.349999940559,-0.000191159675542,0.000181167386472,6.67160412624,3.38190489507,-0.248923583987,map_000000082.png
-0.0501946467017,3.54443375057,0.00472356555534,0.349999788948,-0.00037771651341,0.000211565755308,6.67160412624,3.38190489507,-0.248923583987,map_000000083.png
-0.013812418595,3.54457768008,0.00473915291681,0.349999219472,-0.000735732864715,0.000198409426957,6.67160412624,3.38190489507,-0.248923583987,map_000000084.png
0.0225698791357,3.54470243018,0.00475622592339,0.349998861258,-0.000889972939587,0.000172210391611,6.67160412624,3.38190489507,-0.248923583987,map_000000085.png
0.0589522698453,3.54479793158,0.0047718820131,0.349999179703,-0.000754414269205,0.000169841106981,6.67160412624,3.38190489507,-0.248923583987,map_000000086.png
0.0953346942769,3.54487918518,0.00478524204031,0.349999179703,-0.000754414269205,0.000169841106981,6.67160412624,3.38190489507,-0.248923583987,map_000000087.png
0.13171708656,3.54497393083,0.00479837843941,0.349998900586,-0.000874369721453,0.000141627155244,6.67160412624,3.38190489507,-0.248923583987,map_000000088.png
0.168099496658,3.54506112116,0.00480916717008,0.349998734689,-0.000938429487001,0.000115640461445,6.67160412624,3.38190489507,-0.248923583987,map_000000089.png
0.204481922038,3.54514149215,0.00481815913088,0.349997858776,-0.00122220525071,5.46770170331e-05,6.67160412624,3.38190489507,-0.248923583987,map_000000090.png
0.240864374614,3.54520686724,0.00482356037249,0.349997714799,-0.00126276242031,3.82186844945e-05,6.67160412624,3.38190489507,-0.248923583987,map_000000091.png
0.275837991017,3.54526194581,0.00482848099776,0.349997674171,-0.00127397346423,2.77073122561e-05,6.67160412624,3.38190489507,-0.248923583987,map_000000092.png
0.312220480243,3.54530619241,0.00482810236496,0.349997701097,-0.00126655452404,1.60555355251e-05,6.67160412624,3.38190489507,-0.248923583987,map_000000093.png
0.348602970275,3.54534929595,0.00482668951797,0.349997701097,-0.00126655452404,1.60555355251e-05,6.67160412624,3.38190489507,-0.248923583987,map_000000094.png
0.384985459684,3.54539299565,0.00482426847079,0.349998109696,-0.0011481039229,1.36401504278e-05,6.67160412624,3.38190489507,-0.248923583987,map_000000095.png
0.421367936929,3.54544524563,0.00482149474216,0.349998007321,-0.00117889993124,-3.58605757356e-06,6.67160412624,3.38190489507,-0.248923583987,map_000000096.png
0.45775041129,3.54549945865,0.00481772511824,0.34999801588,-0.00117635606993,-3.25851142406e-05,6.67160412624,3.38190489507,-0.248923583987,map_000000097.png
0.494132888574,3.54555213744,0.00481208397987,0.349998379938,-0.00106253211331,-3.5013537854e-05,6.67160412624,3.38190489507,-0.248923583987,map_000000098.png
0.530515363181,3.54560703216,0.00480445708541,0.349998344045,-0.0010742901741,-9.72575508058e-05,6.67160412624,3.38190489507,-0.248923583987,map_000000099.png
0.566897822406,3.54567120393,0.00479665753212,0.349998236066,-0.00110891146509,-0.000214322470129,6.67160412624,3.38190489507,-0.248923583987,map_000000100.png
0.603280284923,3.54573381862,0.00478246485245,0.349998236066,-0.00110891146509,-0.000214322470129,6.67160412624,3.38190489507,-0.248923583987,map_000000101.png
0.639662752179,3.54579296796,0.00475860268429,0.349997926174,-0.00120274992732,-0.000461685936898,6.67160412624,3.38190489507,-0.248923583987,map_000000102.png
0.676045231439,3.54584410119,0.0047158985584,0.349997368001,-0.00135548008911,-0.00092935282737,6.67160412624,3.38190489507,-0.248923583987,map_000000103.png
0.71103794715,3.54587245964,0.00464170011144,0.349997161578,-0.00140777152497,-0.000896281562746,6.67160412624,3.38190489507,-0.248923583987,map_000000104.png
0.747420451292,3.54589823219,0.00454332891244,0.349995945928,-0.00168308271099,-0.00174355786294,6.67160412624,3.38190489507,-0.248923583987,map_000000105.png
0.747420451292,3.54589823219,0.00454332891244,0.349995945928,-0.00168308271099,-0.00174355786294,6.67160412624,3.38190489507,-0.248923583987,map_000000106.png
0.783802967767,3.54591433607,0.00444076076156,0.349993012164,-0.00221051349988,-0.00317519390956,6.67160412624,3.38190489507,-0.248923583987,map_000000107.png
0.820185474641,3.54589955605,0.00425822282193,0.349993012164,-0.00221051349988,-0.00317519390956,6.67160412624,3.38190489507,-0.248923583987,map_000000108.png
0.856567912896,3.54582663933,0.00394041897404,0.349985818815,-0.00314985112829,-0.00613392749801,6.67160412624,3.38190489507,-0.248923583987,map_000000109.png
0.89295003109,3.54566564254,0.00339015472869,0.349967342337,-0.00478060990066,-0.0115959504619,6.67160412624,3.38190489507,-0.248923583987,map_000000110.png
0.92933109044,3.545358739,0.00243641617428,0.349917550603,-0.00759623020064,-0.0216851290315,6.67160412624,3.38190489507,-0.248923583987,map_000000111.png
0.965709095307,3.54481834995,0.000810115709539,0.349959204716,-0.00534321703463,-0.00890901871026,6.67160412624,3.38190489507,-0.248923583987,map_000000112.png
1.00208384158,3.54409305742,-0.00111005974242,0.349988986926,-0.0027756015567,-0.00076185259968,6.67160412624,3.38190489507,-0.248923583987,map_000000113.png
1.03846145174,3.54351011779,-0.00196088148618,0.349999950193,-0.000172622021806,0.00521071394905,6.67160412624,3.38190489507,-0.248923583987,map_000000114.png
1.07484217852,3.54314964945,-0.002042994465,0.349999950193,-0.000172622021806,0.00521071394905,6.67160412624,3.38190489507,-0.248923583987,map_000000115.png
1.11122440054,3.54303965806,-0.00156131553191,0.349999983076,-8.23433018681e-05,0.00521005643532,6.67160412624,3.38190489507,-0.248923583987,map_000000116.png
1.14619803051,3.54298719113,-0.00104878425248,0.349992338452,0.00231472638779,0.00828403420746,6.67160412624,3.38190489507,-0.248923583987,map_000000117.png
1.18258016226,3.5430786068,-0.000350964183545,0.34999037934,0.00259409000119,0.00769929029047,6.67160412624,3.38190489507,-0.248923583987,map_000000118.png
1.21896178048,3.54332311326,0.000471224431653,0.349992011299,0.00236367518591,0.00714179174975,6.67160412624,3.38190489507,-0.248923583987,map_000000119.png
1.25534308342,3.54361143418,0.00124334937719,0.349991251762,0.00247358524066,0.00714177777991,6.67160412624,3.38190489507,-0.248923583987,map_000000120.png
1.29172432486,3.5439084162,0.00196942197766,0.34999850661,0.0010199529898,0.00515638384968,6.67160412624,3.38190489507,-0.248923583987,map_000000121.png
1.3281052413,3.54424279892,0.00269549098694,0.34999850661,0.0010199529898,0.00515638384968,6.67160412624,3.38190489507,-0.248923583987,map_000000122.png
1.36448699825,3.54446889221,0.00324196405882,0.34999989607,0.000260162797775,0.00406659860164,6.67160412624,3.38190489507,-0.248923583987,map_000000123.png
1.40086908938,3.54463891238,0.00368357404583,0.349999663103,-0.000480376652074,0.00305396039039,6.67160412624,3.38190489507,-0.248923583987,map_000000124.png
1.4372513762,3.54476167908,0.00403945052963,0.349996698156,-0.00151862234542,0.00167392939329,6.67160412624,3.38190489507,-0.248923583987,map_000000125.png
1.4736338118,3.54481968936,0.00429318552832,0.349996995927,-0.0014483700437,0.00167209422216,6.67160412624,3.38190489507,-0.248923583987,map_000000126.png
1.51001632987,3.5448209107,0.004460082145,0.349995631648,-0.00174721516585,0.00113644404337,6.67160412624,3.38190489507,-0.248923583987,map_000000127.png
1.5450090456,3.5448239604,0.00461595680521,0.349995376357,-0.00179762678907,0.000801406335086,6.67160412624,3.38190489507,-0.248923583987,map_000000128.png
1.58139156822,3.54481120215,0.00472792922374,0.349995376357,-0.00179762678907,0.000801406335086,6.67160412624,3.38190489507,-0.248923583987,map_000000129.png
1.61777408579,3.54479793654,0.00481112261274,0.34999547934,-0.00177746314879,0.000565471127629,6.67160412624,3.38190489507,-0.248923583987,map_000000130.png
1.6541566042,3.54478817687,0.00487212948057,0.349996396554,-0.0015866105795,0.000842296984047,6.67160412624,3.38190489507,-0.248923583987,map_000000131.png
1.69053911745,3.54479103399,0.00494016058635,0.349997772593,-0.00124664095029,0.00164370425045,6.67160412624,3.38190489507,-0.248923583987,map_000000132.png
1.69053911745,3.54479103399,0.00494016058635,0.349999376372,-0.00065686592733,0.0033988058567,6.67160412624,3.38190489507,-0.248923583987,map_000000133.png
1.72692161264,3.54481864178,0.00505042231154,0.349999376372,-0.00065686592733,0.0033988058567,6.67160412624,3.38190489507,-0.248923583987,map_000000134.png
1.76330404383,3.5448856901,0.00524878625411,0.349999361787,0.000664592036358,0.00669623538852,6.67160412624,3.38190489507,-0.248923583987,map_000000135.png
1.79968634277,3.54501110857,0.00559188108036,0.349990531602,0.00257346512989,0.0131418798119,6.67160412624,3.38190489507,-0.248923583987,map_000000136.png
1.83606774565,3.54528906376,0.00627221452445,0.349990531602,0.00257346512989,0.0131418798119,6.67160412624,3.38190489507,-0.248923583987,map_000000137.png
1.87244694019,3.54576252157,0.00751071639976,0.349987534207,0.002953105687,0.0126292323694,6.67160412624,3.38190489507,-0.248923583987,map_000000138.png
1.90882472308,3.5463410896,0.00881403998093,0.349940421586,0.00645726519443,0.0241986364126,6.67160412624,3.38190489507,-0.248923583987,map_000000139.png
1.94519133754,3.54717174608,0.0106997348075,0.349773336235,0.0125939744567,0.0456841997802,6.67160412624,3.38190489507,-0.248923583987,map_000000140.png
1.98016149395,3.54839047666,0.0137493710548,0.349006642795,0.026350677765,0.084038503468,6.67160412624,3.38190489507,-0.248923583987,map_000000141.png
2.01646806518,3.55039719388,0.0188715970911,0.348994311178,0.0265135003102,0.0840641111135,6.67160412624,3.38190489507,-0.248923583987,map_000000142.png
2.05269713767,3.55388867421,0.0274642043117,0.348994311178,0.0265135003102,0.0840641111135,6.67160412624,3.38190489507,-0.248923583987,map_000000143.png
2.08885919598,3.5576898675,0.0360563110678,0.345205712314,0.0488860115101,0.158776149154,6.67160412624,3.38190489507,-0.248923583987,map_000000144.png
2.12461247432,3.56370933279,0.0508227707487,0.34544205704,0.0534399438302,0.145064204931,6.67160412624,3.38190489507,-0.248923583987,map_000000145.png
2.16013038723,3.57102033948,0.0661954600197,0.346086728175,0.0521916805098,0.13226787746,6.67160412624,3.38190489507,-0.248923583987,map_000000146.png
2.1956014838,3.57899456103,0.0804247471859,0.3499959971,-0.00167240782196,-0.0332509279251,6.67160412624,3.38190489507,-0.248923583987,map_000000147.png
2.23125545315,3.58572239874,0.0887454703274,0.349446694549,-0.0196723817095,-0.0546084269881,6.67160412624,3.38190489507,-0.248923583987,map_000000148.png
2.26752286002,3.58852966843,0.0850910571335,0.347106460304,-0.0449121381018,-0.109784170985,6.67160412624,3.38190489507,-0.248923583987,map_000000149.png
2.30388516296,3.58952882404,0.0795026568721,0.347106460304,-0.0449121381018,-0.109784170985,6.67160412624,3.38190489507,-0.248923583987,map_000000150.png
2.34026947603,3.59034148473,0.07392143784,0.34708279316,-0.0450946740298,-0.109823234379,6.67160412624,3.38190489507,-0.248923583987,map_000000151.png
2.37659396903,3.58834361558,0.0629039186516,0.346230877092,-0.0512266989158,-0.104033797979,6.67160412624,3.38190489507,-0.248923583987,map_000000152.png
2.41145478803,3.58557868326,0.0524480429906,0.347056095924,-0.0452996822914,-0.08920802176,6.67160412624,3.38190489507,-0.248923583987,map_000000153.png
2.44767060147,3.58233496513,0.0424574916441,0.348029965925,-0.0370828498382,-0.0759210959077,6.67160412624,3.38190489507,-0.248923583987,map_000000154.png
2.48392560722,3.57929439821,0.0336540618515,0.348011835097,-0.0372526182453,-0.0759488120675,6.67160412624,3.38190489507,-0.248923583987,map_000000155.png
2.52019069361,3.57658363512,0.0258852517733,0.34890285821,-0.027690981684,-0.0609907023609,6.67160412624,3.38190489507,-0.248923583987,map_000000156.png
2.55644914312,3.57359199015,0.0181222633937,0.34890285821,-0.027690981684,-0.0609907023609,6.67160412624,3.38190489507,-0.248923583987,map_000000157.png
2.59276333244,3.57123277374,0.0117640916713,0.349866144739,-0.0096786207396,-0.0340739488602,6.67160412624,3.38190489507,-0.248923583987,map_000000158.png
2.62911196993,3.5701168441,0.00754369597915,0.349997150626,-0.00141049174146,-0.023983059451,6.67160412624,3.38190489507,-0.248923583987,map_000000159.png
2.6654959482,3.56985308739,0.00465420987166,0.349957181565,0.00547412139052,-0.0144561687484,6.67160412624,3.38190489507,-0.248923583987,map_000000160.png
2.70187898805,3.5701586326,0.00261366926916,0.349794243076,0.0119992685122,0.0022329413332,6.67160412624,3.38190489507,-0.248923583987,map_000000161.png
2.70187898805,3.5701586326,0.00261366926916,0.349794243076,0.0119992685122,0.0022329413332,6.67160412624,3.38190489507,-0.248923583987,map_000000162.png
2.73825513563,3.5709134197,0.00139695983731,0.349787605365,0.0121912290929,0.00409886008129,6.67160412624,3.38190489507,-0.248923583987,map_000000163.png
2.77461513948,3.57222203548,0.00162404140552,0.349787605365,0.0121912290929,0.00409886008129,6.67160412624,3.38190489507,-0.248923583987,map_000000164.png
2.80957218003,3.57358922553,0.00184658714651,0.349787605365,0.0121912290929,0.00409886008129,6.67160412624,3.38190489507,-0.248923583987,map_000000165.png
2.84593282719,3.57493917792,0.0022438764156,0.349960417502,0.005263184918,-0.0127615574747,6.67160412624,3.38190489507,-0.248923583987,map_000000166.png
2.88231189141,3.57577862306,0.00146152594549,0.349969754385,-0.00460064660943,-0.0391599312425,6.67160412624,3.38190489507,-0.248923583987,map_000000167.png
2.91869072433,3.57581705258,-0.00130140003263,0.349872971924,-0.00942859749814,-0.0397712811828,6.67160412624,3.38190489507,-0.248923583987,map_000000168.png
2.95506380815,3.57506700893,-0.00533416144346,0.344457244935,-0.0481681517574,-0.157337293029,6.67160412624,3.38190489507,-0.248923583987,map_000000169.png
2.99130064855,3.57310981844,-0.0117135757523,0.344444712877,-0.0482576854281,-0.157392069697,6.67160412624,3.38190489507,-0.248923583987,map_000000170.png
3.02701710386,3.5675718687,-0.0277972139315,0.34144135169,-0.0592211160483,-0.17683775723,6.67160412624,3.38190489507,-0.248923583987,map_000000171.png
3.06262243877,3.56142931138,-0.0438969034973,0.34144135169,-0.0592211160483,-0.17683775723,6.67160412624,3.38190489507,-0.248923583987,map_000000172.png
3.09782329203,3.55376101868,-0.0616774284132,0.346500146869,-0.0493724938963,-0.120042286813,6.67160412624,3.38190489507,-0.248923583987,map_000000173.png
3.13322209531,3.54599638269,-0.0757341690534,0.349392453413,-0.0206133071536,-0.0186202656478,6.67160412624,3.38190489507,-0.248923583987,map_000000174.png
3.16902484636,3.53963874725,-0.0824290607909,0.349980964589,-0.00364956965679,0.00803356524557,6.67160412624,3.38190489507,-0.248923583987,map_000000175.png
3.205107041,3.53510985892,-0.0833867407722,0.349169206704,0.0241010378068,0.0710740312934,6.67160412624,3.38190489507,-0.248923583987,map_000000176.png
3.23996123077,3.53227419729,-0.0816063451142,0.34585015947,0.0537369717097,0.117555387318,6.67160412624,3.38190489507,-0.248923583987,map_000000177.png
3.27633951825,3.53186994221,-0.0743402620704,0.345788816251,0.0541303010279,0.117592304945,6.67160412624,3.38190489507,-0.248923583987,map_000000178.png
3.3125886377,3.53474121824,-0.0625029779755,0.345788816251,0.0541303010279,0.117592304945,6.67160412624,3.38190489507,-0.248923583987,map_000000179.png
3.34879137311,3.53819833562,-0.0504801741392,0.346494588636,0.0494114863114,0.096541672945,6.67160412624,3.38190489507,-0.248923583987,map_000000180.png
3.38498544757,3.54177372726,-0.0398638093717,0.346439413461,0.0497968647047,0.0965715423226,6.67160412624,3.38190489507,-0.248923583987,map_000000181.png
3.42115900133,3.54556640361,-0.0299915814541,0.347827801541,0.0389334741379,0.0785672068596,6.67160412624,3.38190489507,-0.248923583987,map_000000182.png
3.45732801219,3.54939200771,-0.0206838376312,0.34881775134,0.0287431954372,0.0645904913545,6.67160412624,3.38190489507,-0.248923583987,map_000000183.png
3.49356282688,3.55259197862,-0.0128711252927,0.349531955526,0.0180943913844,0.0508344769478,6.67160412624,3.38190489507,-0.248923583987,map_000000184.png
3.52985185133,3.55516491741,-0.00626754076764,0.349995538145,-0.00176584603196,0.0257317721844,6.67160412624,3.38190489507,-0.248923583987,map_000000185.png
3.56616251779,3.55738162986,-0.000421767861583,0.349995538145,-0.00176584603196,0.0257317721844,6.67160412624,3.38190489507,-0.248923583987,map_000000186.png
3.60254155371,3.5576138909,0.00270381220602,0.349878071027,-0.00923744272635,0.0161279495806,6.67160412624,3.38190489507,-0.248923583987,map_000000187.png
3.63890945292,3.55705889621,0.00472418773408,0.349642240305,-0.0158208321009,0.00751940440387,6.67160412624,3.38190489507,-0.248923583987,map_000000188.png
3.67388916221,3.55603538883,0.00594210683782,0.349559655911,-0.0175511222768,0.00291442126036,6.67160412624,3.38190489507,-0.248923583987,map_000000189.png
3.67388916221,3.55603538883,0.00594210683782,0.349639083178,-0.0158904514748,-0.00190288061276,6.67160412624,3.38190489507,-0.248923583987,map_000000190.png
3.71025056637,3.55456067725,0.0065956560812,0.349639083178,-0.0158904514748,-0.00190288061276,6.67160412624,3.38190489507,-0.248923583987,map_000000191.png
3.74659074944,3.55300119071,0.00685874808525,0.34974652769,-0.0133177063585,-0.00286312447861,6.67160412624,3.38190489507,-0.248923583987,map_000000192.png
3.78294925021,3.55159888467,0.00666365889176,0.34974652769,-0.0133177063585,-0.00286312447861,6.67160412624,3.38190489507,-0.248923583987,map_000000193.png
3.81932123674,3.55042286073,0.00637136678874,0.349845249097,-0.010406566098,-0.00326106837019,6.67160412624,3.38190489507,-0.248923583987,map_000000194.png
3.85568279175,3.54949828486,0.00605197731519,0.349917317007,-0.00760698310101,-0.00295981485397,6.67160412624,3.38190489507,-0.248923583987,map_000000195.png
3.89206145305,3.5488036548,0.00573575143889,0.349961483285,-0.00519183500215,-0.00251844059676,6.67160412624,3.38190489507,-0.248923583987,map_000000196.png
3.92844887896,3.54831413347,0.00544530831718,0.349995722982,-0.00172882278058,-0.00156798725948,6.67160412624,3.38190489507,-0.248923583987,map_000000197.png
3.96482148992,3.54806280748,0.00521322720407,0.349999447284,-0.000617927431667,-0.00113352062181,6.67160412624,3.38190489507,-0.248923583987,map_000000198.png
4.00120716862,3.54808214419,0.00505594174785,0.349999519163,-0.000575777168066,-0.00113624427468,6.67160412624,3.38190489507,-0.248923583987,map_000000199.png
4.03759776108,3.54818973686,0.00493313877504,0.349999519163,-0.000575777168066,-0.00113624427468,6.67160412624,3.38190489507,-0.248923583987,map_000000200.png
4.07397145854,3.54831729734,0.00482000701203,0.349999989135,5.03910899169e-05,-0.000789990648627,6.67160412624,3.38190489507,-0.248923583987,map_000000201.png
4.10894546613,3.54846275344,0.00472657080919,0.349999973784,0.000115260310969,-0.000556233804673,6.67160412624,3.38190489507,-0.248923583987,map_000000202.png
4.14533828272,3.54865294084,0.00466235155318,0.349999715391,-0.000440635467019,-6.6782347858e-05,6.67160412624,3.38190489507,-0.248923583987,map_000000203.png
4.18172156333,3.54881171802,0.00462310393218,0.349999761667,-0.000402202600572,-6.9145578891e-05,6.67160412624,3.38190489507,-0.248923583987,map_000000204.png
4.21809483805,3.54892507505,0.00460998340847,0.349999248742,-0.000721674041235,2.48188152909e-05,6.67160412624,3.38190489507,-0.248923583987,map_000000205.png
4.25448788104,3.54905964215,0.00460694030159,0.34999858751,-0.000991803842774,8.14152881503e-05,6.67160412624,3.38190489507,-0.248923583987,map_000000206.png
4.29087140196,3.54915216004,0.00460782873404,0.34999858751,-0.000991803842774,8.14152881503e-05,6.67160412624,3.38190489507,-0.248923583987,map_000000207.png
4.32724482269,3.5492100895,0.00460927114158,0.349997989387,-0.00118421215632,9.88123938441e-05,6.67160412624,3.38190489507,-0.248923583987,map_000000208.png
4.3636380433,3.54927012901,0.00462253694128,0.349995846661,-0.00170360028523,9.52924601734e-05,6.67160412624,3.38190489507,-0.248923583987,map_000000209.png
4.40002166901,3.54928611922,0.00463080990968,0.349995942231,-0.00168385147152,9.29874368012e-05,6.67160412624,3.38190489507,-0.248923583987,map_000000210.png
4.43639515298,3.54926846835,0.00463422066472,0.349995421467,-0.00178882254196,7.07875005901e-05,6.67160412624,3.38190489507,-0.248923583987,map_000000211.png
4.4727884079,3.54927000184,0.00464696415618,0.349995336089,-0.00180544995386,5.60679472983e-05,6.67160412624,3.38190489507,-0.248923583987,map_000000212.png
4.50778198763,3.54924449805,0.00464811432825,0.349995654,-0.0017427319752,2.72043980658e-05,6.67160412624,3.38190489507,-0.248923583987,map_000000213.png
4.54415588645,3.54923531207,0.00465676753285,0.349995654,-0.0017427319752,2.72043980658e-05,6.67160412624,3.38190489507,-0.248923583987,map_000000214.png
4.5805416007,3.54922441229,0.00465958047168,0.349995990079,-0.00167387641439,2.31568701565e-05,6.67160412624,3.38190489507,-0.248923583987,map_000000215.png
4.61693235916,3.54920626528,0.0046552996859,0.349996152121,-0.00163964448369,7.85244628787e-06,6.67160412624,3.38190489507,-0.248923583987,map_000000216.png
4.65330626068,3.54921277519,0.00465981290163,0.349996336919,-0.00159971150727,1.30524858832e-06,6.67160412624,3.38190489507,-0.248923583987,map_000000217.png
4.65330626068,3.54921277519,0.00465981290163,0.34999659361,-0.00154252873006,5.3970143199e-06,6.67160412624,3.38190489507,-0.248923583987,map_000000218.png
4.68969197736,3.54921495865,0.00466011958277,0.349996683154,-0.0015220757807,-6.4903870225e-06,6.67160412624,3.38190489507,-0.248923583987,map_000000219.png
4.72608273688,3.54920791292,0.00465322368098,0.349996683154,-0.0015220757807,-6.4903870225e-06,6.67160412624,3.38190489507,-0.248923583987,map_000000220.png
4.7624566366,3.54922621271,0.00465702269006,0.349996838421,-0.00148594377534,1.52317807078e-06,6.67160412624,3.38190489507,-0.248923583987,map_000000221.png
4.79884235103,3.54923922574,0.00465587569687,0.349996838421,-0.00148594377534,1.52317807078e-06,6.67160412624,3.38190489507,-0.248923583987,map_000000222.png
4.83523310828,3.54924221368,0.0046490903895,0.349996760999,-0.0015040691992,-6.50156289339e-06,6.67160412624,3.38190489507,-0.248923583987,map_000000223.png
4.87160700706,3.54926500508,0.0046516723153,0.34999673396,-0.00151034783778,-7.1101821959e-06,6.67160412624,3.38190489507,-0.248923583987,map_000000224.png
4.90799272324,3.54927937132,0.00465054826372,0.349996681446,-0.00152246861062,-5.45708462596e-06,6.67160412624,3.38190489507,-0.248923583987,map_000000225.png
4.94297463181,3.5492887993,0.00464774675605,0.349996760898,-0.00150409262284,-7.78306275606e-06,6.67160412624,3.38190489507,-0.248923583987,map_000000226.png
4.97935826938,3.5492997535,0.0046455612271,0.349996640158,-0.00153193062963,-4.22028824687e-06,6.67160412624,3.38190489507,-0.248923583987,map_000000227.png
5.01573175154,3.54930250445,0.00463850093129,0.349996640158,-0.00153193062963,-4.22028824687e-06,6.67160412624,3.38190489507,-0.248923583987,map_000000228.png
5.05212500547,3.54932222638,0.00464173050856,0.349996717535,-0.00151414940453,-6.54440373182e-06,6.67160412624,3.38190489507,-0.248923583987,map_000000229.png
5.08850864148,3.54933317847,0.00463945735909,0.349996702974,-0.00151751147756,-5.59026375413e-06,6.67160412624,3.38190489507,-0.248923583987,map_000000230.png
5.12488212319,3.5493344486,0.00463257629062,0.349996570464,-0.00154777170539,-1.07800588012e-06,6.67160412624,3.38190489507,-0.248923583987,map_000000231.png
5.16127537996,3.54935390029,0.00463592102862,0.349996643216,-0.00153123183516,6.92345201969e-06,6.67160412624,3.38190489507,-0.248923583987,map_000000232.png
5.19765901792,3.54936197108,0.00463434556251,0.34999671562,-0.00151459193517,4.60725277662e-06,6.67160412624,3.38190489507,-0.248923583987,map_000000233.png
5.23403250117,3.549361638,0.00462881836401,0.349996544571,-0.00155361575565,-3.62750142813e-07,6.67160412624,3.38190489507,-0.248923583987,map_000000234.png
5.27042575479,3.54938259371,0.00463292251534,0.349996544571,-0.00155361575565,-3.62750142813e-07,6.67160412624,3.38190489507,-0.248923583987,map_000000235.png
5.3068093906,3.5493898665,0.0046313007035,0.349996626433,-0.00153506324565,5.61028718948e-06,6.67160412624,3.38190489507,-0.248923583987,map_000000236.png
5.34318287262,3.54938844167,0.00462551896852,0.349996576118,-0.00154649252518,-5.18374145031e-06,6.67160412624,3.38190489507,-0.248923583987,map_000000237.png
5.37817895025,3.54940803209,0.00463002605678,0.349996582406,-0.00154506882632,-5.20842149854e-06,6.67160412624,3.38190489507,-0.248923583987,map_000000238.png
5.41456970912,3.54940456081,0.00462265134236,0.34999667065,-0.00152494841748,1.1483207345e-06,6.67160412624,3.38190489507,-0.248923583987,map_000000239.png
5.45094360991,3.54942187057,0.00462536798044,0.349996557441,-0.00155071365445,-8.99750739336e-06,6.67160412624,3.38190489507,-0.248923583987,map_000000240.png
5.48732932383,3.54943333385,0.00462493210016,0.349996544232,-0.00155369213926,-3.27937304974e-05,6.67160412624,3.38190489507,-0.248923583987,map_000000241.png
5.52372008376,3.54942917781,0.00461729299925,0.349996544232,-0.00155369213926,-3.27937304974e-05,6.67160412624,3.38190489507,-0.248923583987,map_000000242.png
5.56009398334,3.54944501302,0.00461714179627,0.34999650124,-0.001563346778,-3.44617292285e-05,6.67160412624,3.38190489507,-0.248923583987,map_000000243.png
5.59647969912,3.54945257121,0.00461324575857,0.349996531811,-0.00155648769027,-8.92677344382e-05,6.67160412624,3.38190489507,-0.248923583987,map_000000244.png
5.63287046036,3.54944704319,0.004599797931,0.349996245553,-0.00161957794112,-0.000258527696133,6.67160412624,3.38190489507,-0.248923583987,map_000000245.png
5.6692443598,3.54945962198,0.0045878710631,0.349996187182,-0.00163214316936,-0.000255078542978,6.67160412624,3.38190489507,-0.248923583987,map_000000246.png
5.6692443598,3.54945962198,0.0045878710631,0.34999445592,-0.00196869478991,-0.00140797253698,6.67160412624,3.38190489507,-0.248923583987,map_000000247.png
5.7056300714,3.54945952234,0.00456100848474,0.34999445592,-0.00196869478991,-0.00140797253698,6.67160412624,3.38190489507,-0.248923583987,map_000000248.png
5.74202084412,3.54944306928,0.00452334031269,0.349991807402,-0.00239367605029,-0.00293454807252,6.67160412624,3.38190489507,-0.248923583987,map_000000249.png
5.77699558932,3.54941287303,0.00438808951558,0.349991807402,-0.00239367605029,-0.00293454807252,6.67160412624,3.38190489507,-0.248923583987,map_000000250.png
5.81336893079,3.54931874987,0.00410576163606,0.349991189392,-0.00248239431525,-0.00288132904097,6.67160412624,3.38190489507,-0.248923583987,map_000000251.png
5.84976203187,3.54922056624,0.00381309014071,0.349984498047,-0.00329333570401,-0.00560799520463,6.67160412624,3.38190489507,-0.248923583987,map_000000252.png
5.88614524208,3.54905683738,0.00337741212141,0.359968643467,-0.00475017695528,-0.0105521427467,6.67160412624,3.38190489507,-0.248923583987,map_000000253.png
5.92288705732,3.54878206681,0.0026272287141,0.352131574602,-0.00773627134687,-0.0192453395575,6.67160412624,3.38190489507,-0.248923583987,map_000000254.png
5.96018151412,3.54833046037,0.00140704997867,0.341991286452,-0.0124147964313,-0.0359831862152,6.67160412624,3.38190489507,-0.248923583987,map_000000255.png
5.99678599291,3.54756191807,-0.000565208387547,0.331584563521,-0.0204821691489,-0.0669521763921,6.67160412624,3.38190489507,-0.248923583987,map_000000256.png
6.03233301717,3.54622365867,-0.00424893555743,0.331584563521,-0.0204821691489,-0.0669521763921,6.67160412624,3.38190489507,-0.248923583987,map_000000257.png
6.06695275757,3.5440391466,-0.0106122441557,0.321593430598,-0.0200296190564,-0.0669767782092,6.67160412624,3.38190489507,-0.248923583987,map_000000258.png
6.1007105061,3.54153769838,-0.0174642305379,0.311514787211,-0.0209220398544,-0.0640430003405,6.67160412624,3.38190489507,-0.248923583987,map_000000259.png
6.13356649305,3.53879300595,-0.0241669707977,0.286385784424,-0.0580837365973,-0.221220254898,6.67160412624,3.38190489507,-0.248923583987,map_000000260.png
6.16493241727,3.53451529262,-0.0362825149337,0.260338208065,-0.108950595522,-0.40435898304,6.67160412624,3.38190489507,-0.248923583987,map_000000261.png
6.19281761962,3.52680895841,-0.060921205884,0.250473368766,-0.106606656371,-0.404495984316,6.67160412624,3.38190489507,-0.248923583987,map_000000262.png
6.21888478047,3.51373038854,-0.102274820854,0.197109605707,-0.172931661985,-0.69670009613,6.67160412624,3.38190489507,-0.248923583987,map_000000263.png
6.24347955075,3.49994267147,-0.143637196179,0.197109605707,-0.172931661985,-0.69670009613,6.67160412624,3.38190489507,-0.248923583987,map_000000264.png
6.26193257365,3.48047849535,-0.209143624502,0.165677827895,-0.176691125697,-0.76585572958,6.67160412624,3.38190489507,-0.248923583987,map_000000265.png
6.27551142108,3.45908106542,-0.285014201573,0.158300562456,-0.169898476959,-0.704069375992,6.67160412624,3.38190489507,-0.248923583987,map_000000266.png
6.28602390882,3.43731893293,-0.360423319777,0.167674843211,-0.14582652323,-0.591560065746,6.67160412624,3.38190489507,-0.248923583987,map_000000267.png
6.29527887925,3.41588245531,-0.428882357747,0.179483329056,-0.113232618206,-0.47795316577,6.67160412624,3.38190489507,-0.248923583987,map_000000268.png
6.30475470063,3.39537252401,-0.4880404864,0.201254007243,-0.0197074224693,0.0343057364225,6.67160412624,3.38190489507,-0.248923583987,map_000000269.png
6.31550671401,3.376382173,-0.536915296225,0.201254007243,-0.0197074224693,0.0343057364225,6.67160412624,3.38190489507,-0.248923583987,map_000000270.png
6.32528814265,3.35689490713,-0.585795265732,0.168884117803,0.0684181632361,0.22578522563,6.67160412624,3.38190489507,-0.248923583987,map_000000271.png
6.34298417507,3.35063335222,-0.56923550118,0.120834376674,0.122709451136,0.520021259785,6.67160412624,3.38190489507,-0.248923583987,map_000000272.png
6.36062349829,3.35169115493,-0.527629178233,0.0676647390628,0.147430337482,0.593512773514,6.67160412624,3.38190489507,-0.248923583987,map_000000273.png
6.37531244017,3.3582325394,-0.47330960645,0.0472129859278,0.144709440408,0.568869173527,6.67160412624,3.38190489507,-0.248923583987,map_000000274.png
6.38744968251,3.36867558279,-0.413298954465,0.0321528703187,0.138534283248,0.657336831093,6.67160412624,3.38190489507,-0.248923583987,map_000000275.png
6.38744968251,3.36867558279,-0.413298954465,0.0321528703187,0.138534283248,0.657336831093,6.67160412624,3.38190489507,-0.248923583987,map_000000276.png
6.3973066692,3.38026098485,-0.354420799469,0.0820476139186,0.107246711415,0.486248701811,6.67160412624,3.38190489507,-0.248923583987,map_000000277.png
6.40483232281,3.39223267253,-0.287204772046,0.0820476139186,0.107246711415,0.486248701811,6.67160412624,3.38190489507,-0.248923583987,map_000000278.png
6.41551540789,3.40068496362,-0.236127215697,0.108801788021,0.0829348850506,0.398091495037,6.67160412624,3.38190489507,-0.248923583987,map_000000279.png
6.42774399205,3.40711466276,-0.192996010855,0.113661311469,0.0562227511627,0.367280840874,6.67160412624,3.38190489507,-0.248923583987,map_000000280.png
6.44032891658,3.41166662559,-0.154097862065,0.116004528292,0.0323919755899,0.290784776211,6.67160412624,3.38190489507,-0.248923583987,map_000000281.png
6.45276425185,3.4145487928,-0.119553066851,0.122393989408,-0.00115142628498,0.167908653617,6.67160412624,3.38190489507,-0.248923583987,map_000000282.png
6.46513193675,3.41568669973,-0.0922344387833,0.122391862947,-0.00135878995547,0.167962387204,6.67160412624,3.38190489507,-0.248923583987,map_000000283.png
6.4778031084,3.41433482569,-0.0750628866979,0.111097161412,-0.0170601018592,0.109480120242,6.67160412624,3.38190489507,-0.248923583987,map_000000284.png
6.49046123374,3.41317975971,-0.0578880211286,0.111097161412,-0.0170601018592,0.109480120242,6.67160412624,3.38190489507,-0.248923583987,map_000000285.png
6.50206004978,3.41087632192,-0.046002479065,0.100787483131,-0.0180975718913,0.109514333308,6.67160412624,3.38190489507,-0.248923583987,map_000000286.png
6.51232929239,3.40857887377,-0.0352316791527,0.100291228717,-0.0180622766466,0.083791218698,6.67160412624,3.38190489507,-0.248923583987,map_000000287.png
6.5227146893,3.40629092152,-0.0254495076323,0.0911402912367,-0.0118291725612,0.0408337898552,6.67160412624,3.38190489507,-0.248923583987,map_000000288.png
6.53277151847,3.40435180168,-0.018401888098,0.0814403139855,-0.00870991064336,0.0261718276888,6.67160412624,3.38190489507,-0.248923583987,map_000000289.png
6.54204079389,3.402985461,-0.0145189661353,0.0780292774738,-0.00580566236978,0.0156068028882,6.67160412624,3.38190489507,-0.248923583987,map_000000290.png
6.55048542499,3.40195136224,-0.0118387669647,0.0781578387006,-0.00369135588636,0.00978530012071,6.67160412624,3.38190489507,-0.248923583987,map_000000291.png
6.55859175432,3.4012448838,-0.010242105107,0.0781578387006,-0.00369135588636,0.00978530012071,6.67160412624,3.38190489507,-0.248923583987,map_000000292.png
6.56671691186,3.40072695594,-0.0091552762836,0.078216152784,-0.00212304081428,0.00576688023284,6.67160412624,3.38190489507,-0.248923583987,map_000000293.png
6.57483382774,3.4003871673,-0.00843539286141,0.0782442999858,-0.000321525064115,0.00174124306068,6.67160412624,3.38190489507,-0.248923583987,map_000000294.png
6.58296674213,3.4001916572,-0.00805074093533,0.0782442946899,-0.000322811268152,0.00173950009048,6.67160412624,3.38190489507,-0.248923583987,map_000000295.png
6.59110721859,3.40008051244,-0.00787828488098,0.0682432806869,0.000479376357146,-0.353766322136,6.67160412624,3.38190489507,-0.248923583987,map_000000296.png
6.59908411844,3.40004450113,-0.0132951053904,0.058240506284,0.00072047549781,-0.354463547468,6.67160412624,3.38190489507,-0.248923583987,map_000000297.png
6.6059019205,3.4002337636,-0.0480759722553,0.058240506284,0.00072047549781,-0.354463547468,6.67160412624,3.38190489507,-0.248923583987,map_000000298.png
6.61201261637,3.400255141,-0.0843232202453,0.0499890859002,0.00104473337009,-0.346837967634,6.67160412624,3.38190489507,-0.248923583987,map_000000299.png
6.61739085689,3.40015729251,-0.119942215044,0.0499466566583,0.00230903997537,-0.294784456491,6.67160412624,3.38190489507,-0.248923583987,map_000000300.png
6.62260551972,3.39994633301,-0.152136542428,0.0498409825582,0.00398454948359,-0.240514010191,6.67160412624,3.38190489507,-0.248923583987,map_000000301.png
6.62781814231,3.39966103792,-0.179934767079,0.0496541619673,0.00587063678659,-0.187167838216,6.67160412624,3.38190489507,-0.248923583987,map_000000302.png
6.62781814231,3.39966103792,-0.179934767079,0.0493868302263,0.00780648302069,-0.13894084096,6.67160412624,3.38190489507,-0.248923583987,map_000000303.png
6.6330311481,3.39935185338,-0.203062066926,0.0493868302263,0.00780648302069,-0.13894084096,6.67160412624,3.38190489507,-0.248923583987,map_000000304.png
6.63824530586,3.39905878854,-0.221633519636,0.0486982789521,0.0113348049854,-0.0626354366541,6.67160412624,3.38190489507,-0.248923583987,map_000000305.png
6.64346080708,3.39881936224,-0.235842164286,0.0486982789521,0.0113348049854,-0.0626354366541,6.67160412624,3.38190489507,-0.248923583987,map_000000306.png
6.64867331278,3.39881282916,-0.242547695784,0.0483478797121,0.0127468703724,-0.0348011888564,6.67160412624,3.38190489507,-0.248923583987,map_000000307.png
6.65388078232,3.39888458712,-0.246763624925,0.0480458346833,0.0138418910027,-0.0135018657893,6.67160412624,3.38190489507,-0.248923583987,map_000000308.png
6.65908247887,3.39902800531,-0.248982253407,0.0479620585932,0.0141294413355,-0.00345010962337,6.67160412624,3.38190489507,-0.248923583987,map_000000309.png
6.66427963029,3.39921196818,-0.24988860484,0.0,0.0,0.0,6.67160412624,3.38190489507,-0.248923583987,map_000000310.png
