-2.41215339107,1.49494321882,2.91227857716,0.0,0.0,0.0,-4.50594095719,5.21010137707,1.80630535102,map_000000001.png
-2.41216332073,1.49495310155,2.9122751277,0.0,0.0,0.0,-4.50594095719,5.21010137707,1.80630535102,map_000000002.png
-2.41215341633,1.49494322995,2.91227856795,0.0,0.0,0.0,-4.50594095719,5.21010137707,1.80630535102,map_000000003.png
-2.41216333545,1.49495310625,2.91227503581,0.0,0.0,0.0,-4.50594095719,5.21010137707,1.80630535102,map_000000004.png
-2.41215343094,1.49494323472,2.91227851869,0.0371136962925,0.0593512729908,1.0,-4.50594095719,5.21010137707,1.80630535102,map_000000005.png
-2.41348289074,1.49377621806,2.93982651773,0.0436242353437,0.0670591226382,1.0,-4.50594095719,5.21010137707,1.80630535102,map_000000006.png
-2.41797337915,1.48937967495,3.03815662483,0.0524394967332,0.0731443672552,1.0,-4.50594095719,5.21010137707,1.80630535102,map_000000007.png
-2.42282383305,1.48366545215,3.14041792656,0.0524394967332,0.0731443672552,1.0,-4.50594095719,5.21010137707,1.80630535102,map_000000008.png
-2.42769602665,1.47711326731,-3.04443048976,0.0680924516602,0.0732353526111,1.0,-4.50594095719,5.21010137707,1.80630535102,map_000000009.png
-2.43301128414,1.46986476443,-2.9460843464,0.0754928545888,0.0800051684445,1.0,-4.50594095719,5.21010137707,1.80630535102,map_000000010.png
-2.4383308873,1.46163903888,-2.84774870662,0.111647020492,0.0665953605473,0.812093317509,-4.50594095719,5.21010137707,1.80630535102,map_000000011.png
-2.4444786041,1.45202369068,-2.75139415322,0.135579601203,0.0349023204103,0.5173381567,-4.50594095719,5.21010137707,1.80630535102,map_000000012.png
-2.45246404709,1.4421516793,-2.67385705019,0.148235610036,-0.0229391545456,-0.0110383564606,-4.50594095719,5.21010137707,1.80630535102,map_000000013.png
-2.4629915245,1.43311376764,-2.62299105257,0.148235610036,-0.0229391545456,-0.0110383564606,-4.50594095719,5.21010137707,1.80630535102,map_000000014.png
-2.47651963844,1.42720387858,-2.61784214648,0.15828072663,-0.0233926196897,-0.01104527805,-4.50594095719,5.21010137707,1.80630535102,map_000000015.png
-2.49169816081,1.42122717446,-2.61897121394,0.156683357143,-0.0659570353912,-0.203656852245,-4.50594095719,5.21010137707,1.80630535102,map_000000016.png
-2.50747527878,1.41713153867,-2.62915048751,0.161864843146,-0.099497657622,-0.460470527411,-4.50594095719,5.21010137707,1.80630535102,map_000000017.png
-2.52483555188,1.41589504579,-2.65624571512,0.171327194512,-0.103184332278,-0.460627228022,-4.50594095719,5.21010137707,1.80630535102,map_000000018.png
-2.54359634551,1.41715948044,-2.70152219271,0.1811012236,-0.106312572944,-0.445515036583,-4.50594095719,5.21010137707,1.80630535102,map_000000019.png
-2.56326342807,1.41923858812,-2.74682067845,0.1811012236,-0.106312572944,-0.445515036583,-4.50594095719,5.21010137707,1.80630535102,map_000000020.png
-2.58449840647,1.42227837217,-2.79261749957,0.195767264253,-0.100375278884,-0.405023753643,-4.50594095719,5.21010137707,1.80630535102,map_000000021.png
-2.60569940266,1.42545557383,-2.83387388172,0.213853259367,-0.0846569974455,-0.33724707365,-4.50594095719,5.21010137707,1.80630535102,map_000000022.png
-2.62779607885,1.42827504935,-2.87077170288,0.241271884861,-0.0654821149487,-0.366637408733,-4.50594095719,5.21010137707,1.80630535102,map_000000023.png
-2.65097693656,1.43026573946,-2.90451558665,0.250951304729,-0.0679960982829,-0.366762518883,-4.50594095719,5.21010137707,1.80630535102,map_000000024.png
-2.67693291314,1.43109947745,-2.94200280358,0.266001980872,-0.0462921781568,-0.311046600342,-4.50594095719,5.21010137707,1.80630535102,map_000000025.png
-2.70277862981,1.43290342319,-2.97807032332,0.266001980872,-0.0462921781568,-0.311046600342,-4.50594095719,5.21010137707,1.80630535102,map_000000026.png
-2.72948869007,1.43374390485,-3.00975443734,0.277804072023,-0.0349987628131,-0.254922270775,-4.50594095719,5.21010137707,1.80630535102,map_000000027.png
-2.75707550693,1.43413629839,-3.03680559586,0.298487352632,-0.030088268394,-0.23854881525,-4.50594095719,5.21010137707,1.80630535102,map_000000028.png
-2.75707550693,1.43413629839,-3.03680559586,0.309349376072,-0.0200740143213,-0.191104874015,-4.50594095719,5.21010137707,1.80630535102,map_000000029.png
-2.81735173179,1.43497628407,-3.08424931924,0.319723255573,-0.0133055349102,-0.152128368616,-4.50594095719,5.21010137707,1.80630535102,map_000000030.png
-2.81735173179,1.43497628407,-3.08424931924,0.329325229472,-0.0210922134272,-0.174622803926,-4.50594095719,5.21010137707,1.80630535102,map_000000031.png
-2.84837620907,1.43528798351,-3.10289189463,0.329325229472,-0.0210922134272,-0.174622803926,-4.50594095719,5.21010137707,1.80630535102,map_000000032.png
-2.88034777964,1.43547779985,-3.11785643084,0.329325229472,-0.0210922134272,-0.174622803926,-4.50594095719,5.21010137707,1.80630535102,map_000000033.png
-2.91446731313,1.43684440116,-3.13535712006,0.329173931004,-0.0786753382515,-0.346972227097,-4.50594095719,5.21010137707,1.80630535102,map_000000034.png
-2.94802103177,1.4389167175,3.13065510541,0.329173931004,-0.0786753382515,-0.346972227097,-4.50594095719,5.21010137707,1.80630535102,map_000000035.png
-2.98137667281,1.44407105464,3.10602023055,0.326434507772,-0.0838306546974,-0.321440547705,-4.50594095719,5.21010137707,1.80630535102,map_000000036.png
-3.01377271744,1.45341957174,3.07250947842,0.326434507772,-0.0838306546974,-0.321440547705,-4.50594095719,5.21010137707,1.80630535102,map_000000037.png
-3.04687881869,1.46465200043,3.03964722955,0.306950444215,-0.118209889904,-0.445266544819,-4.50594095719,5.21010137707,1.80630535102,map_000000038.png
-3.07834170352,1.47649229261,3.00803551276,0.306950444215,-0.118209889904,-0.445266544819,-4.50594095719,5.21010137707,1.80630535102,map_000000039.png
-3.10731301317,1.4919361906,2.96620253908,0.264892946912,-0.172377151424,-0.642563641071,-4.50594095719,5.21010137707,1.80630535102,map_000000040.png
-3.13341137694,1.51050502731,2.91397825214,0.264892946912,-0.172377151424,-0.642563641071,-4.50594095719,5.21010137707,1.80630535102,map_000000041.png
-3.15708885815,1.53309668198,2.85145409859,0.256731264362,-0.180176982532,-0.679340183735,-4.50594095719,5.21010137707,1.80630535102,map_000000042.png
-3.17677908502,1.55728379821,2.7875525382,0.275525789436,-0.162327667014,-0.585782647133,-4.50594095719,5.21010137707,1.80630535102,map_000000043.png
-3.19400267887,1.58302970463,2.72075141033,0.296552953781,-0.135553641106,-0.490127712488,-4.50594095719,5.21010137707,1.80630535102,map_000000044.png
-3.21203045824,1.60910298569,2.6631468071,0.296552953781,-0.135553641106,-0.490127712488,-4.50594095719,5.21010137707,1.80630535102,map_000000045.png
-3.2310657045,1.63511645203,2.6130710035,0.295332615186,-0.13129435561,-0.534196376801,-4.50594095719,5.21010137707,1.80630535102,map_000000046.png
-3.25023181158,1.66263914039,2.56033979398,0.305850455735,-0.108654358377,-0.513377785683,-4.50594095719,5.21010137707,1.80630535102,map_000000047.png
-3.26817063255,1.68933815316,2.50863498468,0.305867634031,-0.108605991178,-0.513550877571,-4.50594095719,5.21010137707,1.80630535102,map_000000048.png
-3.28602786501,1.71622043239,2.45814983657,0.308119613331,-0.0993382044717,-0.526549696922,-4.50594095719,5.21010137707,1.80630535102,map_000000049.png
-3.30252747048,1.74398654066,2.40765016417,0.308119613331,-0.0993382044717,-0.526549696922,-4.50594095719,5.21010137707,1.80630535102,map_000000050.png
-3.31864333439,1.77339924943,2.35435880948,0.308182142337,-0.0991440473829,-0.526727020741,-4.50594095719,5.21010137707,1.80630535102,map_000000051.png
-3.33299485945,1.80224089336,2.30256268617,0.320974621526,-0.0777138769012,-0.42761656642,-4.50594095719,5.21010137707,1.80630535102,map_000000052.png
-3.34724146777,1.83155694804,2.25623499459,0.321029397625,-0.0774872904913,-0.427760750055,-4.50594095719,5.21010137707,1.80630535102,map_000000053.png
-3.36124488148,1.86135683032,2.21417022628,0.320228173251,-0.0801205281836,-0.430189222097,-4.50594095719,5.21010137707,1.80630535102,map_000000054.png
-3.37445748635,1.89291200967,2.1703940464,0.320277136389,-0.0799245762371,-0.430334150791,-4.50594095719,5.21010137707,1.80630535102,map_000000055.png
-3.38562912952,1.92387251392,2.12809312247,0.324185397098,-0.077613184694,-0.381033688784,-4.50594095719,5.21010137707,1.80630535102,map_000000056.png
-3.39546411079,1.95527091901,2.08578716546,0.324185397098,-0.077613184694,-0.381033688784,-4.50594095719,5.21010137707,1.80630535102,map_000000057.png
-3.4042821413,1.98722118042,2.04696713428,0.301813546884,-0.116024282846,-0.542891323566,-4.50594095719,5.21010137707,1.80630535102,map_000000058.png
-3.40978338437,2.02062833458,1.99908656698,0.287656275269,-0.13583277878,-0.613967418671,-4.50594095719,5.21010137707,1.80630535102,map_000000059.png
-3.41055285561,2.05251788232,1.94318015163,0.29175119941,-0.136082233085,-0.555943369865,-4.50594095719,5.21010137707,1.80630535102,map_000000060.png
-3.40801633214,2.08401647234,1.88349796249,0.287716621521,-0.143339782904,-0.563487768173,-4.50594095719,5.21010137707,1.80630535102,map_000000061.png
-3.4036986753,2.11567291127,1.8288258025,0.287716621521,-0.143339782904,-0.563487768173,-4.50594095719,5.21010137707,1.80630535102,map_000000062.png
-3.39662207734,2.14809596725,1.7712567513,0.308646741971,-0.115263237022,-0.441353946924,-4.50594095719,5.21010137707,1.80630535102,map_000000063.png
-3.39041175837,2.1800571805,1.72498129564,0.320895824485,-0.0929537659111,-0.370936155319,-4.50594095719,5.21010137707,1.80630535102,map_000000064.png
-3.38471779571,2.21259824588,1.68517660087,0.334202205694,-0.0611030141666,-0.284707218409,-4.50594095719,5.21010137707,1.80630535102,map_000000065.png
-3.37996930589,2.24574261954,1.65141924879,0.342112115321,-0.0348604512458,-0.221555218101,-4.50594095719,5.21010137707,1.80630535102,map_000000066.png
-3.37653804949,2.28089481051,1.623049162,0.34741832952,-0.0105093671251,-0.165222615004,-4.50594095719,5.21010137707,1.80630535102,map_000000067.png
-3.37468243384,2.31518991725,1.60125705066,0.34741832952,-0.0105093671251,-0.165222615004,-4.50594095719,5.21010137707,1.80630535102,map_000000068.png
-3.37438014563,2.34990633499,1.5845730854,0.348868628724,0.0281189406924,-0.0738799497485,-4.50594095719,5.21010137707,1.80630535102,map_000000069.png
-3.37647810366,2.38471722168,1.57478565628,0.347720523689,0.0398802249123,-0.0421417430043,-4.50594095719,5.21010137707,1.80630535102,map_000000070.png
-3.37994804976,2.4195433938,1.56902002311,0.346835314411,0.0469601917732,-0.0171306934208,-4.50594095719,5.21010137707,1.80630535102,map_000000071.png
-3.38421889029,2.45568005976,1.56549332485,0.346869569058,0.046706498425,-0.00293962052092,-4.50594095719,5.21010137707,1.80630535102,map_000000072.png
-3.38870419689,2.490368272,1.56391175287,0.34819648612,0.0354852361866,0.0106200138107,-4.50594095719,5.21010137707,1.80630535102,map_000000073.png
-3.39314200585,2.52508306313,1.56362356181,0.34819648612,0.0354852361866,0.0106200138107,-4.50594095719,5.21010137707,1.80630535102,map_000000074.png
-3.39657812869,2.55989831496,1.56450705226,0.348920251981,0.0274709426741,0.0129950670525,-4.50594095719,5.21010137707,1.80630535102,map_000000075.png
-3.39949322713,2.59615417912,1.56574728858,0.349485393673,0.0189724680291,0.0133718317375,-4.50594095719,5.21010137707,1.80630535102,map_000000076.png
-3.4016742633,2.63108043145,1.56704805812,0.349795384048,0.0119659614168,0.0120421601459,-4.50594095719,5.21010137707,1.80630535102,map_000000077.png
-3.40325354873,2.66603070822,1.56832644728,0.349952077452,0.00579123652933,0.0101849716157,-4.50594095719,5.21010137707,1.80630535102,map_000000078.png
-3.40432238225,2.70100063062,1.56949607592,0.349990394114,-0.00259209601694,0.00655261659995,-4.50594095719,5.21010137707,1.80630535102,map_000000079.png
-3.40488528231,2.73738281159,1.57053770509,0.349990394114,-0.00259209601694,0.00655261659995,-4.50594095719,5.21010137707,1.80630535102,map_000000080.png
-3.40469145604,2.77236924108,1.57121154818,0.349962613637,-0.00511507480692,0.00518896430731,-4.50594095719,5.21010137707,1.80630535102,map_000000081.png
-3.40427781478,2.80734942797,1.5717637459,0.349936244249,-0.00667981247841,0.00362739968114,-4.50594095719,5.21010137707,1.80630535102,map_000000082.png
-3.40371923987,2.84232042517,1.57219529503,0.349941230542,-0.00641327532863,0.00339233037084,-4.50594095719,5.21010137707,1.80630535102,map_000000083.png
-3.40309716946,2.87870914926,1.57256378106,0.349957217467,-0.00547182571883,0.00402468722314,-4.50594095719,5.21010137707,1.80630535102,map_000000084.png
-3.4025179653,2.91367987584,1.57289741184,0.349990506219,-0.00257691488712,0.00550850201398,-4.50594095719,5.21010137707,1.80630535102,map_000000085.png
-3.4020592596,2.94867378407,1.57329897002,0.349990506219,-0.00257691488712,0.00550850201398,-4.50594095719,5.21010137707,1.80630535102,map_000000086.png
-3.40185597545,2.98365587575,1.57382218545,0.349999974784,-0.000112181140929,0.00990550220013,-4.50594095719,5.21010137707,1.80630535102,map_000000087.png
-3.40187262635,3.02004244545,1.57468048468,0.349998253604,0.00110336209767,0.00930561497808,-4.50594095719,5.21010137707,1.80630535102,map_000000088.png
-3.40206056467,3.05502453122,1.57562513355,0.349973918747,0.00427213415287,0.0174703542143,-4.50594095719,5.21010137707,1.80630535102,map_000000089.png
-3.40242409436,3.08999757199,1.57676013291,0.349995085713,-0.00185335108728,-0.0102328201756,-4.50594095719,5.21010137707,1.80630535102,map_000000090.png
-3.40306041241,3.12498849231,1.578374824,0.349984907572,-0.00324952386826,-0.0119395852089,-4.50594095719,5.21010137707,1.80630535102,map_000000091.png
-3.40313323443,3.1613720519,1.57732751092,0.349984907572,-0.00324952386826,-0.0119395852089,-4.50594095719,5.21010137707,1.80630535102,map_000000092.png
-3.40304563144,3.19635833109,1.57617361414,0.349884046547,-0.00900826872614,-0.0280090626329,-4.50594095719,5.21010137707,1.80630535102,map_000000093.png
-3.4024971494,3.23132921539,1.57391770864,0.349918165571,-0.00756784890955,-0.0175889469683,-4.50594095719,5.21010137707,1.80630535102,map_000000094.png
-3.401758344,3.2663166258,1.5716151377,0.349918920169,-0.00753287734918,-0.0158648118377,-4.50594095719,5.21010137707,1.80630535102,map_000000095.png
-3.40100853588,3.30128450719,1.56991734299,0.349992770855,-0.00224839562811,-0.00166217703372,-4.50594095719,5.21010137707,1.80630535102,map_000000096.png
-3.40022206091,3.33766096155,1.56840242822,0.349999992712,-5.91896086984e-06,0.00227160821669,-4.50594095719,5.21010137707,1.80630535102,map_000000097.png
-3.39992228067,3.37265532372,1.56823966985,0.349999992712,-5.91896086984e-06,0.00227160821669,-4.50594095719,5.21010137707,1.80630535102,map_000000098.png
-3.39978663262,3.40762952792,1.56839345993,0.349994287783,0.00199836253147,0.00454389490187,-4.50594095719,5.21010137707,1.80630535102,map_000000099.png
-3.39984181726,3.44262295309,1.56876149122,0.349989004332,0.00277340587024,0.00553167611361,-4.50594095719,5.21010137707,1.80630535102,map_000000100.png
-3.40001613189,3.47900566422,1.56926966981,0.349986690917,0.00305141191301,0.00569735001773,-4.50594095719,5.21010137707,1.80630535102,map_000000101.png
-3.4002405132,3.51397895373,1.56980975202,0.349992359927,0.00231147712788,0.0045939963311,-4.50594095719,5.21010137707,1.80630535102,map_000000102.png
-3.40052197649,3.54897135917,1.57036737552,0.349995903306,0.00169192267181,0.0038995379582,-4.50594095719,5.21010137707,1.80630535102,map_000000103.png
-3.40073127284,3.58394479504,1.57081092479,0.349995903306,0.00169192267181,0.0038995379582,-4.50594095719,5.21010137707,1.80630535102,map_000000104.png
-3.40092101846,3.62032750536,1.57121850714,0.34999877642,0.000922733913462,0.00306355813518,-4.50594095719,5.21010137707,1.80630535102,map_000000105.png
-3.40106827036,3.65532082264,1.571550762,0.349999806444,0.000361140458491,0.00250766659155,-4.50594095719,5.21010137707,1.80630535102,map_000000106.png
-3.40115441833,3.69029487872,1.57181985701,0.349999977887,-0.000102043861175,0.00219311565161,-4.50594095719,5.21010137707,1.80630535102,map_000000107.png
-3.40122692862,3.7252884822,1.57206131513,0.34999984587,-0.000320663170809,0.00264111859724,-4.50594095719,5.21010137707,1.80630535102,map_000000108.png
-3.40126307331,3.76167177143,1.57228441534,0.34999955181,-0.000555577324359,0.00223751203157,-4.50594095719,5.21010137707,1.80630535102,map_000000109.png
-3.40127494263,3.79664597798,1.57253632461,0.34999955181,-0.000555577324359,0.00223751203157,-4.50594095719,5.21010137707,1.80630535102,map_000000110.png
-3.40129565178,3.83163964841,1.57276473925,0.349999982987,-8.27198068063e-05,0.0043923901394,-4.50594095719,5.21010137707,1.80630535102,map_000000111.png
-3.40133094463,3.86661380025,1.57311233733,0.349996035111,0.0016644338199,0.00936409644783,-4.50594095719,5.21010137707,1.80630535102,map_000000112.png
-3.40148650961,3.90299650324,1.5737734512,0.349812858837,0.0114437199356,0.0416924543679,-4.50594095719,5.21010137707,1.80630535102,map_000000113.png
-3.4019939162,3.93797428853,1.57545499261,0.349282018222,0.0224068444924,0.080513343215,-4.50594095719,5.21010137707,1.80630535102,map_000000114.png
-3.40337298275,3.97293067576,1.57970758987,0.349279951848,0.0224390323091,0.0805393233895,-4.50594095719,5.21010137707,1.80630535102,map_000000115.png
-3.40598073714,4.00781613933,1.58762490749,0.349279951848,0.0224390323091,0.0805393233895,-4.50594095719,5.21010137707,1.80630535102,map_000000116.png
-3.40899757613,4.04408276313,1.59586550246,0.349126868369,0.0247067747111,0.0780430063605,-4.50594095719,5.21010137707,1.80630535102,map_000000117.png
-3.41231627986,4.07890716999,1.6036282236,0.346641495446,0.0432305595813,0.143812417984,-4.50594095719,5.21010137707,1.80630535102,map_000000118.png
-3.41678723595,4.11355388221,1.61414822065,0.333606483794,0.0772550308859,0.249196976423,-4.50594095719,5.21010137707,1.80630535102,map_000000119.png
-3.42335480351,4.14765362677,1.63036261832,0.256161095065,0.21188305265,0.802662730217,-4.50594095719,5.21010137707,1.80630535102,map_000000120.png
-3.4341067398,4.18132881933,1.6580277418,0.247030992283,0.207219534941,0.802929341793,-4.50594095719,5.21010137707,1.80630535102,map_000000121.png
-3.45755320808,4.20418806438,1.73695056234,0.247030992283,0.207219534941,0.802929341793,-4.50594095719,5.21010137707,1.80630535102,map_000000122.png
-3.48219163653,4.22445172467,1.81589848652,0.189898319848,0.24810115487,0.894918143749,-4.50594095719,5.21010137707,1.80630535102,map_000000123.png
-3.50956080696,4.23855671018,1.9002867123,0.208891145578,0.226261792627,0.777088880539,-4.50594095719,5.21010137707,1.80630535102,map_000000124.png
-3.53827466889,4.24858924309,1.98364336862,0.263549736943,0.177849193683,0.607928037643,-4.50594095719,5.21010137707,1.80630535102,map_000000125.png
-3.56782652021,4.2599046937,2.0591221857,0.264193569466,0.178849703598,0.608129322529,-4.50594095719,5.21010137707,1.80630535102,map_000000126.png
-3.5958120488,4.27429531754,2.11890790279,0.298998539381,0.132953152266,0.483295559883,-4.50594095719,5.21010137707,1.80630535102,map_000000127.png
-3.62472485521,4.28699317772,2.17871151622,0.298998539381,0.132953152266,0.483295559883,-4.50594095719,5.21010137707,1.80630535102,map_000000128.png
-3.65307804596,4.30240899562,2.22869275947,0.31890603866,0.0928141691683,0.408439457417,-4.50594095719,5.21010137707,1.80630535102,map_000000129.png
-3.68186474197,4.32076863415,2.27340476982,0.346840393524,-0.0212948941694,0.174172222614,-4.50594095719,5.21010137707,1.80630535102,map_000000130.png
-3.70697247177,4.34269130666,2.30434680612,0.34627068184,-0.0509569409558,0.117607273161,-4.50594095719,5.21010137707,1.80630535102,map_000000131.png
-3.72825895005,4.37018263062,2.32036154513,0.346112054735,-0.0520234610602,0.117644794285,-4.50594095719,5.21010137707,1.80630535102,map_000000132.png
-3.74820229921,4.39896521513,2.33192854241,0.346112054735,-0.0520234610602,0.117644794285,-4.50594095719,5.21010137707,1.80630535102,map_000000133.png
-3.76923567068,4.42867737501,2.343959628,0.343164225652,-0.0688353772858,0.0712692514062,-4.50594095719,5.21010137707,1.80630535102,map_000000134.png
-3.76923567068,4.42867737501,2.343959628,0.345870204872,-0.05360780088,0.0527906119823,-4.50594095719,5.21010137707,1.80630535102,map_000000135.png
-3.78861835312,4.4578153998,2.35188109995,0.347735683668,-0.0397478205392,0.00844733789563,-4.50594095719,5.21010137707,1.80630535102,map_000000136.png
-3.8297843025,4.51437633213,2.36149793502,0.347673691174,-0.040286466695,0.00844843126833,-4.50594095719,5.21010137707,1.80630535102,map_000000137.png
-3.85257550397,4.54274258138,2.36236169774,0.349289984126,-0.0222823230995,-0.00444150483236,-4.50594095719,5.21010137707,1.80630535102,map_000000138.png
-3.85257550397,4.54274258138,2.36236169774,0.349289984126,-0.0222823230995,-0.00444150483236,-4.50594095719,5.21010137707,1.80630535102,map_000000139.png
-3.87447393152,4.57002434981,2.36319228681,0.349272710816,-0.0225514614355,-0.00444470858201,-4.50594095719,5.21010137707,1.80630535102,map_000000140.png
-3.89638697575,4.59727994249,2.36402295912,0.349272710816,-0.0225514614355,-0.00444470858201,-4.50594095719,5.21010137707,1.80630535102,map_000000141.png
-3.9195360688,4.62352638897,2.36373795991,0.349980698295,0.00367501760676,-0.00659550214186,-4.50594095719,5.21010137707,1.80630535102,map_000000142.png
-3.94473528395,4.65050878881,2.36318731256,0.349980698295,0.00367501760676,-0.00659550214186,-4.50594095719,5.21010137707,1.80630535102,map_000000143.png
-3.96983408738,4.67580769097,2.36256425217,0.331596229103,0.00717029850489,-0.00462783919647,-4.50594095719,5.21010137707,1.80630535102,map_000000144.png
-3.99488781149,4.7000313951,2.3619156407,0.331596229103,0.00717029850489,-0.00462783919647,-4.50594095719,5.21010137707,1.80630535102,map_000000145.png
-4.01942872656,4.72376342504,2.36126681799,0.331596229103,0.00717029850489,-0.00462783919647,-4.50594095719,5.21010137707,1.80630535102,map_000000146.png
-4.04449694454,4.7475728197,2.36077804101,0.321610750627,0.00636582179552,-0.00365818059072,-4.50594095719,5.21010137707,1.80630535102,map_000000147.png
-4.06795257261,4.76989491228,2.36039546131,0.301619543863,0.00571944600139,-0.0025803046301,-4.50594095719,5.21010137707,1.80630535102,map_000000148.png
-4.09041779494,4.79132980249,2.36009510353,0.291661079598,0.00272119943331,-0.00122005306184,-4.50594095719,5.21010137707,1.80630535102,map_000000149.png
-4.11188892155,4.81198266689,2.35988951684,0.28165989009,0.00279802693107,-0.0012221718207,-4.50594095719,5.21010137707,1.80630535102,map_000000150.png
-4.13267661948,4.83223339798,2.35976960565,0.271669670749,0.00149697420765,-0.000773754436523,-4.50594095719,5.21010137707,1.80630535102,map_000000151.png
-4.15366907116,4.85266725728,2.35964461139,0.271669670749,0.00149697420765,-0.000773754436523,-4.50594095719,5.21010137707,1.80630535102,map_000000152.png
-4.173832392,4.87229834221,2.35952442615,0.261673663378,-0.000276610107317,-0.000259223394096,-4.50594095719,5.21010137707,1.80630535102,map_000000153.png
-4.19261318173,4.89092658049,2.35948502644,0.241667739195,-0.00171286157634,0.000118967145681,-4.50594095719,5.21010137707,1.80630535102,map_000000154.png
-4.21035747112,4.90869885252,2.35947884056,0.231665904258,-0.00191365583321,0.000176397152245,-4.50594095719,5.21010137707,1.80630535102,map_000000155.png
-4.22779601971,4.92628439409,2.35949305257,0.221665928344,-0.00186878529833,0.000191178638488,-4.50594095719,5.21010137707,1.80630535102,map_000000156.png
-4.2440029075,4.94265354116,2.35951060369,0.211667280212,-0.00166055475688,0.000168215949088,-4.50594095719,5.21010137707,1.80630535102,map_000000157.png
-4.25958072177,4.95839158772,2.35952937431,0.211667280212,-0.00166055475688,0.000168215949088,-4.50594095719,5.21010137707,1.80630535102,map_000000158.png
-4.27454147864,4.97348925768,2.35954609049,0.201667004361,-0.00165423677108,0.000166564248502,-4.50594095719,5.21010137707,1.80630535102,map_000000159.png
-4.2894807802,4.98857129872,2.35956320013,0.181669901174,-0.00118639012738,0.000111980363727,-4.50594095719,5.21010137707,1.80630535102,map_000000160.png
-4.30295742343,5.00215630743,2.35957673455,0.171670959657,-0.000983373529748,8.52379016578e-05,-4.50594095719,5.21010137707,1.80630535102,map_000000161.png
-4.31553362953,5.01480572059,2.3595869377,0.161671939711,-0.000769428087659,5.78965991735e-05,-4.50594095719,5.21010137707,1.80630535102,map_000000162.png
-4.32757382595,5.0269005768,2.3595950802,0.151672574589,-0.000600486558505,3.76980751753e-05,-4.50594095719,5.21010137707,1.80630535102,map_000000163.png
-4.33945180537,5.03881086175,2.35960096538,0.151672574589,-0.000600486558505,3.76980751753e-05,-4.50594095719,5.21010137707,1.80630535102,map_000000164.png
-4.35021214614,5.04958458494,2.35960489737,0.131673202823,-0.000381503146471,6.79073855281e-06,-4.50594095719,5.21010137707,1.80630535102,map_000000165.png
-4.35992812239,5.05929697978,2.35960636484,0.129549038373,-0.000341285418352,-3.73786315322e-06,-4.50594095719,5.21010137707,1.80630535102,map_000000166.png
-4.36916699907,5.06852404332,2.35960657157,0.129549056786,-0.000334223058293,-1.13393180072e-05,-4.50594095719,5.21010137707,1.80630535102,map_000000167.png
-4.37869916436,5.07804106993,2.35960592545,0.119549072659,-0.000316406251622,-1.45309604704e-05,-4.50594095719,5.21010137707,1.80630535102,map_000000168.png
-4.3877767204,5.08710367085,2.35960474104,0.109549054785,-0.000310177568088,-1.65468081832e-05,-4.50594095719,5.21010137707,1.80630535102,map_000000169.png
-4.39622309422,5.09553713024,2.35960337941,0.109549054785,-0.000310177568088,-1.65468081832e-05,-4.50594095719,5.21010137707,1.80630535102,map_000000170.png
-4.40406723432,5.10337184425,2.35960172513,0.103032387471,-0.000353334758698,-1.72136351466e-05,-4.50594095719,5.21010137707,1.80630535102,map_000000171.png
-4.41177805116,5.11108002882,2.35960000088,0.103032280119,-0.000383362723179,-1.68764963746e-05,-4.50594095719,5.21010137707,1.80630535102,map_000000172.png
-4.41907080073,5.11837532105,2.35959832177,0.0930322418083,-0.000374563605551,-1.57421454787e-05,-4.50594095719,5.21010137707,1.80630535102,map_000000173.png
-4.42615081254,5.12546093953,2.35959666167,0.0830322293596,-0.00035636541777,-1.48587860167e-05,-4.50594095719,5.21010137707,1.80630535102,map_000000174.png
-4.43265579979,5.13197429845,2.35959518743,0.0765157258077,-0.000342789939092,-1.40434131026e-05,-4.50594095719,5.21010137707,1.80630535102,map_000000175.png
-4.43853098119,5.1378599272,2.3595936755,0.0765157258077,-0.000342789939092,-1.40434131026e-05,-4.50594095719,5.21010137707,1.80630535102,map_000000176.png
-4.44419320476,5.14353415187,2.35959224459,0.0765157055329,-0.000347286075818,-1.27456150949e-05,-4.50594095719,5.21010137707,1.80630535102,map_000000177.png
-4.44960695486,5.14896002828,2.3595909469,0.0765157183541,-0.000344449672907,-1.21779739857e-05,-4.50594095719,5.21010137707,1.80630535102,map_000000178.png
-4.45500740505,5.1543726335,2.35958968866,0.0765157416932,-0.000339225527225,-1.17314048111e-05,-4.50594095719,5.21010137707,1.80630535102,map_000000179.png
-4.46039984511,5.15977682299,2.35958857024,0.0765157662468,-0.000333641259478,-1.14836730063e-05,-4.50594095719,5.21010137707,1.80630535102,map_000000180.png
-4.46602847083,5.16541710088,2.35958735756,0.0565159222032,-0.00025442257573,-0.825119495392,-4.50594095719,5.21010137707,1.80630535102,map_000000181.png
-4.47142155939,5.17082064278,2.35958620641,0.0565159222032,-0.00025442257573,-0.825119495392,-4.50594095719,5.21010137707,1.80630535102,map_000000182.png
-4.4759552963,5.1746582252,2.2881750127,0.0499994874689,-0.000226781384378,-0.825394332409,-4.50594095719,5.21010137707,1.80630535102,map_000000183.png
-4.47984349363,5.17824241333,2.20702636406,0.0499995055895,-0.000222750435448,-0.825669169426,-4.50594095719,5.21010137707,1.80630535102,map_000000184.png
-4.48341139688,5.18210326705,2.12260266325,0.0499446648106,0.00235172998114,-0.718829154968,-4.50594095719,5.21010137707,1.80630535102,map_000000185.png
-4.48655025874,5.18605147554,2.04435028339,0.0496455610651,0.00594293222898,-0.597347080708,-4.50594095719,5.21010137707,1.80630535102,map_000000186.png
-4.48951952631,5.19018500192,1.97414580173,0.0475865405108,0.0153467045049,-0.353691458702,-4.50594095719,5.21010137707,1.80630535102,map_000000187.png
-4.49240447611,5.19438219415,1.91540112733,0.0475865405108,0.0153467045049,-0.353691458702,-4.50594095719,5.21010137707,1.80630535102,map_000000188.png
-4.49572610589,5.19851153795,1.8753997969,0.0457571455561,0.0201564830143,-0.248503774405,-4.50594095719,5.21010137707,1.80630535102,map_000000189.png
-4.49910199533,5.20235403939,1.84765723951,0.0436107978883,0.0244560521037,-0.160470679402,-4.50594095719,5.21010137707,1.80630535102,map_000000190.png
-4.50259531715,5.20604744767,1.82702877423,0.0419675556885,0.0271794857656,-0.100523233414,-4.50594095719,5.21010137707,1.80630535102,map_000000191.png
-4.50621818429,5.20957146885,1.81266172741,0.0,0.0,0.0,-4.50594095719,5.21010137707,1.80630535102,map_000000192.png
