2.19001734499,6.97657780082,-0.625554149008,0.0,0.0,0.0,0.612947948786,3.4007730291,1.63816892927,map_000000001.png
2.19001409465,6.97658105333,-0.625553615527,0.0,0.0,0.0,0.612947948786,3.4007730291,1.63816892927,map_000000002.png
2.19001734632,6.97657780092,-0.625553971856,0.0,0.0,0.0,0.612947948786,3.4007730291,1.63816892927,map_000000003.png
2.19001741916,6.97657774936,-0.625554609341,0.0,0.0,0.0,0.612947948786,3.4007730291,1.63816892927,map_000000004.png
2.19001741883,6.97657773041,-0.625554065285,0.0502363359138,-0.0328071749005,-1.0,0.612947948786,3.4007730291,1.63816892927,map_000000005.png
2.19113470565,6.97439544594,-0.668843379354,0.0565988988431,-0.0411893761528,-1.0,0.612947948786,3.4007730291,1.63816892927,map_000000006.png
2.19337799646,6.96914503348,-0.767173034552,0.0628797148403,-0.0494584805663,-1.0,0.612947948786,3.4007730291,1.63816892927,map_000000007.png
2.19493396401,6.96283482598,-0.865524108067,0.0701201735024,-0.0564195050206,-1.0,0.612947948786,3.4007730291,1.63816892927,map_000000008.png
2.19562755462,6.95512401371,-0.967794003633,0.0701201735024,-0.0564195050206,-1.0,0.612947948786,3.4007730291,1.63816892927,map_000000009.png
2.19538376804,6.94691044091,-1.06612253172,0.0965725328113,-0.0526663457836,-0.916954874992,0.612947948786,3.4007730291,1.63816892927,map_000000010.png
2.19510525064,6.93717676896,-1.15956707235,0.110310447337,-0.0472398465104,-0.769763529301,0.612947948786,3.4007730291,1.63816892927,map_000000011.png
2.19481412617,6.92619219113,-1.24450940022,0.119150769889,-0.0519912806721,-0.770015895367,0.612947948786,3.4007730291,1.63816892927,map_000000012.png
2.19404585305,6.9138233799,-1.32323412563,0.132899408329,-0.0440198534562,-0.630101442337,0.612947948786,3.4007730291,1.63816892927,map_000000013.png
2.19217666033,6.90123857903,-1.39894948866,0.145831531277,-0.0351164545412,-0.502893567085,0.612947948786,3.4007730291,1.63816892927,map_000000014.png
2.19027949734,6.88755524612,-1.46091167996,0.145831531277,-0.0351164545412,-0.502893567085,0.612947948786,3.4007730291,1.63816892927,map_000000015.png
2.1882685468,6.87306102668,-1.51335688498,0.169697626738,-0.0101351074334,-0.271520346403,0.612947948786,3.4007730291,1.63816892927,map_000000016.png
2.18707427243,6.8564170997,-1.55113224384,0.179969649682,0.00330658199424,-0.178662985563,0.612947948786,3.4007730291,1.63816892927,map_000000017.png
2.18693956054,6.83903079328,-1.57418201625,0.18928672978,0.0164482597269,-0.100050106645,0.612947948786,3.4007730291,1.63816892927,map_000000018.png
2.18742283201,6.82088359198,-1.59051267098,0.198292912305,0.0260755620573,-0.0434157885611,0.612947948786,3.4007730291,1.63816892927,map_000000019.png
2.18869860216,6.80192551977,-1.60034944858,0.198292912305,0.0260755620573,-0.0434157885611,0.612947948786,3.4007730291,1.63816892927,map_000000020.png
2.19076674331,6.78126209258,-1.60500560354,0.207659566168,0.0312653311934,-0.00885096285492,0.612947948786,3.4007730291,1.63816892927,map_000000021.png
2.19306763917,6.76060779421,-1.60655774083,0.227410004322,0.0344196701396,0.0304117370397,0.612947948786,3.4007730291,1.63816892927,map_000000022.png
2.19558766898,6.73856204677,-1.60511047779,0.237859128445,0.031985310736,0.0374107435346,0.612947948786,3.4007730291,1.63816892927,map_000000023.png
2.19814889546,6.71535686985,-1.60187259736,0.248386372438,0.0283591218004,0.0397560559213,0.612947948786,3.4007730291,1.63816892927,map_000000024.png
2.20063456015,6.69033456888,-1.59800071471,0.258936692766,0.023490761294,0.0376030392945,0.612947948786,3.4007730291,1.63816892927,map_000000025.png
2.20280301824,6.6654416131,-1.59409087797,0.279731063309,0.0122698024091,0.026971090585,0.612947948786,3.4007730291,1.63816892927,map_000000026.png
2.20457796576,6.6395556328,-1.59038539177,0.279731063309,0.0122698024091,0.026971090585,0.612947948786,3.4007730291,1.63816892927,map_000000027.png
2.20555860026,6.61205952652,-1.58747809057,0.289914119734,0.00705823208893,0.021119935438,0.612947948786,3.4007730291,1.63816892927,map_000000028.png
2.2060196218,6.58352524938,-1.58515239827,0.299989081731,0.00256015979551,0.0155733563006,0.612947948786,3.4007730291,1.63816892927,map_000000029.png
2.20616572545,6.55301768398,-1.5831889031,0.309999925225,-0.000221105420571,0.0112221967429,0.612947948786,3.4007730291,1.63816892927,map_000000030.png
2.20602104941,6.52285973695,-1.58172159625,0.3199945922,-0.0018596709451,0.0077419988811,0.612947948786,3.4007730291,1.63816892927,map_000000031.png
2.20565679221,6.49188246615,-1.58062243846,0.3199945922,-0.0018596709451,0.0077419988811,0.612947948786,3.4007730291,1.63816892927,map_000000032.png
2.20517561768,6.4599770998,-1.57983358418,0.339986325238,-0.00304648844605,0.00260917190462,0.612947948786,3.4007730291,1.63816892927,map_000000033.png
2.20459167654,6.42518574437,-1.57942079593,0.349989205427,-0.00274384160818,0.000965896993876,0.612947948786,3.4007730291,1.63816892927,map_000000034.png
2.20399784239,6.39069261179,-1.57925298604,0.349993085249,-0.00219891149587,-0.000212471932173,0.612947948786,3.4007730291,1.63816892927,map_000000035.png
2.20344604866,6.35570905796,-1.57919488171,0.349997560583,-0.00130480637125,-0.000827136449516,0.612947948786,3.4007730291,1.63816892927,map_000000036.png
2.20294302041,6.32072579015,-1.57922312063,0.349999863544,-0.0003007537614,-0.001115844585,0.612947948786,3.4007730291,1.63816892927,map_000000037.png
2.20250019494,6.28434168646,-1.57930763144,0.349999863544,-0.0003007537614,-0.001115844585,0.612947948786,3.4007730291,1.63816892927,map_000000038.png
2.20216750408,6.24935536142,-1.57941615697,0.349996728708,0.00151156443542,-0.00150808412582,0.612947948786,3.4007730291,1.63816892927,map_000000039.png
2.20196546338,6.2143691354,-1.57955374204,0.349994609985,0.00194111183231,-0.00292165204883,0.612947948786,3.4007730291,1.63816892927,map_000000040.png
2.20184081523,6.1793726614,-1.57976982505,0.349997131249,0.00141529194881,-0.00734666222706,0.612947948786,3.4007730291,1.63816892927,map_000000041.png
2.20168503523,6.14299844165,-1.58021345472,0.349996750424,0.00150652797874,-0.00713815167546,0.612947948786,3.4007730291,1.63816892927,map_000000042.png
2.20149299367,6.10801130508,-1.58093176101,0.349928988375,-0.00704968287725,-0.0386889353395,0.612947948786,3.4007730291,1.63816892927,map_000000043.png
2.20128401457,6.07302426361,-1.58163198518,0.349901442752,-0.00830513656542,-0.037619791925,0.612947948786,3.4007730291,1.63816892927,map_000000044.png
2.20025056419,6.0380518882,-1.58518284172,0.349901442752,-0.00830513656542,-0.037619791925,0.612947948786,3.4007730291,1.63816892927,map_000000045.png
2.19887322587,6.00169357113,-1.58905946415,0.349399045983,-0.0205012584929,-0.0773099809885,0.612947948786,3.4007730291,1.63816892927,map_000000046.png
2.19675582846,5.96677205243,-1.5947798017,0.347728639691,-0.0392662128919,-0.145614355803,0.612947948786,3.4007730291,1.63816892927,map_000000047.png
2.19322649019,5.93198718021,-1.6045280717,0.347381308971,-0.0427343083629,-0.13984335959,0.612947948786,3.4007730291,1.63816892927,map_000000048.png
2.1879810375,5.89742512579,-1.6187796983,0.305295805855,-0.131220267278,-0.474227756262,0.612947948786,3.4007730291,1.63816892927,map_000000049.png
2.1879810375,5.89742512579,-1.6187796983,0.305295805855,-0.131220267278,-0.474227756262,0.612947948786,3.4007730291,1.63816892927,map_000000050.png
2.18170211469,5.86160233516,-1.63307830808,0.299234371916,-0.138735993313,-0.45300373435,0.612947948786,3.4007730291,1.63816892927,map_000000051.png
2.16723468325,5.83184726473,-1.67707494969,0.299234371916,-0.138735993313,-0.45300373435,0.612947948786,3.4007730291,1.63816892927,map_000000052.png
2.12887200003,5.78028500878,-1.78253836074,0.232092483716,-0.208913349834,-0.721622884274,0.612947948786,3.4007730291,1.63816892927,map_000000053.png
2.12887200003,5.78028500878,-1.78253836074,0.232092483716,-0.208913349834,-0.721622884274,0.612947948786,3.4007730291,1.63816892927,map_000000054.png
2.10306867103,5.76261668542,-1.85815389817,0.207367979412,-0.225554116443,-0.811602532864,0.612947948786,3.4007730291,1.63816892927,map_000000055.png
2.07542776355,5.74674597762,-1.93300733406,0.245406048853,-0.19718176428,-0.683562397957,0.612947948786,3.4007730291,1.63816892927,map_000000056.png
2.04729512726,5.73614720908,-2.01281234966,0.245406048853,-0.19718176428,-0.683562397957,0.612947948786,3.4007730291,1.63816892927,map_000000057.png
2.01901128709,5.72362247434,-2.08154127574,0.276883805897,-0.164691444678,-0.571505010128,0.612947948786,3.4007730291,1.63816892927,map_000000058.png
1.99075802058,5.70945336365,-2.14125531937,0.301961687092,-0.126812198488,-0.490021556616,0.612947948786,3.4007730291,1.63816892927,map_000000059.png
1.96169833302,5.69280873153,-2.19553625918,0.323309826754,-0.0848546887725,-0.387086302042,0.612947948786,3.4007730291,1.63816892927,map_000000060.png
1.93429289385,5.6749174085,-2.24088043764,0.343897607716,-0.0131733097505,-0.236265689135,0.612947948786,3.4007730291,1.63816892927,map_000000061.png
1.90782172039,5.65461731689,-2.27775021036,0.348191692055,0.0169416970494,-0.168322816491,0.612947948786,3.4007730291,1.63816892927,map_000000062.png
1.88437281434,5.62945707589,-2.30098719769,0.348191692055,0.0169416970494,-0.168322816491,0.612947948786,3.4007730291,1.63816892927,map_000000063.png
1.8611889274,5.60167595065,-2.31899513912,0.348025746634,0.0371224273693,-0.12424120307,0.612947948786,3.4007730291,1.63816892927,map_000000064.png
1.83966528409,5.57414822176,-2.33259679818,0.347221662204,0.0440126371612,-0.089421749115,0.612947948786,3.4007730291,1.63816892927,map_000000065.png
1.81851508498,5.54626738662,-2.34317373435,0.347345216384,0.0430266846094,-0.0697473809123,0.612947948786,3.4007730291,1.63816892927,map_000000066.png
1.79737293347,5.51837781719,-2.35141546616,0.348423661982,0.033180516948,-0.0399231500924,0.612947948786,3.4007730291,1.63816892927,map_000000067.png
1.77502702548,5.48965427829,-2.35830985327,0.348973526675,0.0267856792678,-0.0275684483349,0.612947948786,3.4007730291,1.63816892927,map_000000068.png
1.75265460824,5.46275357184,-2.36223875567,0.348973526675,0.0267856792678,-0.0275684483349,0.612947948786,3.4007730291,1.63816892927,map_000000069.png
1.7297708151,5.43628620819,-2.36508573746,0.349527206809,0.0181858910623,-0.0252472274005,0.612947948786,3.4007730291,1.63816892927,map_000000070.png
1.70630166242,5.41034233605,-2.36764482141,0.349764961459,0.0128244558973,-0.0193568728864,0.612947948786,3.4007730291,1.63816892927,map_000000071.png
1.68143329417,5.3837821695,-2.36994558319,0.349966068151,0.00487299461734,-0.0280596725643,0.612947948786,3.4007730291,1.63816892927,map_000000072.png
1.65710828562,5.35863785126,-2.37207913327,0.349908602431,-0.00799780460387,-0.0444471687078,0.612947948786,3.4007730291,1.63816892927,map_000000073.png
1.63222715772,5.33404450872,-2.37497085918,0.349835586553,-0.0107264772842,-0.0412562377751,0.612947948786,3.4007730291,1.63816892927,map_000000074.png
1.60646878835,5.31037127107,-2.37933226475,0.349835586553,-0.0107264772842,-0.0412562377751,0.612947948786,3.4007730291,1.63816892927,map_000000075.png
1.57940156435,5.28605760277,-2.38359868835,0.349840548306,-0.0105634130098,-0.0328546725214,0.612947948786,3.4007730291,1.63816892927,map_000000076.png
1.55324918798,5.26281878618,-2.38709747031,0.349902009607,-0.0082812201304,-0.0263180881739,0.612947948786,3.4007730291,1.63816892927,map_000000077.png
1.52710691563,5.23957037429,-2.39003607786,0.346794445472,0.0425605218739,0.123876310885,0.612947948786,3.4007730291,1.63816892927,map_000000078.png
1.50182914068,5.21548423749,-2.38908349563,0.323164907989,0.103702977179,0.33143851161,0.612947948786,3.4007730291,1.63816892927,map_000000079.png
1.47909507412,5.18735700906,-2.37478425899,0.314681275584,0.117497122191,0.330125510693,0.612947948786,3.4007730291,1.63816892927,map_000000080.png
1.46326624106,5.15744736447,-2.34219654701,0.314681275584,0.117497122191,0.330125510693,0.612947948786,3.4007730291,1.63816892927,map_000000081.png
1.44976975854,5.12678372665,-2.30971696064,0.281924597333,0.163494250588,0.502535939217,0.612947948786,3.4007730291,1.63816892927,map_000000082.png
1.44114085422,5.09533325173,-2.26640818791,0.280341824682,0.163665273352,0.502708733082,0.612947948786,3.4007730291,1.63816892927,map_000000083.png
1.43605913888,5.06344775949,-2.21698996464,0.278785630889,0.167207401157,0.495972603559,0.612947948786,3.4007730291,1.63816892927,map_000000084.png
1.43262302317,5.03013102469,-2.16574215876,0.312512654321,0.119710324888,0.349964350462,0.612947948786,3.4007730291,1.63816892927,map_000000085.png
1.43097691855,4.99788332248,-2.11755171673,0.312352711849,0.120127034409,0.350086092949,0.612947948786,3.4007730291,1.63816892927,map_000000086.png
1.4252252819,4.96506166094,-2.08314080178,0.312352711849,0.120127034409,0.350086092949,0.612947948786,3.4007730291,1.63816892927,map_000000087.png
1.4206355776,4.93204859331,-2.04872150796,0.323942473228,0.0861721140448,0.34178045392,0.612947948786,3.4007730291,1.63816892927,map_000000088.png
1.41465737406,4.89787185181,-2.01347868424,0.331917326369,0.0668774967549,0.290283024311,0.612947948786,3.4007730291,1.63816892927,map_000000089.png
1.40798045411,4.86498122092,-1.98189961509,0.307434708466,0.103181039247,0.508926093578,0.612947948786,3.4007730291,1.63816892927,map_000000090.png
1.40204360411,4.83213696376,-1.94820105986,0.307491169965,0.103012655644,0.509100615978,0.612947948786,3.4007730291,1.63816892927,map_000000091.png
1.40064059769,4.799914529,-1.89815854868,0.307247212798,0.110348538462,0.476063013077,0.612947948786,3.4007730291,1.63816892927,map_000000092.png
1.40086240467,4.76635862444,-1.84610158335,0.307247212798,0.110348538462,0.476063013077,0.612947948786,3.4007730291,1.63816892927,map_000000093.png
1.40332652542,4.73401814111,-1.7987713555,0.312701014488,0.102500990539,0.43637278676,0.612947948786,3.4007730291,1.63816892927,map_000000094.png
1.40685548422,4.70154739964,-1.75446043488,0.323152147477,0.0851608053969,0.358587682247,0.612947948786,3.4007730291,1.63816892927,map_000000095.png
1.41073981545,4.66879061552,-1.71461725919,0.33057167636,0.0684752081888,0.306724905968,0.612947948786,3.4007730291,1.63816892927,map_000000096.png
1.41454146532,4.6342715181,-1.67917075539,0.344098298558,0.0274375365791,0.19074845314,0.612947948786,3.4007730291,1.63816892927,map_000000097.png
1.41796227471,4.60075552831,-1.64901657954,0.344123103033,0.0271246648425,0.190816566348,0.612947948786,3.4007730291,1.63816892927,map_000000098.png
1.4181577349,4.56625974366,-1.63025118191,0.344123103033,0.0271246648425,0.190816566348,0.612947948786,3.4007730291,1.63816892927,map_000000099.png
1.41894626949,4.5317876817,-1.61149454211,0.349871678891,-0.00947645734313,0.0975510776043,0.612947948786,3.4007730291,1.63816892927,map_000000100.png
1.41810128062,4.49564634143,-1.59785083947,0.349569160946,-0.0173607790514,0.0708177387714,0.612947948786,3.4007730291,1.63816892927,map_000000101.png
1.4159349407,4.4607248566,-1.58941592876,0.348464144062,-0.0327526371001,0.00960118416697,0.612947948786,3.4007730291,1.63816892927,map_000000102.png
1.41329844386,4.42583886277,-1.58365816233,0.348414967784,-0.0332716870294,0.00960883870721,0.612947948786,3.4007730291,1.63816892927,map_000000103.png
1.40958351765,4.39104789623,-1.582713703,0.348122133852,-0.0362073867576,-0.0322827957571,0.612947948786,3.4007730291,1.63816892927,map_000000104.png
1.40570993785,4.35485889164,-1.58172668459,0.348122133852,-0.0362073867576,-0.0322827957571,0.612947948786,3.4007730291,1.63816892927,map_000000105.png
1.40175450053,4.32010781419,-1.58407889832,0.347615505769,-0.0407854763671,-0.0726355537772,0.612947948786,3.4007730291,1.63816892927,map_000000106.png
1.3973852755,4.28539512458,-1.58962579002,0.34615941003,-0.051707424819,-0.141084760427,0.612947948786,3.4007730291,1.63816892927,map_000000107.png
1.39216988823,4.25082543343,-1.59946107364,0.346116123812,-0.0519963822849,-0.141127318144,0.612947948786,3.4007730291,1.63816892927,map_000000108.png
1.38590971345,4.21642373905,-1.61333295458,0.33468590054,-0.0773191327672,-0.243628650904,0.612947948786,3.4007730291,1.63816892927,map_000000109.png
1.37886989476,4.18074674868,-1.62776264927,0.334612631287,-0.0776356058461,-0.243705362082,0.612947948786,3.4007730291,1.63816892927,map_000000110.png
1.36909502502,4.1478827793,-1.65172077001,0.334612631287,-0.0776356058461,-0.243705362082,0.612947948786,3.4007730291,1.63816892927,map_000000111.png
1.35852038393,4.11527068788,-1.67568030497,0.24614433512,-0.209918652007,-0.750502705574,0.612947948786,3.4007730291,1.63816892927,map_000000112.png
1.34050032109,4.08888888014,-1.72755886199,0.236535756291,-0.205751536386,-0.750748276711,0.612947948786,3.4007730291,1.63816892927,map_000000113.png
1.31513821073,4.06817238958,-1.80431513125,0.193696109679,-0.233655010149,-0.877077877522,0.612947948786,3.4007730291,1.63816892927,map_000000114.png
1.28949608166,4.05143899283,-1.88012978223,0.221439967908,-0.216433972364,-0.761756002903,0.612947948786,3.4007730291,1.63816892927,map_000000115.png
1.26168233861,4.0410074437,-1.96638120735,0.221439967908,-0.216433972364,-0.761756002903,0.612947948786,3.4007730291,1.63816892927,map_000000116.png
1.23309382244,4.03299500086,-2.05262011541,0.220702090491,-0.217186350937,-0.762005031109,0.612947948786,3.4007730291,1.63816892927,map_000000117.png
1.20275129442,4.02402311519,-2.13099631997,0.290055501356,-0.147846402428,-0.519366145134,0.612947948786,3.4007730291,1.63816892927,map_000000118.png
1.1738365268,4.01249712372,-2.19350541406,0.318917870401,-0.104371356016,-0.42904317379,0.612947948786,3.4007730291,1.63816892927,map_000000119.png
1.14546374352,3.99640911915,-2.2417344027,0.3419334,-0.0499477407627,-0.311616778374,0.612947948786,3.4007730291,1.63816892927,map_000000120.png
1.11773203562,3.97762023641,-2.28253493928,0.335521256278,-0.00524162216549,-0.237997174263,0.612947948786,3.4007730291,1.63816892927,map_000000121.png
1.09043982298,3.95430448206,-2.31440647207,0.335521256278,-0.00524162216549,-0.237997174263,0.612947948786,3.4007730291,1.63816892927,map_000000122.png
1.06709265716,3.93018365253,-2.33809565101,0.338772249079,0.0296101372483,-0.165727809072,0.612947948786,3.4007730291,1.63816892927,map_000000123.png
1.04495372544,3.90458014586,-2.35637963431,0.311324964528,0.0742807031372,-0.0672490894794,0.612947948786,3.4007730291,1.63816892927,map_000000124.png
1.02585174828,3.87790484374,-2.36725068546,0.299250944675,0.0811693265533,-0.037183791399,0.612947948786,3.4007730291,1.63816892927,map_000000125.png
1.00854964618,3.84989360417,-2.37306013642,0.288341204239,0.0830521787767,-0.00976493023336,0.612947948786,3.4007730291,1.63816892927,map_000000126.png
0.992806731266,3.82337281049,-2.37628157368,0.279753090979,0.0766501985294,0.00654367543757,0.612947948786,3.4007730291,1.63816892927,map_000000127.png
0.977774990339,3.79740842652,-2.37723471514,0.265424556091,0.0498428118872,0.0172723364085,0.612947948786,3.4007730291,1.63816892927,map_000000128.png
0.962861314804,3.77240774012,-2.37678904578,0.265424556091,0.0498428118872,0.0172723364085,0.612947948786,3.4007730291,1.63816892927,map_000000129.png
0.946773528699,3.74874417438,-2.37531702951,0.257722401806,0.0348193928875,0.0172493141145,0.612947948786,3.4007730291,1.63816892927,map_000000130.png
0.930854647635,3.72764854047,-2.37361241805,0.249209604224,0.0206525713309,0.0165918283165,0.612947948786,3.4007730291,1.63816892927,map_000000131.png
0.914601905025,3.70783556289,-2.37194483428,0.239876596194,0.00948112066666,0.0136450156569,0.612947948786,3.4007730291,1.63816892927,map_000000132.png
0.898138804804,3.68918888916,-2.3703471257,0.230058085328,0.00163327793939,0.011097913608,0.612947948786,3.4007730291,1.63816892927,map_000000133.png
0.881607655763,3.67179423366,-2.36900442031,0.230058085328,0.00163327793939,0.011097913608,0.612947948786,3.4007730291,1.63816892927,map_000000134.png
0.864588226703,3.65487706555,-2.36784829543,0.209921868352,-0.00772270564782,0.00583654455841,0.612947948786,3.4007730291,1.63816892927,map_000000135.png
0.848819072044,3.64018203082,-2.36712886746,0.199837977168,-0.00950440704959,0.00382968783379,0.612947948786,3.4007730291,1.63816892927,map_000000136.png
0.83358966783,3.62649109984,-2.36665649988,0.189807307879,-0.00987218366319,0.00210203230381,0.612947948786,3.4007730291,1.63816892927,map_000000137.png
0.818883113117,3.61341573215,-2.36632722525,0.17984932414,-0.00878714620115,0.000837869942188,0.612947948786,3.4007730291,1.63816892927,map_000000138.png
0.804186985051,3.60044612213,-2.36613732051,0.169921808366,-0.00694932329967,0.000134846195579,0.612947948786,3.4007730291,1.63816892927,map_000000139.png
0.790733650911,3.58848795533,-2.36605432036,0.169921808366,-0.00694932329967,0.000134846195579,0.612947948786,3.4007730291,1.63816892927,map_000000140.png
0.778061221108,3.57703722887,-2.36602864286,0.156040574986,-0.00264153936105,-0.000633501447737,0.612947948786,3.4007730291,1.63816892927,map_000000141.png
0.766367486256,3.56612881243,-2.36607540683,0.14606118691,-0.000712549717403,-0.00084809679538,0.612947948786,3.4007730291,1.63816892927,map_000000142.png
0.755066236428,3.55528183063,-2.3661516203,0.136060110417,0.000874757928602,-0.000881653279066,0.612947948786,3.4007730291,1.63816892927,map_000000143.png
0.744863682149,3.54528960948,-2.36622922119,0.12953393913,0.00191057993603,-0.000806560739875,0.612947948786,3.4007730291,1.63816892927,map_000000144.png
0.735266736677,3.53576226114,-2.3663209593,0.119515977316,0.00276817755695,-0.000611992552876,0.612947948786,3.4007730291,1.63816892927,map_000000145.png
0.726152211117,3.52656266312,-2.36639994142,0.119515977316,0.00276817755695,-0.000611992552876,0.612947948786,3.4007730291,1.63816892927,map_000000146.png
0.717426480056,3.5176006033,-2.36645733961,0.109512644878,0.00278421464788,-0.000469353049994,0.612947948786,3.4007730291,1.63816892927,map_000000147.png
0.709591645309,3.5095547917,-2.36651360982,0.10299912136,0.00261532892766,-0.0003458019346,0.612947948786,3.4007730291,1.63816892927,map_000000148.png
0.702201890892,3.50193841713,-2.36655333289,0.103006756422,0.00229501149678,-0.000254588201642,0.612947948786,3.4007730291,1.63816892927,map_000000149.png
0.695023231344,3.49455338058,-2.36658455014,0.103012786757,0.00200616821236,-0.000165035948157,0.612947948786,3.4007730291,1.63816892927,map_000000150.png
0.687540612328,3.48689543421,-2.36660932832,0.0930233631229,0.0012912899953,-6.97132200003e-05,0.612947948786,3.4007730291,1.63816892927,map_000000151.png
0.680314275739,3.47953704517,-2.36662531615,0.0930233631229,0.0012912899953,-6.97132200003e-05,0.612947948786,3.4007730291,1.63816892927,map_000000152.png
0.673688207725,3.47285522588,-2.36663311221,0.0830270780153,0.000933344488681,-2.73436307907e-05,0.612947948786,3.4007730291,1.63816892927,map_000000153.png
0.667613095837,3.46673988553,-2.36663050323,0.0765133034904,0.000668738817958,1.85333192348e-06,0.612947948786,3.4007730291,1.63816892927,map_000000154.png
0.661736776647,3.46088745438,-2.36663820036,0.076514050248,0.000577007165862,1.87698751688e-05,0.612947948786,3.4007730291,1.63816892927,map_000000155.png
0.661736776647,3.46088745438,-2.36663820036,0.0765145565708,0.000505425954688,2.00849026442e-05,0.612947948786,3.4007730291,1.63816892927,map_000000156.png
0.656317141746,3.45549042544,-2.36663717186,0.0765143085119,0.000541678476875,4.05441969633e-05,0.612947948786,3.4007730291,1.63816892927,map_000000157.png
0.650883472532,3.45008894945,-2.36663490931,0.0765143085119,0.000541678476875,4.05441969633e-05,0.612947948786,3.4007730291,1.63816892927,map_000000158.png
0.640029838601,3.4393137652,-2.36662907212,0.0765140831749,0.000572624253805,4.23770397902e-05,0.612947948786,3.4007730291,1.63816892927,map_000000159.png
0.640029838601,3.4393137652,-2.36662907212,0.0765140831749,0.000572624253805,4.23770397902e-05,0.612947948786,3.4007730291,1.63816892927,map_000000160.png
0.634404046976,3.43370333443,-2.36661833863,0.0665142541956,0.0005123794114,-1.0,0.612947948786,3.4007730291,1.63816892927,map_000000161.png
0.629551266543,3.42839929079,-2.41383848002,0.0565144611035,0.000446779051206,-1.0,0.612947948786,3.4007730291,1.63816892927,map_000000162.png
0.625232237751,3.42362467986,-2.51218185201,0.0499559945695,0.00209732771052,-1.0,0.612947948786,3.4007730291,1.63816892927,map_000000163.png
0.621122427311,3.41969528534,-2.61051201667,0.0495972669602,0.00633334722169,-1.0,0.612947948786,3.4007730291,1.63816892927,map_000000164.png
0.617079371886,3.41622704705,-2.71278422584,0.0495972669602,0.00633334722169,-1.0,0.612947948786,3.4007730291,1.63816892927,map_000000165.png
0.613026281901,3.41297778966,-2.81113181779,0.0486847256283,0.0113928779264,-1.0,0.612947948786,3.4007730291,1.63816892927,map_000000166.png
0.608867328482,3.40974358453,-2.90945947163,0.0470044196427,0.0170465454274,-1.0,0.612947948786,3.4007730291,1.63816892927,map_000000167.png
0.604598593504,3.40655578206,-3.00780024546,0.0446080027696,0.0225859749813,-1.0,0.612947948786,3.4007730291,1.63816892927,map_000000168.png
0.600041689339,3.40324622107,-3.11006792479,0.0375095656551,0.033061044468,-1.0,0.612947948786,3.4007730291,1.63816892927,map_000000169.png
0.595585915001,3.40002593452,3.07478295208,0.0325903535651,0.0379192435507,-1.0,0.612947948786,3.4007730291,1.63816892927,map_000000170.png
0.591382085603,3.39623399566,2.97644268793,0.0325903535651,0.0379192435507,-1.0,0.612947948786,3.4007730291,1.63816892927,map_000000171.png
0.587158463424,3.39235011872,2.87810794202,0.0,0.0,-1.0,0.612947948786,3.4007730291,1.63816892927,map_000000172.png
0.585529705839,3.39054173129,2.77583123597,0.0,0.0,-1.0,0.612947948786,3.4007730291,1.63816892927,map_000000173.png
0.585159692683,3.38969374756,2.67748282298,0.0,0.0,-1.0,0.612947948786,3.4007730291,1.63816892927,map_000000174.png
0.58469186357,3.38885563568,2.57915104201,0.0,0.0,-1.0,0.612947948786,3.4007730291,1.63816892927,map_000000175.png
0.58415694619,3.38809124197,2.48080624801,0.0,0.0,-1.0,0.612947948786,3.4007730291,1.63816892927,map_000000176.png
0.58352099079,3.38734463357,2.37853274396,0.0,0.0,-1.0,0.612947948786,3.4007730291,1.63816892927,map_000000177.png
0.582825967542,3.38667881234,2.28020185048,0.0,0.0,-1.0,0.612947948786,3.4007730291,1.63816892927,map_000000178.png
0.582097144016,3.3861136898,2.18185227935,0.0,0.0,-1.0,0.612947948786,3.4007730291,1.63816892927,map_000000179.png
0.581287344136,3.38559088674,2.08352242204,0.0,0.0,-0.980216860771,0.612947948786,3.4007730291,1.63816892927,map_000000180.png
0.580414300937,3.38516357875,1.98179273245,0.0,0.0,-0.685790479183,0.612947948786,3.4007730291,1.63816892927,map_000000181.png
0.579576352765,3.38483670424,1.88771392721,0.0,0.0,-0.533418655396,0.612947948786,3.4007730291,1.63816892927,map_000000182.png
0.578930608531,3.38463965976,1.82029118817,0.0,0.0,-0.533418655396,0.612947948786,3.4007730291,1.63816892927,map_000000183.png
0.578436121263,3.38451166605,1.76603596053,0.0,0.0,-0.392472267151,0.612947948786,3.4007730291,1.63816892927,map_000000184.png
0.578006308741,3.38444873498,1.7209097728,0.0,0.0,-0.291462957859,0.612947948786,3.4007730291,1.63816892927,map_000000185.png
0.577674419234,3.38440741222,1.68708905381,0.0,0.0,-0.210262209177,0.612947948786,3.4007730291,1.63816892927,map_000000186.png
0.577433585223,3.38436990673,1.66065944448,0.0,0.0,0.0,0.612947948786,3.4007730291,1.63816892927,map_000000187.png
