-2.28842683311,2.70456417463,-0.186762373489,0.0,0.0,0.0,4.93030240853,4.9863607763,-0.811863626578,map_000000001.png
-2.28842477968,2.70456620239,-0.18676119221,0.0,0.0,0.0,4.93030240853,4.9863607763,-0.811863626578,map_000000002.png
-2.28841761546,2.7045549745,-0.186765647489,0.0,0.0,0.0,4.93030240853,4.9863607763,-0.811863626578,map_000000003.png
-2.28842681204,2.70456414305,-0.186762413892,0.0599966911523,-0.000630255317277,0.279035866261,4.93030240853,4.9863607763,-0.811863626578,map_000000004.png
-2.28843664725,2.70455433856,-0.186767823142,0.0599966911523,-0.000630255317277,0.279035866261,4.93030240853,4.9863607763,-0.811863626578,map_000000005.png
-2.28304457292,2.70331462146,-0.161517024982,0.0699909826425,0.00112356879914,0.27912440896,4.93030240853,4.9863607763,-0.811863626578,map_000000006.png
-2.28304457292,2.70331462146,-0.161517024982,0.0898667948801,0.00489473765974,0.24144308269,4.93030240853,4.9863607763,-0.811863626578,map_000000007.png
-2.27614862254,2.70207088771,-0.132980479061,0.0898667948801,0.00489473765974,0.24144308269,4.93030240853,4.9863607763,-0.811863626578,map_000000008.png
-2.26781170903,2.70114867958,-0.106511385517,0.0998154977088,0.0060716770584,0.198719039559,4.93030240853,4.9863607763,-0.811863626578,map_000000009.png
-2.25809109872,2.70057315496,-0.0834965360132,0.109754230136,0.00734894816286,0.198785528541,4.93030240853,4.9863607763,-0.811863626578,map_000000010.png
-2.24747121177,2.70025502867,-0.0631755046328,0.119777775864,0.00729947252394,0.159148365259,4.93030240853,4.9863607763,-0.811863626578,map_000000011.png
-2.23600734536,2.70021367751,-0.0430035146083,0.129837501546,0.00649787837029,0.124679341912,4.93030240853,4.9863607763,-0.811863626578,map_000000012.png
-2.22354219978,2.7003781107,-0.0267289104166,0.129837501546,0.00649787837029,0.124679341912,4.93030240853,4.9863607763,-0.811863626578,map_000000013.png
-2.21015674591,2.7006670943,-0.0135727537901,0.149973958629,0.00279510773973,0.0640131533146,4.93030240853,4.9863607763,-0.811863626578,map_000000014.png
-2.19573591972,2.70083403889,-0.00561328067203,0.159999752021,0.00028710913323,0.0396227501333,4.93030240853,4.9863607763,-0.811863626578,map_000000015.png
-2.17961461425,2.70090909452,-0.000310612883235,0.16998486303,-0.00226963958702,0.0199018791318,4.93030240853,4.9863607763,-0.811863626578,map_000000016.png
-2.16261115815,2.70083208244,0.00303858399766,0.179957398773,-0.00391700366744,0.00796945486218,4.93030240853,4.9863607763,-0.811863626578,map_000000017.png
-2.14479794528,2.70062297829,0.00488547631342,0.189933196829,-0.00503905360938,1.82605581358e-05,4.93030240853,4.9863607763,-0.811863626578,map_000000018.png
-2.12607917987,2.70031656594,0.00570438955609,0.20992549252,-0.00559499293425,-0.0077772368677,4.93030240853,4.9863607763,-0.811863626578,map_000000019.png
-2.1063323198,2.69990531542,0.00570538292533,0.20992549252,-0.00559499293425,-0.0077772368677,4.93030240853,4.9863607763,-0.811863626578,map_000000020.png
-2.08490731062,2.69945777009,0.00506159190577,0.219937943766,-0.00522678258829,-0.00900804903358,4.93030240853,4.9863607763,-0.811863626578,map_000000021.png
-2.08490731062,2.69945777009,0.00506159190577,0.219937943766,-0.00522678258829,-0.00900804903358,4.93030240853,4.9863607763,-0.811863626578,map_000000022.png
-2.03905772841,2.69860309829,0.00325732375054,0.23997489716,-0.00347474040112,-0.00804955791682,4.93030240853,4.9863607763,-0.811863626578,map_000000023.png
-2.01483215909,2.69824695671,0.00236322736406,0.259996497602,-0.00135939737736,-0.00534777762368,4.93030240853,4.9863607763,-0.811863626578,map_000000024.png
-1.98956594702,2.69797665868,0.00157960409578,0.269999734971,-0.000403363104446,-0.00400826148689,4.93030240853,4.9863607763,-0.811863626578,map_000000025.png
-1.9635690848,2.69787092009,0.00104630852859,0.269999734971,-0.000403363104446,-0.00400826148689,4.93030240853,4.9863607763,-0.811863626578,map_000000026.png
-1.935582551,2.69784888919,0.000622629164596,0.279999774679,0.000376843129495,-0.00283400830813,4.93030240853,4.9863607763,-0.811863626578,map_000000027.png
-1.90671645551,2.69788565385,0.000301748491386,0.289998983694,0.000777764704312,-0.00203485484235,4.93030240853,4.9863607763,-0.811863626578,map_000000028.png
-1.87697083111,2.69795803205,5.87628016972e-05,0.299998366858,0.000991695019158,-0.00139985885471,4.93030240853,4.9863607763,-0.811863626578,map_000000029.png
-1.84634567601,2.69804978372,-0.000122716528191,0.319998050095,0.00111595186938,-0.000919160433114,4.93030240853,4.9863607763,-0.811863626578,map_000000030.png
-1.81452112539,2.69815203014,-0.000254455314958,0.329998534116,0.000977607026091,-0.000282613822492,4.93030240853,4.9863607763,-0.811863626578,map_000000031.png
-1.78109735144,2.6982566386,-0.000342043985242,0.339998421317,0.0010275905445,-0.000282552471617,4.93030240853,4.9863607763,-0.811863626578,map_000000032.png
-1.74679395262,2.69834632742,-0.000374945597364,0.349999177214,0.000740628846215,4.65000339318e-05,4.93030240853,4.9863607763,-0.811863626578,map_000000033.png
-1.71145105924,2.69843968074,-0.000408184483385,0.349999177214,0.000740628846215,4.65000339318e-05,4.93030240853,4.9863607763,-0.811863626578,map_000000034.png
-1.71145105924,2.69843968074,-0.000408184483385,0.349999450062,0.000616351832804,9.60235192906e-05,4.93030240853,4.9863607763,-0.811863626578,map_000000035.png
-1.67526851131,2.69850753614,-0.000414119443011,0.349999450062,0.000616351832804,9.60235192906e-05,4.93030240853,4.9863607763,-0.811863626578,map_000000036.png
-1.63888603531,2.69856105874,-0.000410221310157,0.349999600564,0.000523964437324,0.000146256730659,4.93030240853,4.9863607763,-0.811863626578,map_000000037.png
-1.60250354703,2.6986058469,-0.000402270239018,0.349999845625,0.000320930340241,0.000149516097736,4.93030240853,4.9863607763,-0.811863626578,map_000000038.png
-1.5675299133,2.69864783486,-0.000387736328948,0.349999892785,0.000264545675051,0.000137794588227,4.93030240853,4.9863607763,-0.811863626578,map_000000039.png
-1.53114740311,2.69866638611,-0.000376820426626,0.349999864704,0.00029940041393,0.000137995724799,4.93030240853,4.9863607763,-0.811863626578,map_000000040.png
-1.49476488778,2.69868013916,-0.000366966008347,0.349999864704,0.00029940041393,0.000137995724799,4.93030240853,4.9863607763,-0.811863626578,map_000000041.png
-1.45838237531,2.69869759534,-0.000357092094125,0.349999906878,0.000245192346113,0.00011639596778,4.93030240853,4.9863607763,-0.811863626578,map_000000042.png
-1.42199986303,2.69871134883,-0.000348916218907,0.349999910397,0.000240116698537,8.56178521644e-05,4.93030240853,4.9863607763,-0.811863626578,map_000000043.png
-1.3856173507,2.69872376202,-0.000343187767045,0.34999991404,0.000234745797727,7.09904415999e-05,4.93030240853,4.9863607763,-0.811863626578,map_000000044.png
-1.34923483833,2.69873590136,-0.000339359742551,0.349999912562,0.000236938528835,5.89051633142e-05,4.93030240853,4.9863607763,-0.811863626578,map_000000045.png
-1.31285232594,2.69874792945,-0.000336668936775,0.349999908875,0.000242324313007,5.04869967699e-05,4.93030240853,4.9863607763,-0.811863626578,map_000000046.png
-1.27646981353,2.69876027592,-0.0003349799567,0.34999989971,0.00025521838877,4.10500215366e-05,4.93030240853,4.9863607763,-0.811863626578,map_000000047.png
-1.2400873011,2.69877317161,-0.000334023129386,0.34999989971,0.00025521838877,4.10500215366e-05,4.93030240853,4.9863607763,-0.811863626578,map_000000048.png
-1.20370478866,2.69878733262,-0.000333960010911,0.34999989527,0.000261236840964,3.86848696508e-05,4.93030240853,4.9863607763,-0.811863626578,map_000000049.png
-1.1673222762,2.69880207679,-0.000334184892399,0.349999891603,0.000266104784049,3.74170776922e-05,4.93030240853,4.9863607763,-0.811863626578,map_000000050.png
-1.13232955198,2.69880741231,-0.000338841104676,0.349999889825,0.000268432418977,3.74894298147e-05,4.93030240853,4.9863607763,-0.811863626578,map_000000051.png
-1.09594703952,2.69882287718,-0.000339249255133,0.349999889128,0.000269340470059,3.79937118851e-05,4.93030240853,4.9863607763,-0.811863626578,map_000000052.png
-1.05956452778,2.69883849786,-0.000339639049302,0.349999873218,0.000289276809567,4.59268048871e-05,4.93030240853,4.9863607763,-0.811863626578,map_000000053.png
-1.02318201781,2.69885433805,-0.000340106223953,0.349999874599,0.000287600884149,4.66810888611e-05,4.93030240853,4.9863607763,-0.811863626578,map_000000054.png
-0.986799505365,2.69887208615,-0.000339647091499,0.349999874599,0.000287600884149,4.66810888611e-05,4.93030240853,4.9863607763,-0.811863626578,map_000000055.png
-0.95041699293,2.69888969739,-0.000339120267645,0.349999876627,0.000285122699318,4.75517008454e-05,4.93030240853,4.9863607763,-0.811863626578,map_000000056.png
-0.914034481451,2.69890712968,-0.000338520772806,0.34999988227,0.000278108401666,4.70330414828e-05,4.93030240853,4.9863607763,-0.811863626578,map_000000057.png
-0.877651972093,2.69892411009,-0.000337633083191,0.34999989351,0.000263584399874,4.56829729956e-05,4.93030240853,4.9863607763,-0.811863626578,map_000000058.png
-0.841269461992,2.69894019575,-0.00033690309773,0.349999898674,0.000256635708239,4.45207115263e-05,4.93030240853,4.9863607763,-0.811863626578,map_000000059.png
-0.804886949023,2.69895520719,-0.000336718745154,0.349999902684,0.000251107065972,4.35945403297e-05,4.93030240853,4.9863607763,-0.811863626578,map_000000060.png
-0.768504436571,2.69896965267,-0.000336405501933,0.349999882672,0.000277603187982,4.37629933003e-05,4.93030240853,4.9863607763,-0.811863626578,map_000000061.png
-0.733530790451,2.69899228561,-0.00033201405829,0.349999882672,0.000277603187982,4.37629933003e-05,4.93030240853,4.9863607763,-0.811863626578,map_000000062.png
-0.697148280626,2.69900852766,-0.000331777959444,0.349999885501,0.000274011979578,4.36549598817e-05,4.93030240853,4.9863607763,-0.811863626578,map_000000063.png
-0.697148280626,2.69900852766,-0.000331777959444,0.349999903817,0.00024952302815,3.69322660845e-05,4.93030240853,4.9863607763,-0.811863626578,map_000000064.png
-0.660765771277,2.69902494368,-0.000331546270582,0.349999903817,0.00024952302815,3.69322660845e-05,4.93030240853,4.9863607763,-0.811863626578,map_000000065.png
-0.62438326037,2.69903998078,-0.000331630019428,0.349999930219,0.000209237117585,3.63965809811e-05,4.93030240853,4.9863607763,-0.811863626578,map_000000066.png
-0.588000746835,2.69905228582,-0.000332109721786,0.349999914797,0.000233614482202,3.65623563994e-05,4.93030240853,4.9863607763,-0.811863626578,map_000000067.png
-0.551618231751,2.69906222465,-0.000332621475647,0.349999918534,0.00022794701145,3.68538021576e-05,4.93030240853,4.9863607763,-0.811863626578,map_000000068.png
-0.515235719288,2.69907428923,-0.000333118423777,0.349999931071,0.000207807721484,3.85067542084e-05,4.93030240853,4.9863607763,-0.811863626578,map_000000069.png
-0.478853206826,2.69908574698,-0.000333586490021,0.349999931071,0.000207807721484,3.85067542084e-05,4.93030240853,4.9863607763,-0.811863626578,map_000000070.png
-0.442470691746,2.6990954171,-0.000333910939179,0.349999916702,0.000230743173529,3.95847600885e-05,4.93030240853,4.9863607763,-0.811863626578,map_000000071.png
-0.40608817822,2.69910631304,-0.000334137925021,0.349999916443,0.0002311354035,4.04534803238e-05,4.93030240853,4.9863607763,-0.811863626578,map_000000072.png
-0.369705665767,2.69911804556,-0.000334285075569,0.349999914026,0.00023476598338,4.11069195252e-05,4.93030240853,4.9863607763,-0.811863626578,map_000000073.png
-0.333323153313,2.69912991164,-0.00033436489979,0.34999991342,0.000235669066668,4.16143448092e-05,4.93030240853,4.9863607763,-0.811863626578,map_000000074.png
-0.298330428685,2.69913231937,-0.000338822797681,0.349999915244,0.000232944296016,4.22890298069e-05,4.93030240853,4.9863607763,-0.811863626578,map_000000075.png
-0.261947916234,2.69914453791,-0.000338803148703,0.349999915244,0.000232944296016,4.22890298069e-05,4.93030240853,4.9863607763,-0.811863626578,map_000000076.png
-0.225565403525,2.69915648632,-0.000338842298718,0.349999902443,0.000251442404135,4.91430691909e-05,4.93030240853,4.9863607763,-0.811863626578,map_000000077.png
-0.189182891146,2.69916998194,-0.000338189655169,0.349999904409,0.000248691618366,4.92830295116e-05,4.93030240853,4.9863607763,-0.811863626578,map_000000078.png
-0.152800378712,2.69918368711,-0.000337390884468,0.349999906173,0.000246195989063,4.95111453347e-05,4.93030240853,4.9863607763,-0.811863626578,map_000000079.png
-0.11641786628,2.6991972028,-0.000336576652232,0.349999910432,0.000240065308114,4.87015931867e-05,4.93030240853,4.9863607763,-0.811863626578,map_000000080.png
-0.0800353538383,2.69921041274,-0.000335775353921,0.349999919655,0.000226219168215,4.66198544018e-05,4.93030240853,4.9863607763,-0.811863626578,map_000000081.png
-0.0436528410267,2.69922304411,-0.000335056506523,0.349999923877,0.000219589772463,4.55861736555e-05,4.93030240853,4.9863607763,-0.811863626578,map_000000082.png
-0.00727032504913,2.69923442812,-0.000334702893897,0.349999923877,0.000219589772463,4.55861736555e-05,4.93030240853,4.9863607763,-0.811863626578,map_000000083.png
0.029112189788,2.69924582758,-0.000333882327022,0.349999927452,0.000213816132388,4.46757767349e-05,4.93030240853,4.9863607763,-0.811863626578,map_000000084.png
0.0654947053457,2.69925612362,-0.000333524616142,0.349999915046,0.000233241073506,4.48433274869e-05,4.93030240853,4.9863607763,-0.811863626578,map_000000085.png
0.101877219382,2.69926758948,-0.00033340356057,0.349999931734,0.000206688122965,4.32496017311e-05,4.93030240853,4.9863607763,-0.811863626578,map_000000086.png
0.136850865644,2.69928738874,-0.000328400178045,0.34999992145,0.000223424051217,4.3046718929e-05,4.93030240853,4.9863607763,-0.811863626578,map_000000087.png
0.17323338119,2.69929721411,-0.00032821838964,0.349999924217,0.000219048005678,4.30318468716e-05,4.93030240853,4.9863607763,-0.811863626578,map_000000088.png
0.209615896733,2.69930834928,-0.000328053427358,0.349999948362,0.000176295171594,3.54208459612e-05,4.93030240853,4.9863607763,-0.811863626578,map_000000089.png
0.245998412279,2.69931907061,-0.000327889176624,0.349999948362,0.000176295171594,3.54208459612e-05,4.93030240853,4.9863607763,-0.811863626578,map_000000090.png
0.282380924988,2.69932569096,-0.000328441898808,0.349999950726,0.000171537748775,3.53374343831e-05,4.93030240853,4.9863607763,-0.811863626578,map_000000091.png
0.282380924988,2.69932569096,-0.000328441898808,0.349999952763,0.000167329822408,3.52551287506e-05,4.93030240853,4.9863607763,-0.811863626578,map_000000092.png
0.318763439836,2.6993315676,-0.000329062494281,0.349999952763,0.000167329822408,3.52551287506e-05,4.93030240853,4.9863607763,-0.811863626578,map_000000093.png
0.3551459554,2.69933705518,-0.000329689019046,0.34999994811,0.000176794917042,3.73430084437e-05,4.93030240853,4.9863607763,-0.811863626578,map_000000094.png
0.391528469646,2.69934275088,-0.000330197606069,0.34999993927,0.000193506683732,3.75075323973e-05,4.93030240853,4.9863607763,-0.811863626578,map_000000095.png
0.427910982107,2.69934939762,-0.000330612155459,0.349999935926,0.000199462564425,3.86118481401e-05,4.93030240853,4.9863607763,-0.811863626578,map_000000096.png
0.464293494806,2.69935741338,-0.000331004699836,0.34999993283,0.000204823844933,3.95395618398e-05,4.93030240853,4.9863607763,-0.811863626578,map_000000097.png
0.500676010362,2.69936598736,-0.000331292096623,0.34999993283,0.000204823844933,3.95395618398e-05,4.93030240853,4.9863607763,-0.811863626578,map_000000098.png
0.537058525914,2.69937506593,-0.000331491280446,0.349999930671,0.000208479577587,4.10806387663e-05,4.93030240853,4.9863607763,-0.811863626578,map_000000099.png
0.57205125289,2.6993748292,-0.000335766967388,0.349999931255,0.00020749785335,4.16772381868e-05,4.93030240853,4.9863607763,-0.811863626578,map_000000100.png
0.608433768345,2.69938426691,-0.000335696872394,0.349999932573,0.000205261846134,4.21417353209e-05,4.93030240853,4.9863607763,-0.811863626578,map_000000101.png
0.64481628389,2.69939356897,-0.000335653048721,0.349999921812,0.000222856128151,4.8720947234e-05,4.93030240853,4.9863607763,-0.811863626578,map_000000102.png
0.681198800091,2.69940308353,-0.000335785309307,0.349999923879,0.000219586401902,4.87837241963e-05,4.93030240853,4.9863607763,-0.811863626578,map_000000103.png
0.717581315624,2.69941407332,-0.000335039865283,0.349999928229,0.000212540235639,4.92520339321e-05,4.93030240853,4.9863607763,-0.811863626578,map_000000104.png
0.753963831158,2.69942476345,-0.000334286276306,0.349999928229,0.000212540235639,4.92520339321e-05,4.93030240853,4.9863607763,-0.811863626578,map_000000105.png
0.790346346243,2.6994348318,-0.000333281050244,0.349999932596,0.000205223631472,4.83017938677e-05,4.93030240853,4.9863607763,-0.811863626578,map_000000106.png
0.826728861781,2.69944431977,-0.000332548613634,0.349999936627,0.000198228742393,4.73389518447e-05,4.93030240853,4.9863607763,-0.811863626578,map_000000107.png
0.863111376491,2.6994532084,-0.000331899572953,0.349999940032,0.00019212215548,4.59982838947e-05,4.93030240853,4.9863607763,-0.811863626578,map_000000108.png
0.899493889895,2.69946154027,-0.000331346531091,0.349999944969,0.000182908654597,4.42588643637e-05,4.93030240853,4.9863607763,-0.811863626578,map_000000109.png
0.93587640165,2.69946931402,-0.000330622661304,0.349999946619,0.000179722168816,4.35952970292e-05,4.93030240853,4.9863607763,-0.811863626578,map_000000110.png
0.970850048303,2.699485327,-0.000326414550973,0.349999947812,0.000177383816253,4.26751794294e-05,4.93030240853,4.9863607763,-0.811863626578,map_000000111.png
1.00723256074,2.69949202241,-0.000326133390871,0.349999947812,0.000177383816253,4.26751794294e-05,4.93030240853,4.9863607763,-0.811863626578,map_000000112.png
1.04361507319,2.69949851988,-0.000325990227896,0.349999957481,0.000157153211793,3.65283340216e-05,4.93030240853,4.9863607763,-0.811863626578,map_000000113.png
1.07999758767,2.69950360933,-0.000326273749579,0.349999957759,0.000156531868192,3.62698337995e-05,4.93030240853,4.9863607763,-0.811863626578,map_000000114.png
1.11638010323,2.69950792399,-0.000326787151415,0.349999956807,0.000158645561066,3.68064211216e-05,4.93030240853,4.9863607763,-0.811863626578,map_000000115.png
1.15276261879,2.69951226347,-0.000327294173533,0.349999950962,0.000171056306241,3.69695480913e-05,4.93030240853,4.9863607763,-0.811863626578,map_000000116.png
1.18914513436,2.69951692712,-0.000327761708573,0.349999953152,0.000166515920704,3.86632455047e-05,4.93030240853,4.9863607763,-0.811863626578,map_000000117.png
1.22552764991,2.69952266577,-0.000328218214441,0.349999951696,0.000169546692403,3.95282404497e-05,4.93030240853,4.9863607763,-0.811863626578,map_000000118.png
1.26191016547,2.69952791727,-0.000328500539675,0.349999951696,0.000169546692403,3.95282404497e-05,4.93030240853,4.9863607763,-0.811863626578,map_000000119.png
1.29829268102,2.69953341333,-0.00032871074376,0.349999945637,0.000181624547875,3.9692124119e-05,4.93030240853,4.9863607763,-0.811863626578,map_000000120.png
1.29829268102,2.69953341333,-0.00032871074376,0.349999945637,0.000181624547875,3.9692124119e-05,4.93030240853,4.9863607763,-0.811863626578,map_000000121.png
1.33467519455,2.69953978376,-0.00032889402302,0.349999944441,0.000183915051508,4.11283690482e-05,4.93030240853,4.9863607763,-0.811863626578,map_000000122.png
1.37105770701,2.69954670128,-0.000328997691402,0.349999950439,0.000172122879073,4.18828276452e-05,4.93030240853,4.9863607763,-0.811863626578,map_000000123.png
1.4060504313,2.69954386863,-0.00033295197502,0.349999951559,0.000169830623983,4.22027369495e-05,4.93030240853,4.9863607763,-0.811863626578,map_000000124.png
1.44243294736,2.69954965175,-0.000333122703821,0.349999942156,0.000188213353555,4.82986797579e-05,4.93030240853,4.9863607763,-0.811863626578,map_000000125.png
1.47881546291,2.69955522448,-0.000333043991673,0.349999942156,0.000188213353555,4.82986797579e-05,4.93030240853,4.9863607763,-0.811863626578,map_000000126.png
1.51519797501,2.69956256586,-0.00033213796313,0.349999935838,0.00019961762984,4.84651536681e-05,4.93030240853,4.9863607763,-0.811863626578,map_000000127.png
1.55158048864,2.69957099315,-0.000331421441064,0.349999935926,0.000199462872681,4.89361700602e-05,4.93030240853,4.9863607763,-0.811863626578,map_000000128.png
1.58796300333,2.6995797129,-0.000331006134122,0.349999938115,0.000195583337956,4.77436406072e-05,4.93030240853,4.9863607763,-0.811863626578,map_000000129.png
1.62434551705,2.69958826728,-0.000330473534509,0.349999941508,0.000189414815976,4.68349899165e-05,4.93030240853,4.9863607763,-0.811863626578,map_000000130.png
1.66072802949,2.69959645527,-0.00032985193087,0.349999945153,0.000182556137019,4.63776814286e-05,4.93030240853,4.9863607763,-0.811863626578,map_000000131.png
1.69711054194,2.69960414173,-0.000329302078143,0.349999951734,0.000169469940404,4.49771760032e-05,4.93030240853,4.9863607763,-0.811863626578,map_000000132.png
1.73349305438,2.69961118977,-0.000328795362844,0.349999951734,0.000169469940404,4.49771760032e-05,4.93030240853,4.9863607763,-0.811863626578,map_000000133.png
1.76987556969,2.69961699984,-0.000328421342849,0.349999954342,0.00016399415776,4.43173048552e-05,4.93030240853,4.9863607763,-0.811863626578,map_000000134.png
1.8062580848,2.69962227895,-0.000327898547962,0.349999956365,0.000159618172842,4.37218695879e-05,4.93030240853,4.9863607763,-0.811863626578,map_000000135.png
1.84123173372,2.69963624207,-0.000323430702066,0.349999957285,0.000157588473934,4.33252134826e-05,4.93030240853,4.9863607763,-0.811863626578,map_000000136.png
1.87761424927,2.69964086723,-0.000323212902145,0.349999957808,0.000156423241559,4.27052436862e-05,4.93030240853,4.9863607763,-0.811863626578,map_000000137.png
1.91399676481,2.69964535049,-0.000323005075031,0.349999961756,0.000147324140381,7.73806532379e-05,4.93030240853,4.9863607763,-0.811863626578,map_000000138.png
1.95037928034,2.6996496713,-0.000322599651896,0.349999911186,0.000238963706127,0.000433096865891,4.93030240853,4.9863607763,-0.811863626578,map_000000139.png
1.98676179582,2.69965316428,-0.0003189223285,0.349999911186,0.000238963706127,0.000433096865891,4.93030240853,4.9863607763,-0.811863626578,map_000000140.png
2.02314430768,2.69966580178,-0.000281636272309,0.349999444303,0.000619613936793,0.00197731005028,4.93030240853,4.9863607763,-0.811863626578,map_000000141.png
2.05952678755,2.69970985583,-0.000126185051681,0.349999263109,0.000714672491034,0.00197260221466,4.93030240853,4.9863607763,-0.811863626578,map_000000142.png
2.09590923411,2.69977643961,7.15193724882e-05,0.349999242077,0.000724899556434,0.00197340897284,4.93030240853,4.9863607763,-0.811863626578,map_000000143.png
2.13229165627,2.69985522281,0.000269034121951,0.349957102023,0.00547920409116,0.0167451221496,4.93030240853,4.9863607763,-0.811863626578,map_000000144.png
2.16867297549,2.70005372348,0.000815185010042,0.349789562517,0.012134944907,0.038236360997,4.93030240853,4.9863607763,-0.811863626578,map_000000145.png
2.20504880695,2.7007179991,0.00269239085381,0.349177164771,0.0239854651045,0.0781626626849,4.93030240853,4.9863607763,-0.811863626578,map_000000146.png
2.24001778369,2.70204319732,0.00644623193422,0.349177164771,0.0239854651045,0.0781626626849,4.93030240853,4.9863607763,-0.811863626578,map_000000147.png
2.27628502803,2.70462911316,0.0138091343576,0.349171822661,0.0240631085479,0.0781888589263,4.93030240853,4.9863607763,-0.811863626578,map_000000148.png
2.27628502803,2.70462911316,0.0138091343576,0.346012088294,0.0467702737188,0.143427714705,4.93030240853,4.9863607763,-0.811863626578,map_000000149.png
2.31255384336,2.70769257532,0.0218027135086,0.346012088294,0.0467702737188,0.143427714705,4.93030240853,4.9863607763,-0.811863626578,map_000000150.png
2.34854540971,2.71231091344,0.0333893703153,0.311143981924,0.134974366203,0.477903425694,4.93030240853,4.9863607763,-0.811863626578,map_000000151.png
2.38289029884,2.72154479337,0.059897116734,0.301452639014,0.132180908816,0.478062808514,4.93030240853,4.9863607763,-0.811863626578,map_000000152.png
2.41379949646,2.73769253578,0.108778996583,0.240713642326,0.209569227732,0.776738703251,4.93030240853,4.9863607763,-0.811863626578,map_000000153.png
2.44282842671,2.75522672561,0.158836378817,0.239777819144,0.200428880128,0.703674793243,4.93030240853,4.9863607763,-0.811863626578,map_000000154.png
2.46324536325,2.78074439074,0.238271786568,0.239777819144,0.200428880128,0.703674793243,4.93030240853,4.9863607763,-0.811863626578,map_000000155.png
2.48176801564,2.80702802226,0.311389638673,0.216722564782,0.217612319224,0.786522388458,4.93030240853,4.9863607763,-0.811863626578,map_000000156.png
2.49635951663,2.83498539684,0.389218380843,0.248928953255,0.192902878929,0.667631208897,4.93030240853,4.9863607763,-0.811863626578,map_000000157.png
2.51003542164,2.86377053198,0.463103072944,0.263814545239,0.176065749375,0.633542954922,4.93030240853,4.9863607763,-0.811863626578,map_000000158.png
2.52434070664,2.8928728805,0.530161010598,0.293858533438,0.138390923264,0.517010569572,4.93030240853,4.9863607763,-0.811863626578,map_000000159.png
2.53837442903,2.92106127158,0.590624044378,0.312995205151,0.103257785443,0.444295287132,4.93030240853,4.9863607763,-0.811863626578,map_000000160.png
2.55528968535,2.95003961244,0.643493746501,0.339920660782,0.0248876692192,0.272862941027,4.93030240853,4.9863607763,-0.811863626578,map_000000161.png
2.57437572324,2.97829701551,0.689211888355,0.339920660782,0.0248876692192,0.272862941027,4.93030240853,4.9863607763,-0.811863626578,map_000000162.png
2.59837759433,3.00381433899,0.720486279408,0.345844928524,-0.0111141246483,0.193648725748,4.93030240853,4.9863607763,-0.811863626578,map_000000163.png
2.62488688783,3.02774360062,0.743404728836,0.347658104916,-0.0390569580691,0.135349869728,4.93030240853,4.9863607763,-0.811863626578,map_000000164.png
2.65301966931,3.05045535963,0.760463941285,0.345883622957,-0.0535211575321,0.0884827002883,4.93030240853,4.9863607763,-0.811863626578,map_000000165.png
2.68223729778,3.07214376507,0.772822205462,0.345261084833,-0.0574001588307,0.0338971242309,4.93030240853,4.9863607763,-0.811863626578,map_000000166.png
2.71186830746,3.0932880987,0.78121879667,0.346197550985,-0.0514514394912,0.0181438867003,4.93030240853,4.9863607763,-0.811863626578,map_000000167.png
2.74153625566,3.11436087113,0.784690119349,0.346197550985,-0.0514514394912,0.0181438867003,4.93030240853,4.9863607763,-0.811863626578,map_000000168.png
2.77113932282,3.13552724099,0.788155668807,0.347325084703,-0.0431888928953,0.00555432029068,4.93030240853,4.9863607763,-0.811863626578,map_000000169.png
2.7999165231,3.157793007,0.78907924439,0.347256178588,-0.0437394714919,0.00555544067174,4.93030240853,4.9863607763,-0.811863626578,map_000000170.png
2.82855696874,3.18023346252,0.789647621139,0.349276666913,-0.0224901063523,-0.00341608980671,4.93030240853,4.9863607763,-0.811863626578,map_000000171.png
2.85549801034,3.2025290082,0.78980461948,0.349719699018,-0.014004536856,-0.00407134182751,4.93030240853,4.9863607763,-0.811863626578,map_000000172.png
2.8825887026,3.22681829897,0.78943792894,0.349998675202,0.000960359613665,-0.00478911213577,4.93030240853,4.9863607763,-0.811863626578,map_000000173.png
2.90914243899,3.25169139769,0.789018035361,0.34996303606,0.00508609132546,-0.00424140319228,4.93030240853,4.9863607763,-0.811863626578,map_000000174.png
2.93471099462,3.27758142547,0.788528100706,0.34996303606,0.00508609132546,-0.00424140319228,4.93030240853,4.9863607763,-0.811863626578,map_000000175.png
2.96000813901,3.30373561381,0.788089861304,0.349961529798,0.00518869880619,-0.00424354616553,4.93030240853,4.9863607763,-0.811863626578,map_000000176.png
2.98529021618,3.32990483279,0.787654234838,0.349912109098,0.00784288469594,-0.00342871970497,4.93030240853,4.9863607763,-0.811863626578,map_000000177.png
2.98529021618,3.32990483279,0.787654234838,0.349934615429,0.00676460332718,-0.00194679270498,4.93030240853,4.9863607763,-0.811863626578,map_000000178.png
3.01046060032,3.35618044285,0.787270599853,0.349934615429,0.00676460332718,-0.00194679270498,4.93030240853,4.9863607763,-0.811863626578,map_000000179.png
3.03558498168,3.38250154866,0.786990211504,0.3499524424,0.00576914132703,-0.00129472813569,4.93030240853,4.9863607763,-0.811863626578,map_000000180.png
3.06080002776,3.40873209445,0.786796912242,0.349988418626,0.002846359252,-0.000253985170275,4.93030240853,4.9863607763,-0.811863626578,map_000000181.png
3.08607849041,3.43490135605,0.786673264008,0.349987970561,0.00290093019761,-0.000254795420915,4.93030240853,4.9863607763,-0.811863626578,map_000000182.png
3.1115732033,3.46086047366,0.786639325911,0.349987970561,0.00290093019761,-0.000254795420915,4.93030240853,4.9863607763,-0.811863626578,map_000000183.png
3.13704559447,3.48684153405,0.786618801845,0.349999753047,0.000409635184677,0.000241460977122,4.93030240853,4.9863607763,-0.811863626578,map_000000184.png
3.16167528313,3.5116879472,0.786627722598,0.349999928153,-0.000212665024971,0.000302541768178,4.93030240853,4.9863607763,-0.811863626578,map_000000185.png
3.18735645072,3.53746279974,0.786661416536,0.349998802733,-0.00091269873642,0.00033270381391,4.93030240853,4.9863607763,-0.811863626578,map_000000186.png
3.21309962164,3.56317569804,0.786683930613,0.349997874015,-0.00121783363605,0.000323894899338,4.93030240853,4.9863607763,-0.811863626578,map_000000187.png
3.23886282548,3.5888678844,0.786718400804,0.349997340531,-0.00136255446967,0.000272737699561,4.93030240853,4.9863607763,-0.811863626578,map_000000188.png
3.26465627696,3.61453041232,0.786743297234,0.349997788477,-0.00124217353127,0.000188398407772,4.93030240853,4.9863607763,-0.811863626578,map_000000189.png
3.29043971645,3.64020258277,0.786776695538,0.349997788477,-0.00124217353127,0.000188398407772,4.93030240853,4.9863607763,-0.811863626578,map_000000190.png
3.31621485295,3.66588341503,0.786802493351,0.349998370606,-0.00106560168906,0.000151644693688,4.93030240853,4.9863607763,-0.811863626578,map_000000191.png
3.34200133384,3.69155294473,0.786809538234,0.349998789512,-0.000917754678114,0.000100874342024,4.93030240853,4.9863607763,-0.811863626578,map_000000192.png
3.36776248361,3.71724719399,0.786822794962,0.349999103148,-0.000789132012701,6.20244536549e-05,4.93030240853,4.9863607763,-0.811863626578,map_000000193.png
3.39352731649,3.74293843194,0.786823656093,0.349999442976,-0.000620362706638,5.07547520101e-05,4.93030240853,4.9863607763,-0.811863626578,map_000000194.png
3.41926386585,3.76865764279,0.78683522965,0.349999753131,-0.000409562798187,2.8338516131e-05,4.93030240853,4.9863607763,-0.811863626578,map_000000195.png
3.44401057603,3.79338776086,0.786839073785,0.349999787943,-0.000378647066361,1.04440841824e-05,4.93030240853,4.9863607763,-0.811863626578,map_000000196.png
3.46972205339,3.81913237595,0.786847485249,0.349999787943,-0.000378647066361,1.04440841824e-05,4.93030240853,4.9863607763,-0.811863626578,map_000000197.png
3.49545336865,3.84485715029,0.786839341314,0.349999821922,-0.000345815027319,3.95928509533e-06,4.93030240853,4.9863607763,-0.811863626578,map_000000198.png
3.5211675393,3.87059842266,0.78684054212,0.349999781435,-0.000384615871976,-9.37818549573e-06,4.93030240853,4.9863607763,-0.811863626578,map_000000199.png
3.54689489897,3.89632715757,0.786832233584,0.349999775035,-0.000390396115527,-3.23401764035e-07,4.93030240853,4.9863607763,-0.811863626578,map_000000200.png
3.57260454917,3.92207327951,0.786837112702,0.349999787156,-0.000379373346215,1.14180147648e-05,4.93030240853,4.9863607763,-0.811863626578,map_000000201.png
3.59831452957,3.94781939122,0.786842826583,0.349999737606,-0.000422621722721,3.38233076036e-06,4.93030240853,4.9863607763,-0.811863626578,map_000000202.png
3.62404567188,3.97354433834,0.786834498532,0.349999748821,-0.000413229981254,2.66288407147e-06,4.93030240853,4.9863607763,-0.811863626578,map_000000203.png
3.64976487477,3.99928058102,0.786835357573,0.349999748821,-0.000413229981254,2.66288407147e-06,4.93030240853,4.9863607763,-0.811863626578,map_000000204.png
3.64976487477,3.99928058102,0.786835357573,0.349999694492,-0.000456934548089,-6.62729144096e-06,4.93030240853,4.9863607763,-0.811863626578,map_000000205.png
3.67549611469,4.02500543944,0.786827655444,0.349999694492,-0.000456934548089,-6.62729144096e-06,4.93030240853,4.9863607763,-0.811863626578,map_000000206.png
3.70120993308,4.0507473948,0.786832806865,0.349999700455,-0.000452343549902,3.13553027809e-06,4.93030240853,4.9863607763,-0.811863626578,map_000000207.png
3.72692490611,4.07648851465,0.786838291489,0.349999726077,-0.000432064450345,1.39703042805e-05,4.93030240853,4.9863607763,-0.811863626578,map_000000208.png
3.75165939981,4.10123084871,0.786837743136,0.349999683888,-0.000464986226091,5.52809797227e-06,4.93030240853,4.9863607763,-0.811863626578,map_000000209.png
3.7773948259,4.12695151541,0.786829456248,0.349999641722,-0.000495709410884,-3.41609120369e-06,4.93030240853,4.9863607763,-0.811863626578,map_000000210.png
3.80311727283,4.15268451861,0.78683065217,0.349999641722,-0.000495709410884,-3.41609120369e-06,4.93030240853,4.9863607763,-0.811863626578,map_000000211.png
3.82885233307,4.17840555908,0.786823192156,0.349999670282,-0.00047511667235,9.11671668291e-06,4.93030240853,4.9863607763,-0.811863626578,map_000000212.png
3.85456891981,4.20414474584,0.786829431548,0.349999670475,-0.000474974588905,5.89084811509e-06,4.93030240853,4.9863607763,-0.811863626578,map_000000213.png
3.8802854702,4.22988428851,0.786835697529,0.349999710016,-0.000444884238541,1.63645017892e-05,4.93030240853,4.9863607763,-0.811863626578,map_000000214.png
3.90602280778,4.25560304254,0.786827181697,0.349999675666,-0.00047113407738,6.29294663668e-06,4.93030240853,4.9863607763,-0.811863626578,map_000000215.png
3.93174441965,4.28133687711,0.78682908491,0.349999637978,-0.000498345961382,-3.82168218493e-06,4.93030240853,4.9863607763,-0.811863626578,map_000000216.png
3.9574801983,4.30705719663,0.786821516654,0.349999673793,-0.00047252329995,4.66429628432e-06,4.93030240853,4.9863607763,-0.811863626578,map_000000217.png
3.98319833142,4.33279483704,0.786826792499,0.349999673793,-0.00047252329995,4.66429628432e-06,4.93030240853,4.9863607763,-0.811863626578,map_000000218.png
4.0089166716,4.35853259036,0.786832168229,0.349999715176,-0.000440806288043,1.5300931409e-05,4.93030240853,4.9863607763,-0.811863626578,map_000000219.png
4.0346532255,4.3842521306,0.786823661039,0.349999686832,-0.000462764726643,6.67572021484e-06,4.93030240853,4.9863607763,-0.811863626578,map_000000220.png
4.0593884399,4.40899374549,0.786823549296,0.349999656774,-0.000484965633057,-2.10246071219e-06,4.93030240853,4.9863607763,-0.811863626578,map_000000221.png
4.08511156576,4.4347260692,0.786824445876,0.349999702008,-0.000451140938532,9.94140282273e-06,4.93030240853,4.9863607763,-0.811863626578,map_000000222.png
4.11084768598,4.46044604863,0.786816428377,0.349999691257,-0.000459405673706,7.33882188797e-06,4.93030240853,4.9863607763,-0.811863626578,map_000000223.png
4.13656252142,4.48618698595,0.786822944213,0.349999732457,-0.000426864563693,1.90094579011e-05,4.93030240853,4.9863607763,-0.811863626578,map_000000224.png
4.1622780905,4.51192751083,0.786829207885,0.349999732457,-0.000426864563693,1.90094579011e-05,4.93030240853,4.9863607763,-0.811863626578,map_000000225.png
4.18801325664,4.53764843651,0.786821566848,0.349999691875,-0.000458934888808,8.52649100125e-06,4.93030240853,4.9863607763,-0.811863626578,map_000000226.png
4.21373482075,4.56338232043,0.786823237771,0.349999645722,-0.00049287702937,-1.37405004352e-05,4.93030240853,4.9863607763,-0.811863626578,map_000000227.png
4.23947106303,4.58910217672,0.786814812741,0.349999654391,-0.000486682343325,-1.44599471241e-05,4.93030240853,4.9863607763,-0.811863626578,map_000000228.png
4.26518878208,4.61484023171,0.78681887378,0.369218752888,-0.000528259609736,-0.000117663294077,4.93030240853,4.9863607763,-0.811863626578,map_000000229.png
4.29128711151,4.64095872267,0.786820244103,0.359218565898,-0.000644524423327,-0.000565968686715,4.93030240853,4.9863607763,-0.811863626578,map_000000230.png
4.31838481837,4.66802955791,0.78679499758,0.349218590142,-0.000620673808787,-0.00056687137112,4.93030240853,4.9863607763,-0.811863626578,map_000000231.png
4.34378522581,4.69340921534,0.78673809283,0.349218590142,-0.000620673808787,-0.00056687137112,4.93030240853,4.9863607763,-0.811863626578,map_000000232.png
4.36954935615,4.71915535207,0.786680763288,0.339217814536,-0.000953684406141,-0.00174700003117,4.93030240853,4.9863607763,-0.811863626578,map_000000233.png
4.36954935615,4.71915535207,0.786680763288,0.319215219237,-0.0015895994422,-0.00404336862266,4.93030240853,4.9863607763,-0.811863626578,map_000000234.png
4.39475150389,4.74427665098,0.786531083892,0.309215109309,-0.00158767919657,-0.00382091035135,4.93030240853,4.9863607763,-0.811863626578,map_000000235.png
4.4189645315,4.76835268713,0.786225858171,0.309215109309,-0.00158767919657,-0.00382091035135,4.93030240853,4.9863607763,-0.811863626578,map_000000236.png
4.44222814851,4.79145623027,0.785834352567,0.299209177832,-0.00244743065748,-0.00756924040616,4.93030240853,4.9863607763,-0.811863626578,map_000000237.png
4.46492189872,4.81388531198,0.785348676055,0.289209372008,-0.00238369676918,-0.0075724744238,4.93030240853,4.9863607763,-0.811863626578,map_000000238.png
4.48707281156,4.83566905752,0.784574646511,0.279209285538,-0.00235413973434,-0.0069884499535,4.93030240853,4.9863607763,-0.811863626578,map_000000239.png
4.50853847985,4.85672416649,0.783793547554,0.279209285538,-0.00235413973434,-0.0069884499535,4.93030240853,4.9863607763,-0.811863626578,map_000000240.png
4.52933757661,4.87714462697,0.783085016932,0.259197449959,-0.00336047154624,-0.0117711629719,4.93030240853,4.9863607763,-0.811863626578,map_000000241.png
4.54906920215,4.89630935367,0.782004320656,0.249155868653,-0.00561925190834,-0.0239917673171,4.93030240853,4.9863607763,-0.811863626578,map_000000242.png
4.56812308986,4.91456153333,0.780123320176,0.239147467235,-0.00585862553964,-0.0229376703501,4.93030240853,4.9863607763,-0.811863626578,map_000000243.png
4.58667065694,4.93206995651,0.777707136225,0.22897003278,-0.0106850376453,-0.0517574064434,4.93030240853,4.9863607763,-0.811863626578,map_000000244.png
4.60404538471,4.94820249082,0.774873813896,0.21894916385,-0.0108776991159,-0.0489538535476,4.93030240853,4.9863607763,-0.811863626578,map_000000245.png
4.62183371382,4.96405215821,0.769577813142,0.197657367919,-0.024896868738,-0.132524833083,4.93030240853,4.9863607763,-0.811863626578,map_000000246.png
4.63896947958,4.97907045142,0.76456794929,0.197657367919,-0.024896868738,-0.132524833083,4.93030240853,4.9863607763,-0.811863626578,map_000000247.png
4.65566733289,4.99182009446,0.752328220078,0.187546515427,-0.0251039328682,-0.124625697732,4.93030240853,4.9863607763,-0.811863626578,map_000000248.png
4.671923581,5.00349309388,0.739310789577,0.157660313208,-0.0852217221272,-0.558124423027,4.93030240853,4.9863607763,-0.811863626578,map_000000249.png
4.68889172092,5.01138843896,0.704393969386,0.143634374419,-0.0894667406378,-0.539951503277,4.93030240853,4.9863607763,-0.811863626578,map_000000250.png
4.70657060131,5.01474386745,0.647960051233,0.0976549687507,-0.112826712609,-0.725099980831,4.93030240853,4.9863607763,-0.811863626578,map_000000251.png
4.72340482996,5.01560063694,0.589825893997,0.0820012276702,-0.112506774977,-0.815197229385,4.93030240853,4.9863607763,-0.811863626578,map_000000252.png
4.73783325544,5.01157499551,0.515672324622,0.0797386877298,-0.101682510049,-0.72826808691,4.93030240853,4.9863607763,-0.811863626578,map_000000253.png
4.75039895491,5.00579114884,0.432303671053,0.0797386877298,-0.101682510049,-0.72826808691,4.93030240853,4.9863607763,-0.811863626578,map_000000254.png
4.7619641523,4.99972282066,0.356116994645,0.0694151409953,-0.0969264995228,-0.728511095047,4.93030240853,4.9863607763,-0.811863626578,map_000000255.png
4.77216693974,4.99307508317,0.281623192547,0.0969691465589,-0.0634663141495,-0.492470830679,4.93030240853,4.9863607763,-0.811863626578,map_000000256.png
4.78205001556,4.98784561874,0.221133642443,0.102858030388,-0.0251668777327,-0.346656471491,4.93030240853,4.9863607763,-0.811863626578,map_000000257.png
4.79311124323,4.98487311965,0.174784900132,0.0959342203734,-0.0234840195357,-0.346772015095,4.93030240853,4.9863607763,-0.811863626578,map_000000258.png
4.80394301165,4.98430452984,0.139328033134,0.0995755572797,-0.00638880259649,-0.256153225899,4.93030240853,4.9863607763,-0.811863626578,map_000000259.png
4.81408684712,4.98343224763,0.103864312158,0.0995755572797,-0.00638880259649,-0.256153225899,4.93030240853,4.9863607763,-0.811863626578,map_000000260.png
4.82443217653,4.98383237577,0.0769580699874,0.100408665028,0.00545781021,-0.186715424061,4.93030240853,4.9863607763,-0.811863626578,map_000000261.png
4.83479711761,4.98500655638,0.0562256503834,0.100494337453,0.0115069162038,-0.133592233062,4.93030240853,4.9863607763,-0.811863626578,map_000000262.png
4.83479711761,4.98500655638,0.0562256503834,0.0891762691932,0.018993509482,-0.0772484764457,4.93030240853,4.9863607763,-0.811863626578,map_000000263.png
4.84518721063,4.98660533177,0.0404714964968,0.0891762691932,0.018993509482,-0.0772484764457,4.93030240853,4.9863607763,-0.811863626578,map_000000264.png
4.85506107217,4.98858757514,0.0292508315437,0.0787569452539,0.0196716359677,-0.0461754351854,4.93030240853,4.9863607763,-0.811863626578,map_000000265.png
4.86398868097,4.99088247686,0.0222086864912,0.0756768299989,0.0186093368452,-0.0225594285876,4.93030240853,4.9863607763,-0.811863626578,map_000000266.png
4.87209789398,4.99312126435,0.0177657080647,0.0762103366089,0.0162872530055,-0.00573577918112,4.93030240853,4.9863607763,-0.811863626578,map_000000267.png
4.87993962186,4.99519782038,0.0154532196095,0.0773597296127,0.00942137202099,0.011491952464,4.93030240853,4.9863607763,-0.811863626578,map_000000268.png
4.88776609368,4.99727955163,0.0131520487228,0.0773597296127,0.00942137202099,0.011491952464,4.93030240853,4.9863607763,-0.811863626578,map_000000269.png
4.8954465468,4.99847863185,0.0138031627497,0.0677401923145,0.00509216272315,-1.0,4.93030240853,4.9863607763,-0.811863626578,map_000000270.png
4.9029637858,4.99973727788,-0.0407286337297,0.057914477409,0.00139660381348,-1.0,4.93030240853,4.9863607763,-0.811863626578,map_000000271.png
4.90964613969,5.00048972569,-0.14300287661,0.0499940452997,-0.000771758723392,-1.0,4.93030240853,4.9863607763,-0.811863626578,map_000000272.png
4.91553233181,5.00043304294,-0.24527711709,0.0499989950448,-0.000317287666392,-1.0,4.93030240853,4.9863607763,-0.811863626578,map_000000273.png
4.92077473105,4.99979242203,-0.347548089584,0.0492168896557,0.00881464404128,-0.850596189499,4.93030240853,4.9863607763,-0.811863626578,map_000000274.png
4.92593038443,4.99866102985,-0.449819917922,0.0492168896557,0.00881464404128,-0.850596189499,4.93030240853,4.9863607763,-0.811863626578,map_000000275.png
4.93124543094,4.99773710465,-0.537982174736,0.0476485363288,0.0151531238586,-0.697472989559,4.93030240853,4.9863607763,-0.811863626578,map_000000276.png
4.93661520599,4.99683351854,-0.612915766459,0.0448361900274,0.0221295332255,-0.544297456741,4.93030240853,4.9863607763,-0.811863626578,map_000000277.png
4.94202355038,4.9960557407,-0.674598262198,0.0416208602777,0.0277074749246,-0.412235081196,4.93030240853,4.9863607763,-0.811863626578,map_000000278.png
4.947417718,4.99546036079,-0.724550572305,0.0381535245114,0.0323157661878,-0.299971610308,4.93030240853,4.9863607763,-0.811863626578,map_000000279.png
4.95283802413,4.99508029643,-0.763613913516,0.0318698817232,0.0385267545467,-0.132687523961,4.93030240853,4.9863607763,-0.811863626578,map_000000280.png
4.95800252419,4.99497853398,-0.791794123517,0.0317822506046,0.0385990767177,-0.132731169462,4.93030240853,4.9863607763,-0.811863626578,map_000000281.png
4.96327669413,4.99549199972,-0.805363435297,0.0317822506046,0.0385990767177,-0.132731169462,4.93030240853,4.9863607763,-0.811863626578,map_000000282.png
4.9685567124,4.99594423117,-0.818936673015,0.0,0.0,0.0,4.93030240853,4.9863607763,-0.811863626578,map_000000283.png
