1.03381124666,1.71983585857,0.142568962292,0.0,0.0,0.0,-2.01977868936,3.08231073877,1.02625946075,map_000000001.png
1.03380394329,1.71980788554,0.144472129618,0.0,0.0,0.0,-2.01977868936,3.08231073877,1.02625946075,map_000000002.png
1.03380394329,1.71980788554,0.144472129618,0.0,0.0,0.0,-2.01977868936,3.08231073877,1.02625946075,map_000000003.png
1.03381383558,1.71981777082,0.144476104404,0.0,0.0,0.0,-2.01977868936,3.08231073877,1.02625946075,map_000000004.png
1.03381387544,1.71981774021,0.144476081465,0.0,0.0,0.0,-2.01977868936,3.08231073877,1.02625946075,map_000000005.png
1.03380397676,1.71980787381,0.144472174869,0.0,0.0,0.0,-2.01977868936,3.08231073877,1.02625946075,map_000000006.png
1.03381386893,1.71981775921,0.144476135466,-0.0534693927696,-0.0355163311281,1.0,-2.01977868936,3.08231073877,1.02625946075,map_000000007.png
1.03381390881,1.7198177284,0.144476132716,-0.0530824331118,-0.0360928218898,1.0,-2.01977868936,3.08231073877,1.02625946075,map_000000008.png
1.02941235527,1.71441240259,0.242827846716,-0.0530824331118,-0.0360928218898,1.0,-2.01977868936,3.08231073877,1.02625946075,map_000000009.png
1.02546815723,1.70830983853,0.345108317031,-0.0526999227014,-0.0366490742624,1.0,-2.01977868936,3.08231073877,1.02625946075,map_000000010.png
1.02222841838,1.70179571077,0.44738244127,-0.0719297474128,-0.0167350300656,1.0,-2.01977868936,3.08231073877,1.02625946075,map_000000011.png
1.01830874981,1.69537242576,0.549657242638,-0.0880741987012,0.0324178773605,1.0,-2.01977868936,3.08231073877,1.02625946075,map_000000012.png
1.012318847,1.68986828622,0.651930419919,-0.0864389190746,0.0575613904277,1.0,-2.01977868936,3.08231073877,1.02625946075,map_000000013.png
1.00352748581,1.68610055568,0.754205132284,-0.0805751839381,0.0804341776963,1.0,-2.01977868936,3.08231073877,1.02625946075,map_000000014.png
0.993688246029,1.68310537005,0.856479842749,-0.0730773162449,0.0999936974445,1.0,-2.01977868936,3.08231073877,1.02625946075,map_000000015.png
0.982712231085,1.68106027103,0.958751792969,-0.0730773162449,0.0999936974445,1.0,-2.01977868936,3.08231073877,1.02625946075,map_000000016.png
0.970934255331,1.67930884361,1.06102585148,-0.0729607808692,0.100360995712,1.0,-2.01977868936,3.08231073877,1.02625946075,map_000000017.png
0.959105309253,1.67671523965,1.16330309514,-0.0525768360674,0.134143367298,1.0,-2.01977868936,3.08231073877,1.02625946075,map_000000018.png
0.946280830664,1.67448580817,1.26557505396,-0.0189492528939,0.152909369079,1.0,-2.01977868936,3.08231073877,1.02625946075,map_000000019.png
0.932012258153,1.67366988255,1.36784783219,-0.00111408601927,0.164075258545,1.0,-2.01977868936,3.08231073877,1.02625946075,map_000000020.png
0.917493517069,1.67415891966,1.46617952659,-0.00358554336294,0.174042114185,1.0,-2.01977868936,3.08231073877,1.02625946075,map_000000021.png
0.901461880679,1.67493266577,1.56843545894,-0.00358554336294,0.174042114185,1.0,-2.01977868936,3.08231073877,1.02625946075,map_000000022.png
0.88541576363,1.67406595597,1.67070088495,0.0314030264933,0.181380663786,1.0,-2.01977868936,3.08231073877,1.02625946075,map_000000023.png
0.867504749178,1.67395775276,1.77297681435,0.0710657416517,0.191305842404,1.0,-2.01977868936,3.08231073877,1.02625946075,map_000000024.png
0.848088824693,1.67495555624,1.87524784087,0.0727239653519,0.201348137112,1.0,-2.01977868936,3.08231073877,1.02625946075,map_000000025.png
0.827321043381,1.6752223467,1.9775200224,0.095774069978,0.202580248583,1.0,-2.01977868936,3.08231073877,1.02625946075,map_000000026.png
0.805749524243,1.67378086227,2.07979015873,0.117847445805,0.202249832237,1.0,-2.01977868936,3.08231073877,1.02625946075,map_000000027.png
0.783305258677,1.67181798562,2.18205888095,0.169206335778,0.18953994279,1.0,-2.01977868936,3.08231073877,1.02625946075,map_000000028.png
0.759965784984,1.66919563565,2.28432999644,0.169206335778,0.18953994279,1.0,-2.01977868936,3.08231073877,1.02625946075,map_000000029.png
0.734378243757,1.66878702469,2.38660109983,0.19671054934,0.176189428005,1.0,-2.01977868936,3.08231073877,1.02625946075,map_000000030.png
0.734378243757,1.66878702469,2.38660109983,0.223963457339,0.157986395794,1.0,-2.01977868936,3.08231073877,1.02625946075,map_000000031.png
0.707799551367,1.66828902968,2.48887084469,0.223963457339,0.157986395794,1.0,-2.01977868936,3.08231073877,1.02625946075,map_000000032.png
0.680316331099,1.66755382624,2.59114222927,0.247225912276,0.139929455191,1.0,-2.01977868936,3.08231073877,1.02625946075,map_000000033.png
0.652995261565,1.66650065071,2.68948757849,0.269131481921,0.118535756661,0.974971473217,-2.01977868936,3.08231073877,1.02625946075,map_000000034.png
0.623718274144,1.66476217833,2.79116866326,0.30699962445,0.0663088085124,0.674647986889,-2.01977868936,3.08231073877,1.02625946075,map_000000035.png
0.593449126169,1.6627214526,2.88850733331,0.322298796627,0.0339218504078,0.522352397442,-2.01977868936,3.08231073877,1.02625946075,map_000000036.png
0.560957007926,1.66360015687,2.95750130916,0.322298796627,0.0339218504078,0.522352397442,-2.01977868936,3.08231073877,1.02625946075,map_000000037.png
0.527508610988,1.66547094467,3.01271044072,0.333712963895,-0.000193011587382,0.376519590616,-2.01977868936,3.08231073877,1.02625946075,map_000000038.png
0.493261491682,1.66861669195,3.05522888218,0.339837282643,-0.0210681806599,0.273155152798,-2.01977868936,3.08231073877,1.02625946075,map_000000039.png
0.458391211435,1.67262875549,3.08763382867,0.339777916821,-0.0220048665443,0.273247212172,-2.01977868936,3.08231073877,1.02625946075,map_000000040.png
0.423193044466,1.67655566661,3.11556982709,0.346574572,-0.048847323125,0.078183658421,-2.01977868936,3.08231073877,1.02625946075,map_000000041.png
0.387745964922,1.68017557011,3.13890791903,0.346218962874,-0.0513071601275,0.0363066457212,-2.01977868936,3.08231073877,1.02625946075,map_000000042.png
0.351711977942,1.68530712353,-3.13661223072,0.346131226703,-0.0518957496767,0.0363196581602,-2.01977868936,3.08231073877,1.02625946075,map_000000043.png
0.31568320205,1.69043295271,-3.13289765921,0.346131226703,-0.0518957496767,0.0363196581602,-2.01977868936,3.08231073877,1.02625946075,map_000000044.png
0.279642972027,1.69547924243,-3.12918222637,0.345917420691,-0.0533022794673,0.0013255267404,-2.01977868936,3.08231073877,1.02625946075,map_000000045.png
0.245001508025,1.7003087312,-3.12808284456,0.348822183792,-0.028689353922,-0.0213202219456,-2.01977868936,3.08231073877,1.02625946075,map_000000046.png
0.208826643544,1.70408977363,-3.1291103995,0.348812878715,-0.0288022668607,-0.0213264264166,-2.01977868936,3.08231073877,1.02625946075,map_000000047.png
0.172532509913,1.70664052146,-3.13129129998,0.34944807126,-0.0196479115003,-0.022981705144,-2.01977868936,3.08231073877,1.02625946075,map_000000048.png
0.13623564914,1.70913141976,-3.13349864766,0.349950946103,-0.00585920259566,-0.0181757751852,-2.01977868936,3.08231073877,1.02625946075,map_000000049.png
0.0998944630306,1.71089831917,-3.13584913386,0.349953685926,-0.00569321003743,-0.0181809253991,-2.01977868936,3.08231073877,1.02625946075,map_000000050.png
0.0635117482613,1.71131306673,-3.13770790783,0.349953685926,-0.00569321003743,-0.0181809253991,-2.01977868936,3.08231073877,1.02625946075,map_000000051.png
0.027129667886,1.71178084223,-3.13956718352,0.349943431698,0.00629202235154,-0.00856521259993,-2.01977868936,3.08231073877,1.02625946075,map_000000052.png
-0.00924914174006,1.71149792578,-3.14078076783,0.349938231707,0.00657487058795,-0.00856715533882,-2.01977868936,3.08231073877,1.02625946075,map_000000053.png
-0.0456266661804,1.71080640358,3.14153289534,0.34989812098,0.00844392492955,-0.00578018371016,-2.01977868936,3.08231073877,1.02625946075,map_000000054.png
-0.0820032726904,1.71007251749,3.14074884389,0.34989438769,0.00859723192872,-0.00396081991494,-2.01977868936,3.08231073877,1.02625946075,map_000000055.png
-0.116968820356,1.70925047987,3.14021091943,0.349912920162,0.00780661497245,-0.00265375967138,-2.01977868936,3.08231073877,1.02625946075,map_000000056.png
-0.153343188595,1.70841026845,3.1398100024,0.349912920162,0.00780661497245,-0.00265375967138,-2.01977868936,3.08231073877,1.02625946075,map_000000057.png
-0.189719540169,1.70766272183,3.13953766951,0.349953910672,0.00567937841919,-0.000670343870297,-2.01977868936,3.08231073877,1.02625946075,map_000000058.png
-0.226099035178,1.70709762663,3.13942664344,0.349972703488,0.00437055454161,-6.82775862515e-05,-2.01977868936,3.08231073877,1.02625946075,map_000000059.png
-0.226099035178,1.70709762663,3.13942664344,0.349985536619,0.00318105186477,0.000341113191098,-2.01977868936,3.08231073877,1.02625946075,map_000000060.png
-0.262480472554,1.7066702786,3.13940028581,0.349985536619,0.00318105186477,0.000341113191098,-2.01977868936,3.08231073877,1.02625946075,map_000000061.png
-0.298863044405,1.70635287538,3.13941691162,0.349992557915,0.00228130179262,0.000508679775521,-2.01977868936,3.08231073877,1.02625946075,map_000000062.png
-0.335256803456,1.70613972512,3.13945648596,0.349998138106,0.0011394103606,0.00052545662038,-2.01977868936,3.08231073877,1.02625946075,map_000000063.png
-0.371630912675,1.70598829844,3.13951387026,0.349999982445,8.49819131878e-05,-0.00229048542678,-2.01977868936,3.08231073877,1.02625946075,map_000000064.png
-0.408025064711,1.70595504364,3.13956263599,0.349976420044,-0.00406206184999,-0.0170291420072,-2.01977868936,3.08231073877,1.02625946075,map_000000065.png
-0.444411684231,1.7060193066,3.13933865753,0.349976420044,-0.00406206184999,-0.0170291420072,-2.01977868936,3.08231073877,1.02625946075,map_000000066.png
-0.480790894447,1.70644586711,3.13788924383,0.349690529327,-0.014714911913,-0.0575229376554,-2.01977868936,3.08231073877,1.02625946075,map_000000067.png
-0.51713854368,1.7076908469,3.13360526824,0.349577789418,-0.0171861595295,-0.0572052299976,-2.01977868936,3.08231073877,1.02625946075,map_000000068.png
-0.552079391513,1.70959967766,3.12795780805,0.331865855008,-0.0778919468938,-0.272933840752,-2.01977868936,3.08231073877,1.02625946075,map_000000069.png
-0.587855941412,1.71358388625,3.11616778914,0.33184995324,-0.0779596667888,-0.273023873568,-2.01977868936,3.08231073877,1.02625946075,map_000000070.png
-0.622026172776,1.72274819849,3.08825472133,0.303143950168,-0.13262040625,-0.500499010086,-2.01977868936,3.08231073877,1.02625946075,map_000000071.png
-0.655925600629,1.73286916326,3.06033311279,0.303143950168,-0.13262040625,-0.500499010086,-2.01977868936,3.08231073877,1.02625946075,map_000000072.png
-0.686148334504,1.74897297221,3.01093738399,0.294081731204,-0.143335274311,-0.482979774475,-2.01977868936,3.08231073877,1.02625946075,map_000000073.png
-0.714422759474,1.76767153629,2.96106390187,0.240396286269,-0.206871065047,-0.799626946449,-2.01977868936,3.08231073877,1.02625946075,map_000000074.png
-0.737382922225,1.79097095814,2.89298489614,0.20964508636,-0.226519091882,-0.766297578812,-2.01977868936,3.08231073877,1.02625946075,map_000000075.png
-0.753910212902,1.81834093107,2.81265530343,0.208850746597,-0.22725168177,-0.766551733017,-2.01977868936,3.08231073877,1.02625946075,map_000000076.png
-0.766059252286,1.84744019018,2.73428199408,0.217952842035,-0.221152464778,-0.738443076611,-2.01977868936,3.08231073877,1.02625946075,map_000000077.png
-0.775895787305,1.87742421348,2.65610769012,0.253798737005,-0.192250070603,-0.618193328381,-2.01977868936,3.08231073877,1.02625946075,map_000000078.png
-0.784439660452,1.90801287455,2.58058978204,0.253798737005,-0.192250070603,-0.618193328381,-2.01977868936,3.08231073877,1.02625946075,map_000000079.png
-0.794955849268,1.93887485275,2.51594881407,0.31263756979,-0.109947791575,-0.419821679592,-2.01977868936,3.08231073877,1.02625946075,map_000000080.png
-0.809961719288,1.9673045637,2.46764421748,0.334192314586,-0.0558362430968,-0.306683093309,-2.01977868936,3.08231073877,1.02625946075,map_000000081.png
-0.830760732642,1.99507862713,2.43092930779,0.343887872843,-0.00890790285717,-0.227698892355,-2.01977868936,3.08231073877,1.02625946075,map_000000082.png
-0.854489406423,2.02123738409,2.40236706667,0.347632662782,0.0278666981763,-0.155316159129,-2.01977868936,3.08231073877,1.02625946075,map_000000083.png
-0.880707290417,2.04564181229,2.38050732189,0.346403832671,0.0500437772817,-0.109139382839,-2.01977868936,3.08231073877,1.02625946075,map_000000084.png
-0.908803828823,2.06859695242,2.36461483145,0.342865581332,0.0703078094609,-0.0378975532949,-2.01977868936,3.08231073877,1.02625946075,map_000000085.png
-0.938099207814,2.0902065384,2.35345996785,0.342865581332,0.0703078094609,-0.0378975532949,-2.01977868936,3.08231073877,1.02625946075,map_000000086.png
-0.968195320684,2.11063757559,2.34846257042,0.342969176052,0.0698007106841,-0.0140696484596,-2.01977868936,3.08231073877,1.02625946075,map_000000087.png
-0.998379222595,2.13096323906,2.34627178,0.344197211237,0.0634686907885,0.000561556778848,-2.01977868936,3.08231073877,1.02625946075,map_000000088.png
-0.998379222595,2.13096323906,2.34627178,0.344197211237,0.0634686907885,0.000561556778848,-2.01977868936,3.08231073877,1.02625946075,map_000000089.png
-1.02831016477,2.15165145567,2.34563636711,0.346033228918,0.0525452130828,0.0080596441403,-2.01977868936,3.08231073877,1.02625946075,map_000000090.png
-1.05783430352,2.17293701974,2.34595791175,0.347711614727,0.0399578267397,0.0103489607573,-2.01977868936,3.08231073877,1.02625946075,map_000000091.png
-1.08674551105,2.19499218959,2.34682729216,0.34961976691,0.0163099208897,0.010359948501,-2.01977868936,3.08231073877,1.02625946075,map_000000092.png
-1.11498119018,2.21795467724,2.34788578213,0.349937795861,0.0065980271064,0.00906112790108,-2.01977868936,3.08231073877,1.02625946075,map_000000093.png
-1.14064345186,2.2417117062,2.34890441984,0.349937795861,0.0065980271064,0.00906112790108,-2.01977868936,3.08231073877,1.02625946075,map_000000094.png
-1.16681591109,2.26700344133,2.34985661769,0.349998191914,-0.00112276030952,0.00725969998166,-2.01977868936,3.08231073877,1.02625946075,map_000000095.png
-1.19249990389,2.29277561211,2.35066282166,0.349975822549,-0.00411321830244,0.00573595799506,-2.01977868936,3.08231073877,1.02625946075,map_000000096.png
-1.21789166021,2.3188114765,2.35133323959,0.349953771444,-0.00568795093727,0.00421478459612,-2.01977868936,3.08231073877,1.02625946075,map_000000097.png
-1.24316547605,2.3450044692,2.35187196487,0.349961805284,-0.00517008474889,0.00195762887597,-2.01977868936,3.08231073877,1.02625946075,map_000000098.png
-1.26836737224,2.37125106242,2.35227636358,0.349976667817,-0.0040406580128,0.00115198362619,-2.01977868936,3.08231073877,1.02625946075,map_000000099.png
-1.29359921758,2.39744233074,2.35247649235,0.349976667817,-0.0040406580128,0.00115198362619,-2.01977868936,3.08231073877,1.02625946075,map_000000100.png
-1.31893855287,2.42357195447,2.35259747386,0.349977041222,-0.00400818552144,0.00115415640175,-2.01977868936,3.08231073877,1.02625946075,map_000000101.png
-1.34427809627,2.44968562115,2.35271546935,0.349997366272,-0.00135592636217,0.000229153782129,-2.01977868936,3.08231073877,1.02625946075,map_000000102.png
-1.36972904678,2.47566364182,2.35277523665,0.349999962159,-0.000146363345361,4.2827334255e-05,-2.01977868936,3.08231073877,1.02625946075,map_000000103.png
-1.39531964269,2.50154715709,2.35278988585,0.359995744107,0.00174719350831,-0.000226307660341,-2.01977868936,3.08231073877,1.02625946075,map_000000104.png
-1.4211854171,2.52753592262,2.35278688403,0.368193177993,0.00188014412691,-0.000224597286433,-2.01977868936,3.08231073877,1.02625946075,map_000000105.png
-1.44671211638,2.55298810857,2.35276470037,0.368190195184,0.00239404116659,-0.000244860071689,-2.01977868936,3.08231073877,1.02625946075,map_000000106.png
-1.47382452138,2.580010045,2.35274171606,0.368190195184,0.00239404116659,-0.000244860071689,-2.01977868936,3.08231073877,1.02625946075,map_000000107.png
-1.50095756957,2.60698415169,2.35271682926,0.358188215688,0.00264479690325,-0.000240084715188,-2.01977868936,3.08231073877,1.02625946075,map_000000108.png
-1.52759246972,2.63342495792,2.35269218667,0.338188167335,0.00258011286613,-0.000169616658241,-2.01977868936,3.08231073877,1.02625946075,map_000000109.png
-1.55317852494,2.65880642222,2.35267177806,0.32818895873,0.00243826317536,-0.000130917411298,-2.01977868936,3.08231073877,1.02625946075,map_000000110.png
-1.57784305753,2.68327299644,2.35265594948,0.318190120242,0.00224338515552,-9.22149047256e-05,-2.01977868936,3.08231073877,1.02625946075,map_000000111.png
-1.60189924616,2.70714700492,2.35264351512,0.308191360575,0.00202835794963,-6.0208607465e-05,-2.01977868936,3.08231073877,1.02625946075,map_000000112.png
-1.62531515446,2.73040132691,2.35263432149,0.288193479516,0.00162394102992,-1.42841599882e-05,-2.01977868936,3.08231073877,1.02625946075,map_000000113.png
-1.64802672739,2.75297606099,2.35262815707,0.288193479516,0.00162394102992,-1.42841599882e-05,-2.01977868936,3.08231073877,1.02625946075,map_000000114.png
-1.66938006638,2.77423801506,2.35262637394,0.278194261923,0.00145524294117,1.28243118525e-06,-2.01977868936,3.08231073877,1.02625946075,map_000000115.png
-1.66938006638,2.77423801506,2.35262637394,0.268194837775,0.00131768842181,1.23083591461e-05,-2.01977868936,3.08231073877,1.02625946075,map_000000116.png
-1.69006605702,2.79485073575,2.35262605949,0.268194837775,0.00131768842181,1.23083591461e-05,-2.01977868936,3.08231073877,1.02625946075,map_000000117.png
-1.71010966752,2.8148349921,2.35262683137,0.258195107381,0.00124073991076,1.67666003108e-05,-2.01977868936,3.08231073877,1.02625946075,map_000000118.png
-1.72884766078,2.83352407054,2.35262818709,0.248195239858,0.00118739478432,1.90222635865e-05,-2.01977868936,3.08231073877,1.02625946075,map_000000119.png
-1.74769745227,2.85232731973,2.35262991041,0.22819526669,0.0011305430973,1.9398983568e-05,-2.01977868936,3.08231073877,1.02625946075,map_000000120.png
-1.76591751857,2.87050280016,2.35263186943,0.21819523267,0.00111134910998,1.85971148312e-05,-2.01977868936,3.08231073877,1.02625946075,map_000000121.png
-1.78271692334,2.88725550889,2.3526338864,0.21819523267,0.00111134910998,1.85971148312e-05,-2.01977868936,3.08231073877,1.02625946075,map_000000122.png
-1.79885376363,2.90334345673,2.35263576178,0.208195182668,0.00109408414362,1.74408778548e-05,-2.01977868936,3.08231073877,1.02625946075,map_000000123.png
-1.81441948582,2.91885808522,2.35263759367,0.198195145536,0.00107308062773,1.61966308951e-05,-2.01977868936,3.08231073877,1.02625946075,map_000000124.png
-1.82935612343,2.93374158764,2.35263934174,0.188195122808,0.00104820695603,1.51642598212e-05,-2.01977868936,3.08231073877,1.02625946075,map_000000125.png
-1.84365820689,2.9479888971,2.35264092154,0.168194680718,0.00106229645996,1.59745104611e-05,-2.01977868936,3.08231073877,1.02625946075,map_000000126.png
-1.85724842614,2.96152092857,2.35264249982,0.158194675258,0.00102977137488,1.51307322085e-05,-2.01977868936,3.08231073877,1.02625946075,map_000000127.png
-1.86961986627,2.97382400799,2.35264416307,0.148195219114,0.000911524739458,1.21709890664e-05,-2.01977868936,3.08231073877,1.02625946075,map_000000128.png
-1.8812713751,2.98540669939,2.35264567454,0.148195219114,0.000911524739458,1.21709890664e-05,-2.01977868936,3.08231073877,1.02625946075,map_000000129.png
-1.89231728279,2.99639405086,2.35264697697,0.138195373504,0.000854625312817,1.14520080388e-05,-2.01977868936,3.08231073877,1.02625946075,map_000000130.png
-1.90232767897,3.00635197207,2.35264817398,0.118195624667,0.000751786325032,1.0781455785e-05,-2.01977868936,3.08231073877,1.02625946075,map_000000131.png
-1.91178670091,3.01575975604,2.35264934789,0.108195142709,0.000788377331551,1.25551596284e-05,-2.01977868936,3.08231073877,1.02625946075,map_000000132.png
-1.92027673861,3.0241976175,2.35265048709,0.0981951482407,0.000750646136189,1.25342048705e-05,-2.01977868936,3.08231073877,1.02625946075,map_000000133.png
-1.92813510717,3.03199651606,2.35265175935,0.0881951327719,0.000713759017369,1.25463120639e-05,-2.01977868936,3.08231073877,1.02625946075,map_000000134.png
-1.93539285366,3.03919506195,2.35265307799,0.0781957940198,0.000590460336661,1.07013620436e-05,-2.01977868936,3.08231073877,1.02625946075,map_000000135.png
-1.94190721972,3.04565041934,2.35265434173,0.0781957940198,0.000590460336661,1.07013620436e-05,-2.01977868936,3.08231073877,1.02625946075,map_000000136.png
-1.94780938096,3.05150399667,2.35265546058,0.0765138495483,0.000637200995711,1.22664496303e-05,-2.01977868936,3.08231073877,1.02625946075,map_000000137.png
-1.95351215137,3.05715559347,2.3526566961,0.0765139838512,0.000620864735464,1.21416524053e-05,-2.01977868936,3.08231073877,1.02625946075,map_000000138.png
-1.95916471496,3.06275539051,2.35265792511,0.0765140050183,0.000618250643287,1.22338533401e-05,-2.01977868936,3.08231073877,1.02625946075,map_000000139.png
-1.96480329544,3.06834260611,2.35265915783,0.0665140126899,0.000575714324928,-1.0,-2.01977868936,3.08231073877,1.02625946075,map_000000140.png
-1.97023401026,3.07357934439,2.34085637873,0.0565140154188,0.000530050055646,-1.0,-2.01977868936,3.08231073877,1.02625946075,map_000000141.png
-1.97556401127,3.07810007977,2.23857486855,0.0565140154188,0.000530050055646,-1.0,-2.01977868936,3.08231073877,1.02625946075,map_000000142.png
-1.97986210914,3.08234912069,2.13630151766,0.0499923253474,0.000876118322853,-1.0,-2.01977868936,3.08231073877,1.02625946075,map_000000143.png
-1.97986210914,3.08234912069,2.13630151766,0.0497596201078,0.00489697699418,-1.0,-2.01977868936,3.08231073877,1.02625946075,map_000000144.png
-1.9834357684,3.08646350518,2.03403217459,0.0497596201078,0.00489697699418,-1.0,-2.01977868936,3.08231073877,1.02625946075,map_000000145.png
-1.98671592697,3.09069754756,1.93176127033,0.0474880813627,0.0156487157762,-1.0,-2.01977868936,3.08231073877,1.02625946075,map_000000146.png
-1.98988543259,3.09508806847,1.82948901136,0.0474880813627,0.0156487157762,-1.0,-2.01977868936,3.08231073877,1.02625946075,map_000000147.png
-1.99302843898,3.09959423983,1.72722196538,0.0416331758834,0.0276889660842,-1.0,-2.01977868936,3.08231073877,1.02625946075,map_000000148.png
-1.99619675062,3.10417897624,1.62495301479,0.037268968734,0.0333320288379,-1.0,-2.01977868936,3.08231073877,1.02625946075,map_000000149.png
-2.00004977435,3.10849497038,1.52266866063,0.037268968734,0.0333320288379,-1.0,-2.01977868936,3.08231073877,1.02625946075,map_000000150.png
-2.00403584614,3.11284083088,1.42041117974,0.0,0.0,-0.90388661623,-2.01977868936,3.08231073877,1.02625946075,map_000000151.png
-2.00577720585,3.11436720494,1.3249372915,0.0,0.0,-0.750759482384,-2.01977868936,3.08231073877,1.02625946075,map_000000152.png
-2.00656096872,3.11460552653,1.24093512533,0.0,0.0,-0.597621440887,-2.01977868936,3.08231073877,1.02625946075,map_000000153.png
-2.00719316733,3.11484119727,1.17193345866,0.0,0.0,-0.328753739595,-2.01977868936,3.08231073877,1.02625946075,map_000000154.png
-2.00768595748,3.1150635117,1.11504408487,0.0,0.0,-0.328861087561,-2.01977868936,3.08231073877,1.02625946075,map_000000155.png
-2.00797719207,3.1152143898,1.08142598333,0.0,0.0,-0.328861087561,-2.01977868936,3.08231073877,1.02625946075,map_000000156.png
-2.00824912221,3.11536772354,1.04780035401,0.0,0.0,-0.140131860971,-2.01977868936,3.08231073877,1.02625946075,map_000000157.png
-2.00840679428,3.11545865412,1.02976250378,0.0,0.0,-0.0897491052747,-2.01977868936,3.08231073877,1.02625946075,map_000000158.png
-2.00850006612,3.1155144199,1.01860319424,0.0,0.0,0.0,-2.01977868936,3.08231073877,1.02625946075,map_000000159.png
