-1.65243050667,2.38406067034,-1.02434043203,0.0,0.0,0.0,1.10251783366,3.58930674372,2.39284226575,map_000000001.png
-1.65243051275,2.38406067162,-1.0243398107,0.0,0.0,0.0,1.10251783366,3.58930674372,2.39284226575,map_000000002.png
-1.65242138484,2.3840515244,-1.02433885618,0.0,0.0,0.0,1.10251783366,3.58930674372,2.39284226575,map_000000003.png
-1.65243050708,2.38406065563,-1.02434031976,0.0,0.0,0.0,1.10251783366,3.58930674372,2.39284226575,map_000000004.png
-1.65242380653,2.38405394814,-1.02433918238,-0.0307780770805,0.0515044672064,1.0,1.10251783366,3.58930674372,2.39284226575,map_000000005.png
-1.6518010275,2.38562362848,-0.992863374583,-0.0347014652769,0.0607931605179,1.0,1.10251783366,3.58930674372,2.39284226575,map_000000006.png
-1.65007345771,2.3908933698,-0.890585333136,-0.0386335081549,0.0700532075352,1.0,1.10251783366,3.58930674372,2.39284226575,map_000000007.png
-1.64853824715,2.39690721255,-0.79223902648,-0.0386335081549,0.0700532075352,1.0,1.10251783366,3.58930674372,2.39284226575,map_000000008.png
-1.64726700795,2.40419144415,-0.6899652172,-0.0273695774111,0.0857374218829,1.0,1.10251783366,3.58930674372,2.39284226575,map_000000009.png
-1.6452480428,2.41212996708,-0.587688892303,-0.0157499404091,0.0987519023729,1.0,1.10251783366,3.58930674372,2.39284226575,map_000000010.png
-1.6427575179,2.4203676651,-0.489359955102,0.0186392481613,0.118543562955,1.0,1.10251783366,3.58930674372,2.39284226575,map_000000011.png
-1.63870414111,2.42964609683,-0.387085156097,0.0192868366654,0.128561336188,1.0,1.10251783366,3.58930674372,2.39284226575,map_000000012.png
-1.63323876602,2.43950878823,-0.288738500342,0.0570172051609,0.127863358896,1.0,1.10251783366,3.58930674372,2.39284226575,map_000000013.png
-1.62835775662,2.45105995173,-0.186466297353,0.0597890303925,0.137569156204,1.0,1.10251783366,3.58930674372,2.39284226575,map_000000014.png
-1.62082666035,2.46241564046,-0.0842091574703,0.0597890303925,0.137569156204,1.0,1.10251783366,3.58930674372,2.39284226575,map_000000015.png
-1.61443658071,2.47485540986,0.0141342548782,0.102916948932,0.135307451923,1.0,1.10251783366,3.58930674372,2.39284226575,map_000000016.png
-1.60614122801,2.48860120883,0.11639339531,0.123020978384,0.131399570655,1.0,1.10251783366,3.58930674372,2.39284226575,map_000000017.png
-1.59714601871,2.50270586236,0.214739261426,0.144938831843,0.122852539017,1.0,1.10251783366,3.58930674372,2.39284226575,map_000000018.png
-1.58747026145,2.51824657489,0.317017652751,0.180840471838,0.0854209444609,1.0,1.10251783366,3.58930674372,2.39284226575,map_000000019.png
-1.57724136185,2.53448487676,0.419286610105,0.206768982709,0.0366961053102,0.700548768044,1.10251783366,3.58930674372,2.39284226575,map_000000020.png
-1.56450508944,2.54937769792,0.51761347069,0.206768982709,0.0366961053102,0.700548768044,1.10251783366,3.58930674372,2.39284226575,map_000000021.png
-1.5484120611,2.56366852801,0.592776655644,0.229630906389,0.0130257663729,0.547621250153,1.10251783366,3.58930674372,2.39284226575,map_000000022.png
-1.53137499005,2.57790670192,0.652049171578,0.233052964055,-0.0573266171392,0.126757010818,1.10251783366,3.58930674372,2.39284226575,map_000000023.png
-1.51089526454,2.59085592964,0.686515606739,0.236740260854,-0.0803372808435,0.0140587221831,1.10251783366,3.58930674372,2.39284226575,map_000000024.png
-1.51089526454,2.59085592964,0.686515606739,0.240288677568,-0.0993044720011,-0.0748411417007,1.10251783366,3.58930674372,2.39284226575,map_000000025.png
-1.48775121274,2.60111098608,0.695486719945,0.223671752943,-0.151231499766,-0.386685580015,1.10251783366,3.58930674372,2.39284226575,map_000000026.png
-1.46421443736,2.60993556867,0.695476165177,0.210827162888,-0.199127905754,-0.687876045704,1.10251783366,3.58930674372,2.39284226575,map_000000027.png
-1.4384359373,2.61797666891,0.687821174171,0.210827162888,-0.199127905754,-0.687876045704,1.10251783366,3.58930674372,2.39284226575,map_000000028.png
-1.41359295262,2.6255231379,0.68046125825,0.210827162888,-0.199127905754,-0.687876045704,1.10251783366,3.58930674372,2.39284226575,map_000000029.png
-1.38452052318,2.62418253288,0.618443454018,0.218978751561,-0.205056845633,-0.67661857605,1.10251783366,3.58930674372,2.39284226575,map_000000030.png
-1.35454656086,2.61954239583,0.548804778934,0.22750112235,-0.210578350874,-0.665799796581,1.10251783366,3.58930674372,2.39284226575,map_000000031.png
-1.32530526443,2.61307343865,0.482701825035,0.225087013663,-0.214344242549,-0.742887616158,1.10251783366,3.58930674372,2.39284226575,map_000000032.png
-1.29479891719,2.60414172369,0.412792906344,0.266744360125,-0.173112809912,-0.633734345436,1.10251783366,3.58930674372,2.39284226575,map_000000033.png
-1.26613774912,2.59337397622,0.340165549022,0.286502161803,-0.145938686912,-0.579949557781,1.10251783366,3.58930674372,2.39284226575,map_000000034.png
-1.2344399861,2.58525634481,0.275355213382,0.286502161803,-0.145938686912,-0.579949557781,1.10251783366,3.58930674372,2.39284226575,map_000000035.png
-1.20218824864,2.57785518664,0.215199504435,0.311454270613,-0.104957200607,-0.471197038889,1.10251783366,3.58930674372,2.39284226575,map_000000036.png
-1.17023972103,2.57246999655,0.165449667668,0.32486037868,-0.0741003316588,-0.40200522542,1.10251783366,3.58930674372,2.39284226575,map_000000037.png
-1.1362316272,2.56838115691,0.120795463816,0.336810403153,-0.0394501973876,-0.311900764704,1.10251783366,3.58930674372,2.39284226575,map_000000038.png
-1.10294837852,2.5656839946,0.0837514980799,0.346407551236,0.0058976295463,-0.199911594391,1.10251783366,3.58930674372,2.39284226575,map_000000039.png
-1.06767334541,2.56483104071,0.0531770922148,0.349140075287,0.02451943642,-0.144407302141,1.10251783366,3.58930674372,2.39284226575,map_000000040.png
-1.03172906739,2.56720110938,0.0327345805782,0.349140075287,0.02451943642,-0.144407302141,1.10251783366,3.58930674372,2.39284226575,map_000000041.png
-0.99690441931,2.57060166356,0.0183124232051,0.348375577787,0.0336816231051,-0.112846001983,1.10251783366,3.58930674372,2.39284226575,map_000000042.png
-0.960708365555,2.57440216411,0.00590482667006,0.348286545775,0.0345901281527,-0.112878613174,1.10251783366,3.58930674372,2.39284226575,map_000000043.png
-0.925891389197,2.5779467777,-0.0051917686736,0.347932588644,0.0379856379881,-0.0475128926337,1.10251783366,3.58930674372,2.39284226575,map_000000044.png
-0.889670511407,2.58140215314,-0.0141585947731,0.348429340596,0.0331208325024,-0.00986193772405,1.10251783366,3.58930674372,2.39284226575,map_000000045.png
-0.853419645427,2.58466895826,-0.0181342823949,0.348704860357,0.0300818100735,0.00484825391322,1.10251783366,3.58930674372,2.39284226575,map_000000046.png
-0.818547292346,2.58734978173,-0.0191038419178,0.348664317243,0.0305481393078,0.00485490635037,1.10251783366,3.58930674372,2.39284226575,map_000000047.png
-0.782246952574,2.58978752091,-0.0186124622892,0.348664317243,0.0305481393078,0.00485490635037,1.10251783366,3.58930674372,2.39284226575,map_000000048.png
-0.747337108674,2.59217832803,-0.0181434964435,0.349046814096,0.0258131072004,0.0108250882477,1.10251783366,3.58930674372,2.39284226575,map_000000049.png
-0.711022600219,2.59437805191,-0.017252204163,0.349351433441,0.0212972037255,0.0129330288619,1.10251783366,3.58930674372,2.39284226575,map_000000050.png
-0.674688587952,2.59622663031,-0.0160500764831,0.349925047044,0.00724267801773,0.0106611978263,1.10251783366,3.58930674372,2.39284226575,map_000000051.png
-0.639739551538,2.59736347297,-0.0148499864692,0.349984625926,0.0032797178709,0.00894569512457,1.10251783366,3.58930674372,2.39284226575,map_000000052.png
-0.60335786676,2.59752138228,-0.0137909659421,0.349983728421,0.00337413308016,0.00895369611681,1.10251783366,3.58930674372,2.39284226575,map_000000053.png
-0.568365627918,2.5973637336,-0.0129192580691,0.349983728421,0.00337413308016,0.00895369611681,1.10251783366,3.58930674372,2.39284226575,map_000000054.png
-0.531983389235,2.59725089541,-0.0120079053172,0.349999980486,9.26993950925e-05,0.00561119522899,1.10251783366,3.58930674372,2.39284226575,map_000000055.png
-0.495602746695,2.59690859058,-0.0113594178735,0.349999914358,0.00023427178703,0.00433513429016,1.10251783366,3.58930674372,2.39284226575,map_000000056.png
-0.460631082393,2.59654161273,-0.0108780822728,0.34999993075,0.000208347781388,0.00298309419304,1.10251783366,3.58930674372,2.39284226575,map_000000057.png
-0.424250448112,2.59617255745,-0.0104974458112,0.349999220257,0.000735359022398,0.00202032644302,1.10251783366,3.58930674372,2.39284226575,map_000000058.png
-0.387869586126,2.59582733377,-0.0102192988225,0.349997280031,0.00137800740966,0.0013040015474,1.10251783366,3.58930674372,2.39284226575,map_000000059.png
-0.352878029403,2.59553537241,-0.0100285971202,0.349989862485,0.00266291031061,0.000323908403516,1.10251783366,3.58930674372,2.39284226575,map_000000060.png
-0.316496184022,2.59531479216,-0.00989945478722,0.349989862485,0.00266291031061,0.000323908403516,1.10251783366,3.58930674372,2.39284226575,map_000000061.png
-0.281522699401,2.59522391114,-0.00985235872762,0.349979529607,0.00378467825967,-0.000145267695189,1.10251783366,3.58930674372,2.39284226575,map_000000062.png
-0.245140227347,2.59521858094,-0.00985479664771,0.349978243422,0.00390180277527,-0.000140317715704,1.10251783366,3.58930674372,2.39284226575,map_000000063.png
-0.208757734012,2.59525928668,-0.00987362450233,0.349974980835,0.00418422312855,-0.000205845572054,1.10251783366,3.58930674372,2.39284226575,map_000000064.png
-0.173765048966,2.59530228916,-0.00989722636913,0.349970461187,0.00454656242055,0.000767899677157,1.10251783366,3.58930674372,2.39284226575,map_000000065.png
-0.137382626401,2.59538125348,-0.00991101362987,0.349969259212,0.00463816128653,0.000801390036941,1.10251783366,3.58930674372,2.39284226575,map_000000066.png
-0.102409144737,2.59549878138,-0.00983569420415,0.349969259212,0.00463816128653,0.000801390036941,1.10251783366,3.58930674372,2.39284226575,map_000000067.png
-0.102409144737,2.59549878138,-0.00983569420415,0.349818299851,0.011276170576,0.0254347957671,1.10251783366,3.58930674372,2.39284226575,map_000000068.png
-0.066026852169,2.59562284575,-0.00975823888286,0.349818299851,0.011276170576,0.0254347957671,1.10251783366,3.58930674372,2.39284226575,map_000000069.png
-0.0296498471555,2.59626042505,-0.00783752933732,0.349782670422,0.0123320073932,0.0253352820873,1.10251783366,3.58930674372,2.39284226575,map_000000070.png
0.00532253188846,2.59719057765,-0.0053428377813,0.349102096014,0.0250543707235,0.0670403689146,1.10251783366,3.58930674372,2.39284226575,map_000000071.png
0.0416638424854,2.59880202938,-0.00111283600329,0.345090571938,0.0466971149828,0.142935335636,1.10251783366,3.58930674372,2.39284226575,map_000000072.png
0.0764803442334,2.60172873857,0.00696600401317,0.329584687694,0.0812951242917,0.276965796947,1.10251783366,3.58930674372,2.39284226575,map_000000073.png
0.112268568977,2.60694401164,0.0215812646366,0.295317899127,0.146993178512,0.490289151669,1.10251783366,3.58930674372,2.39284226575,map_000000074.png
0.146227414565,2.61633219958,0.0499093229943,0.295317899127,0.146993178512,0.490289151669,1.10251783366,3.58930674372,2.39284226575,map_000000075.png
0.175115302838,2.63187086311,0.0956021333465,0.237615769943,0.21415144178,0.825582802296,1.10251783366,3.58930674372,2.39284226575,map_000000076.png
0.199200596487,2.65420109177,0.168165908452,0.219239532115,0.218994436355,0.783370792866,1.10251783366,3.58930674372,2.39284226575,map_000000077.png
0.217296452886,2.67931837442,0.247360213057,0.192788164115,0.230562669875,0.872231960297,1.10251783366,3.58930674372,2.39284226575,map_000000078.png
0.232033201504,2.70692032855,0.330270483282,0.217586339494,0.217525969334,0.763681650162,1.10251783366,3.58930674372,2.39284226575,map_000000079.png
0.242608117064,2.73572178769,0.418184345636,0.271935235182,0.166229106655,0.595459163189,1.10251783366,3.58930674372,2.39284226575,map_000000080.png
0.252920780247,2.76415886968,0.493282100355,0.271935235182,0.166229106655,0.595459163189,1.10251783366,3.58930674372,2.39284226575,map_000000081.png
0.268785997067,2.7928056448,0.554830770634,0.305046517017,0.118770088305,0.463791251183,1.10251783366,3.58930674372,2.39284226575,map_000000082.png
0.286784751379,2.81957672763,0.603535698983,0.32304823759,0.0779304427746,0.388164490461,1.10251783366,3.58930674372,2.39284226575,map_000000083.png
0.307838329181,2.84647854751,0.64649914672,0.336038096073,0.039575464135,0.29597517848,1.10251783366,3.58930674372,2.39284226575,map_000000084.png
0.330972654326,2.87233289968,0.682204794971,0.345995324798,-0.010281371007,0.177234083414,1.10251783366,3.58930674372,2.39284226575,map_000000085.png
0.355184645606,2.89608650981,0.708974853684,0.34810197546,-0.0255848396576,0.133118331432,1.10251783366,3.58930674372,2.39284226575,map_000000086.png
0.383143412513,2.91876561099,0.726925729428,0.348214334395,-0.0353096623495,0.0930117666721,1.10251783366,3.58930674372,2.39284226575,map_000000087.png
0.410794100734,2.94006001503,0.740014545975,0.348214334395,-0.0353096623495,0.0930117666721,1.10251783366,3.58930674372,2.39284226575,map_000000088.png
0.439821924329,2.96198264394,0.750313682333,0.348335546605,-0.0340931357502,0.070827677846,1.10251783366,3.58930674372,2.39284226575,map_000000089.png
0.468715078542,2.98411082595,0.758341499713,0.348673132495,-0.0304473580096,0.0512221828103,1.10251783366,3.58930674372,2.39284226575,map_000000090.png
0.496210655905,3.00575493685,0.764456289194,0.359178096995,-0.0243122006386,0.0381533838809,1.10251783366,3.58930674372,2.39284226575,map_000000091.png
0.524632699708,3.02892503749,0.769333836629,0.367727974752,-0.0178932513272,0.0261284597218,1.10251783366,3.58930674372,2.39284226575,map_000000092.png
0.552112782773,3.05226527758,0.772989395228,0.357956982166,-0.0121479495157,0.0181155391037,1.10251783366,3.58930674372,2.39284226575,map_000000093.png
0.580762485088,3.07764526057,0.775659518648,0.357956982166,-0.0121479495157,0.0181155391037,1.10251783366,3.58930674372,2.39284226575,map_000000094.png
0.608344558845,3.10283598828,0.777598477676,0.34809599238,-0.00683367645059,0.0108093377203,1.10251783366,3.58930674372,2.39284226575,map_000000095.png
0.633911982456,3.12685669684,0.778861701798,0.328160760341,0.00123599963942,0.00188957247883,1.10251783366,3.58930674372,2.39284226575,map_000000096.png
0.659038731815,3.15132436166,0.779481182867,0.318110741304,0.00577140636538,-0.00264381989837,1.10251783366,3.58930674372,2.39284226575,map_000000097.png
0.681910302381,3.17433251362,0.779505446698,0.308092633858,0.00658982200409,-0.00344467908144,1.10251783366,3.58930674372,2.39284226575,map_000000098.png
0.704878309673,3.19791014539,0.779228313187,0.298093063847,0.00646292425874,-0.00347815174609,1.10251783366,3.58930674372,2.39284226575,map_000000099.png
0.727197605556,3.22089110243,0.778866466348,0.288105488338,0.0057632404931,-0.00300124846399,1.10251783366,3.58930674372,2.39284226575,map_000000100.png
0.747951726823,3.24228132822,0.778523558721,0.288105488338,0.0057632404931,-0.00300124846399,1.10251783366,3.58930674372,2.39284226575,map_000000101.png
0.769011431629,3.26392154932,0.778206311302,0.26812966743,0.00423680845138,-0.00193797890097,1.10251783366,3.58930674372,2.39284226575,map_000000102.png
0.788328493619,3.28364145562,0.777972926978,0.258127862684,0.00426867214022,-0.00193455815315,1.10251783366,3.58930674372,2.39284226575,map_000000103.png
0.807599503203,3.30322825701,0.777767126988,0.248137591075,0.00356165533607,-0.0014283536002,1.10251783366,3.58930674372,2.39284226575,map_000000104.png
0.826238810612,3.32220262868,0.777587167642,0.238148192604,0.00266869833762,-0.000753650441766,1.10251783366,3.58930674372,2.39284226575,map_000000105.png
0.843638482862,3.33982665181,0.777448570386,0.228147517674,0.00266974325938,-0.000749838538468,1.10251783366,3.58930674372,2.39284226575,map_000000106.png
0.861078996886,3.35740009847,0.777377239043,0.228147517674,0.00266974325938,-0.000749838538468,1.10251783366,3.58930674372,2.39284226575,map_000000107.png
0.877232088115,3.3736701269,0.777302826186,0.208154082995,0.00194043947761,-0.000264289788902,1.10251783366,3.58930674372,2.39284226575,map_000000108.png
0.893021966383,3.38950157371,0.777249494732,0.19815535286,0.00175504143775,-0.000147867016494,1.10251783366,3.58930674372,2.39284226575,map_000000109.png
0.893021966383,3.38950157371,0.777249494732,0.188156416673,0.00158840393598,-3.22377309203e-05,1.10251783366,3.58930674372,2.39284226575,map_000000110.png
0.907939305436,3.40445236203,0.777229550554,0.178156623213,0.00152103670639,5.1804818213e-05,1.10251783366,3.58930674372,2.39284226575,map_000000111.png
0.921739881109,3.41826878869,0.777217637196,0.178156623213,0.00152103670639,5.1804818213e-05,1.10251783366,3.58930674372,2.39284226575,map_000000112.png
0.935492639219,3.43200966309,0.777207844553,0.158156749358,0.00141743799063,0.000110252760351,1.10251783366,3.58930674372,2.39284226575,map_000000113.png
0.948080984169,3.44460688178,0.777212585371,0.158156749358,0.00141743799063,0.000110252760351,1.10251783366,3.58930674372,2.39284226575,map_000000114.png
0.95980201548,3.45636461598,0.777229350457,0.148156337335,0.00141521519776,0.0001290300861,1.10251783366,3.58930674372,2.39284226575,map_000000115.png
0.970839624886,3.46744882221,0.777248237237,0.13815618145,0.00138164480356,0.000126014463603,1.10251783366,3.58930674372,2.39284226575,map_000000116.png
0.98087125854,3.47751367493,0.777260416067,0.128156414224,0.00130723263591,0.000106032937765,1.10251783366,3.58930674372,2.39284226575,map_000000117.png
0.990737884392,3.48739394705,0.777263755292,0.118156805806,0.00121817085228,8.1785954535e-05,1.10251783366,3.58930674372,2.39284226575,map_000000118.png
0.999636643466,3.49632986512,0.777273279796,0.103026616934,0.00114626198472,6.66528940201e-05,1.10251783366,3.58930674372,2.39284226575,map_000000119.png
1.00825805675,3.50499468776,0.777282839257,0.103026554909,0.00115182333736,5.64325600863e-05,1.10251783366,3.58930674372,2.39284226575,map_000000120.png
1.01581874248,3.51258158987,0.777282897103,0.103026554909,0.00115182333736,5.64325600863e-05,1.10251783366,3.58930674372,2.39284226575,map_000000121.png
1.02307893745,3.51988632,0.777288252145,0.0930268793792,0.00106678335762,4.66024503112e-05,1.10251783366,3.58930674372,2.39284226575,map_000000122.png
1.03013935057,3.52701212033,0.777299557363,0.0830268968295,0.00100623635071,5.05736097693e-05,1.10251783366,3.58930674372,2.39284226575,map_000000123.png
1.03638124408,3.53329952269,0.777303984429,0.076510640043,0.000947184254806,4.65996563435e-05,1.10251783366,3.58930674372,2.39284226575,map_000000124.png
1.04232185276,3.53930818253,0.777315283458,0.0765111994188,0.000900866971668,3.11052426696e-05,1.10251783366,3.58930674372,2.39284226575,map_000000125.png
1.04793491989,3.5449442812,0.77731144206,0.0765116894011,0.000858244013491,1.8204562366e-05,1.10251783366,3.58930674372,2.39284226575,map_000000126.png
1.0533232386,3.55037244925,0.77731429484,0.0765116894011,0.000858244013491,1.8204562366e-05,1.10251783366,3.58930674372,2.39284226575,map_000000127.png
1.05892718974,3.55601755746,0.777317718578,0.076511451149,0.000879227429844,2.80067324638e-05,1.10251783366,3.58930674372,2.39284226575,map_000000128.png
1.06431743437,3.56144381331,0.77732011988,0.076510825387,0.000932092486731,3.20505350828e-05,1.10251783366,3.58930674372,2.39284226575,map_000000129.png
1.06993042165,3.56708001726,0.777316192233,0.0665118230674,0.000789128217297,1.0,1.10251783366,3.58930674372,2.39284226575,map_000000130.png
1.07546015444,3.57223492545,0.816669962845,0.0499954558605,0.000674218249047,1.0,1.10251783366,3.58930674372,2.39284226575,map_000000131.png
1.0802564446,3.57653566224,0.915019949473,0.0499947509897,0.000724603638674,1.0,1.10251783366,3.58930674372,2.39284226575,map_000000132.png
1.08396461055,3.58028535496,1.01729300603,0.0499956121561,-0.000662527047255,1.0,1.10251783366,3.58930674372,2.39284226575,map_000000133.png
1.08716358235,3.58422424675,1.11562342832,0.0499956121561,-0.000662527047255,1.0,1.10251783366,3.58930674372,2.39284226575,map_000000134.png
1.09015649058,3.58859391613,1.21789430976,0.0490044491789,-0.00992794730159,1.0,1.10251783366,3.58930674372,2.39284226575,map_000000135.png
1.09322914512,3.59302635395,1.32016578482,0.0448521470342,-0.0220971736514,1.0,1.10251783366,3.58930674372,2.39284226575,map_000000136.png
1.09659793543,3.5971532552,1.41850828988,0.0413236434966,-0.0281488306173,1.0,1.10251783366,3.58930674372,2.39284226575,map_000000137.png
1.10053036708,3.60132826996,1.52076051999,0.037664194632,-0.0328847779325,1.0,1.10251783366,3.58930674372,2.39284226575,map_000000138.png
1.10431850611,3.60541898118,1.61910099044,0.037657714618,-0.0328921982649,1.0,1.10251783366,3.58930674372,2.39284226575,map_000000139.png
1.10830144187,3.60972720291,1.72137308862,0.037657714618,-0.0328921982649,1.0,1.10251783366,3.58930674372,2.39284226575,map_000000140.png
1.11183206203,3.6144273799,1.82364846283,0.0,0.0,1.0,1.10251783366,3.58930674372,2.39284226575,map_000000141.png
1.11336697992,3.61597061568,1.92197752056,0.0,0.0,0.996233940125,1.10251783366,3.58930674372,2.39284226575,map_000000142.png
1.11426848012,3.6163509119,2.02404363106,0.0,0.0,0.843156635761,1.10251783366,3.58930674372,2.39284226575,map_000000143.png
1.11507725763,3.61679182375,2.11990926432,0.0,0.0,0.542848467827,1.10251783366,3.58930674372,2.39284226575,map_000000144.png
1.11570478615,3.61721123282,2.19809710026,0.0,0.0,0.543032824993,1.10251783366,3.58930674372,2.39284226575,map_000000145.png
1.11613679605,3.61754429267,2.2536068489,0.0,0.0,0.282137066126,1.10251783366,3.58930674372,2.39284226575,map_000000146.png
1.11653504541,3.61788595355,2.30699935388,0.0,0.0,0.282137066126,1.10251783366,3.58930674372,2.39284226575,map_000000147.png
1.1167727259,3.61810907365,2.34098320303,0.0,0.0,0.118950657547,1.10251783366,3.58930674372,2.39284226575,map_000000148.png
1.11689946688,3.61823449183,2.35956638509,0.0,0.0,0.118993580341,1.10251783366,3.58930674372,2.39284226575,map_000000149.png
1.11697649061,3.61831306349,2.37126556268,0.0,0.0,0.0680607333779,1.10251783366,3.58930674372,2.39284226575,map_000000150.png
1.11705083457,3.61839067158,2.38223131158,0.0,0.0,0.0,1.10251783366,3.58930674372,2.39284226575,map_000000151.png
