3.37332288104,4.28977659778,1.39856017023,0.0,0.0,0.0,1.05726113914,1.7720837534,0.132532886572,map_000000001.png
3.37332080689,4.28977868274,1.39856133895,0.0,0.0,0.0,1.05726113914,1.7720837534,0.132532886572,map_000000002.png
3.37333265912,4.28976678786,1.39855488215,0.0,0.0,0.0,1.05726113914,1.7720837534,0.132532886572,map_000000003.png
3.37333265912,4.28976678786,1.39855488215,0.0,0.0,0.0,1.05726113914,1.7720837534,0.132532886572,map_000000004.png
3.37332285411,4.28977664504,1.39856020623,0.0,0.0,0.0,1.05726113914,1.7720837534,0.132532886572,map_000000005.png
3.37332080043,4.28977871106,1.39856131598,-0.0429243047207,-0.0419225981451,-1.0,1.05726113914,1.7720837534,0.132532886572,map_000000006.png
3.3742901035,4.28782905592,1.35921643485,-0.0482707852045,-0.0506944903698,-1.0,1.05726113914,1.7720837534,0.132532886572,map_000000007.png
3.37656518944,4.28246172298,1.2569432174,-0.0535791627466,-0.0594076860153,-1.0,1.05726113914,1.7720837534,0.132532886572,map_000000008.png
3.37883896727,4.2761886777,1.15467099607,-0.0425798328395,-0.0792903343046,-1.0,1.05726113914,1.7720837534,0.132532886572,map_000000009.png
3.38092973911,4.2691483247,1.05632014439,-0.0425798328395,-0.0792903343046,-1.0,1.05726113914,1.7720837534,0.132532886572,map_000000010.png
3.38433441544,4.26153721444,0.954049219343,-0.0337470688507,-0.104695431685,-1.0,1.05726113914,1.7720837534,0.132532886572,map_000000011.png
3.38902461509,4.25294330277,0.851775695207,-0.0172470097153,-0.118754109596,-1.0,1.05726113914,1.7720837534,0.132532886572,map_000000012.png
3.39491553094,4.24362655428,0.749501729947,0.00145497802219,-0.12999185463,-1.0,1.05726113914,1.7720837534,0.132532886572,map_000000013.png
3.40164180134,4.23388080693,0.647229081927,0.0221306102473,-0.138239778365,-1.0,1.05726113914,1.7720837534,0.132532886572,map_000000014.png
3.40925757891,4.22368530503,0.544954710619,0.0440508600775,-0.143385921975,-1.0,1.05726113914,1.7720837534,0.132532886572,map_000000015.png
3.41765396602,4.21300565947,0.442681138991,0.0569994422434,-0.160159509575,-1.0,1.05726113914,1.7720837534,0.132532886572,map_000000016.png
3.42720852977,4.20189793964,0.340408225049,0.0569994422434,-0.160159509575,-1.0,1.05726113914,1.7720837534,0.132532886572,map_000000017.png
3.43710274282,4.18878488222,0.238137318635,0.0765618947158,-0.162905753638,-1.0,1.05726113914,1.7720837534,0.132532886572,map_000000018.png
3.44727246422,4.17456876356,0.135870540584,0.0961647324329,-0.163866883644,-1.0,1.05726113914,1.7720837534,0.132532886572,map_000000019.png
3.45760068062,4.15937784446,0.0335985768107,0.118383160605,-0.161200004008,-1.0,1.05726113914,1.7720837534,0.132532886572,map_000000020.png
3.4681440617,4.14323401663,-0.0686685977521,0.0809810140766,-0.19375781717,-1.0,1.05726113914,1.7720837534,0.132532886572,map_000000021.png
3.47746929174,4.12639931447,-0.166996311612,0.115868806772,-0.198681764074,-1.0,1.05726113914,1.7720837534,0.132532886572,map_000000022.png
3.4815711142,4.10587366991,-0.269271257874,0.115868806772,-0.198681764074,-1.0,1.05726113914,1.7720837534,0.132532886572,map_000000023.png
3.48355820464,4.08503630717,-0.371546127556,0.0817031347037,-0.22327212737,-1.0,1.05726113914,1.7720837534,0.132532886572,map_000000024.png
3.48326252984,4.06163304499,-0.473814161586,0.1074794462,-0.223224215668,-1.0,1.05726113914,1.7720837534,0.132532886572,map_000000025.png
3.48092832814,4.03728650877,-0.576086377945,0.0947631259711,-0.223222666039,-1.0,1.05726113914,1.7720837534,0.132532886572,map_000000026.png
3.47649466114,4.01310404169,-0.678357058651,0.123039064034,-0.220499163698,-1.0,1.05726113914,1.7720837534,0.132532886572,map_000000027.png
3.46978505436,3.98939760346,-0.780629103291,0.155022472887,-0.211840990125,-1.0,1.05726113914,1.7720837534,0.132532886572,map_000000028.png
3.46255686858,3.96492792416,-0.882900388868,0.193635674139,-0.191739096197,-1.0,1.05726113914,1.7720837534,0.132532886572,map_000000029.png
3.45527117091,3.93944274446,-0.985173950443,0.193635674139,-0.191739096197,-1.0,1.05726113914,1.7720837534,0.132532886572,map_000000030.png
3.44912225255,3.91254735104,-1.08744226724,0.211212752797,-0.17992474947,-1.0,1.05726113914,1.7720837534,0.132532886572,map_000000031.png
3.44912225255,3.91254735104,-1.08744226724,0.240435138867,-0.157555936367,-1.0,1.05726113914,1.7720837534,0.132532886572,map_000000032.png
3.44183437401,3.8854211457,-1.18971395447,0.240435138867,-0.157555936367,-1.0,1.05726113914,1.7720837534,0.132532886572,map_000000033.png
3.43417407609,3.85755589033,-1.29198243435,0.229134387224,-0.170068539174,-1.0,1.05726113914,1.7720837534,0.132532886572,map_000000034.png
3.42462642027,3.83114505431,-1.39032640202,0.185165410187,-0.203795504267,-1.0,1.05726113914,1.7720837534,0.132532886572,map_000000035.png
3.41032027892,3.806340028,-1.4925801031,0.199395370849,-0.199381081389,-1.0,1.05726113914,1.7720837534,0.132532886572,map_000000036.png
3.39072257693,3.78640209849,-1.5948463667,0.178435213649,-0.212091906022,-1.0,1.05726113914,1.7720837534,0.132532886572,map_000000037.png
3.3694991403,3.76718080735,-1.69712284498,0.178435213649,-0.212091906022,-1.0,1.05726113914,1.7720837534,0.132532886572,map_000000038.png
3.34563867005,3.75233288661,-1.79939231376,0.207517158121,-0.198499581918,-1.0,1.05726113914,1.7720837534,0.132532886572,map_000000039.png
3.32063849347,3.73786690669,-1.90166697517,0.237639506632,-0.178577887256,-0.945211112499,1.05726113914,1.7720837534,0.132532886572,map_000000040.png
3.29476713481,3.72299935333,-2.00070498586,0.241212537748,-0.172703704188,-0.954587996006,1.05726113914,1.7720837534,0.132532886572,map_000000041.png
3.26792802198,3.70886435668,-2.09777145711,0.271396951093,-0.142783215566,-0.801491141319,1.05726113914,1.7720837534,0.132532886572,map_000000042.png
3.24018153315,3.69605372709,-2.19178044602,0.270005805705,-0.1410059231,-0.833868861198,1.05726113914,1.7720837534,0.132532886572,map_000000043.png
3.21180523604,3.68238424931,-2.27399400893,0.297065392797,-0.103659993197,-0.681282699108,1.05726113914,1.7720837534,0.132532886572,map_000000044.png
3.18261419165,3.67111223482,-2.35927052324,0.297065392797,-0.103659993197,-0.681282699108,1.05726113914,1.7720837534,0.132532886572,map_000000045.png
3.15306904153,3.65786622181,-2.43012840669,0.313101548599,-0.0781488800737,-0.558185994625,1.05726113914,1.7720837534,0.132532886572,map_000000046.png
3.12408533193,3.64459851814,-2.4884046698,0.312896987532,-0.0750391996564,-0.57269102335,1.05726113914,1.7720837534,0.132532886572,map_000000047.png
3.0933787541,3.63154623552,-2.54628700069,0.324062086781,-0.0551949789414,-0.466591536999,1.05726113914,1.7720837534,0.132532886572,map_000000048.png
3.0620780111,3.61927288828,-2.60067637185,0.326200841242,-0.0528446539449,-0.440405786037,1.05726113914,1.7720837534,0.132532886572,map_000000049.png
3.03017768204,3.60712473302,-2.64787665961,0.322464734897,-0.0670951105758,-0.45725697279,1.05726113914,1.7720837534,0.132532886572,map_000000050.png
2.99766267975,3.59626692833,-2.69297836631,0.321450492621,-0.0745658738111,-0.448019891977,1.05726113914,1.7720837534,0.132532886572,map_000000051.png
2.96444059051,3.58835654408,-2.73973950006,0.321450492621,-0.0745658738111,-0.448019891977,1.05726113914,1.7720837534,0.132532886572,map_000000052.png
2.93071755169,3.58266970883,-2.7856625662,0.33265361538,-0.0583840261976,-0.32976976037,1.05726113914,1.7720837534,0.132532886572,map_000000053.png
2.89635024641,3.57724577728,-2.82310683418,0.339585886997,-0.0432672462282,-0.259734094143,1.05726113914,1.7720837534,0.132532886572,map_000000054.png
2.8614946737,3.57151576056,-2.85297417304,0.349337918229,0.0215177559498,-0.0153887402266,1.05726113914,1.7720837534,0.132532886572,map_000000055.png
2.82667472093,3.56341357024,-2.86992481253,0.346619281069,0.0485290523795,0.0407752692699,1.05726113914,1.7720837534,0.132532886572,map_000000056.png
2.79376233177,3.55158150174,-2.87055316529,0.301001640774,0.158107612225,0.428946971893,1.05726113914,1.7720837534,0.132532886572,map_000000057.png
2.76042196134,3.53703492607,-2.86637557582,0.238714444696,0.227849565457,0.608413755894,1.05726113914,1.7720837534,0.132532886572,map_000000058.png
2.7351620929,3.51258267577,-2.82251042075,0.238714444696,0.227849565457,0.608413755894,1.05726113914,1.7720837534,0.132532886572,map_000000059.png
2.71803327025,3.48334176109,-2.76381733181,0.227975465012,0.224560013508,0.608620405197,1.05726113914,1.7720837534,0.132532886572,map_000000060.png
2.71803327025,3.48334176109,-2.76381733181,0.209944352142,0.238671089111,0.610599398613,1.05726113914,1.7720837534,0.132532886572,map_000000061.png
2.70494847303,3.45277978734,-2.70158366927,0.209944352142,0.238671089111,0.610599398613,1.05726113914,1.7720837534,0.132532886572,map_000000062.png
2.69519537528,3.4215862566,-2.63925417768,0.243566734857,0.213105509037,0.522767007351,1.05726113914,1.7720837534,0.132532886572,map_000000063.png
2.68733715517,3.38976174535,-2.57957707973,0.303050623797,0.139054073437,0.373334527016,1.05726113914,1.7720837534,0.132532886572,map_000000064.png
2.67717512814,3.35802147276,-2.52788195011,0.325036237002,0.0928069579149,0.303274869919,1.05726113914,1.7720837534,0.132532886572,map_000000065.png
2.66009019975,3.32803170127,-2.48969751382,0.325036237002,0.0928069579149,0.303274869919,1.05726113914,1.7720837534,0.132532886572,map_000000066.png
2.64414886954,3.29742553198,-2.45152227629,0.325011522211,0.092893472495,0.303379446268,1.05726113914,1.7720837534,0.132532886572,map_000000067.png
2.62466975868,3.2683152424,-2.42022613786,0.345816174469,0.0160800498103,0.178874701262,1.05726113914,1.7720837534,0.132532886572,map_000000068.png
2.60161287459,3.24141336159,-2.39703658731,0.349439645303,-0.0186966634078,0.121674865484,1.05726113914,1.7720837534,0.132532886572,map_000000069.png
2.57621177216,3.21772458917,-2.38192434793,0.34729816585,-0.0434048261227,0.0801164954901,1.05726113914,1.7720837534,0.132532886572,map_000000070.png
2.54815566107,3.19457045866,-2.37062778196,0.345129727726,-0.0581847572253,0.0453622415662,1.05726113914,1.7720837534,0.132532886572,map_000000071.png
2.51905282473,3.17272140252,-2.36283706866,0.344530832673,-0.0616319744244,0.0255183111876,1.05726113914,1.7720837534,0.132532886572,map_000000072.png
2.48927007543,3.15179946447,-2.35820325389,0.344530832673,-0.0616319744244,0.0255183111876,1.05726113914,1.7720837534,0.132532886572,map_000000073.png
2.45940629489,3.13100768686,-2.35542924206,0.345978566929,-0.0529039333063,-0.00162826664746,1.05726113914,1.7720837534,0.132532886572,map_000000074.png
2.4299731207,3.10961239341,-2.35496073599,0.347365375336,-0.0428636320351,-0.00857618544251,1.05726113914,1.7720837534,0.132532886572,map_000000075.png
2.4010541444,3.08753970392,-2.35552901207,0.348575088157,-0.0315500055426,-0.0119756842032,1.05726113914,1.7720837534,0.132532886572,map_000000076.png
2.37268339686,3.06476190275,-2.35655845227,0.349376278159,-0.0208856695614,-0.0126790907234,1.05726113914,1.7720837534,0.132532886572,map_000000077.png
2.34492093217,3.04124769395,-2.35780093285,0.34998448875,-0.00329432358056,-0.00989226158708,1.05726113914,1.7720837534,0.132532886572,map_000000078.png
2.31776194683,3.01703862379,-2.35906791117,0.349986799379,0.00303894622194,-0.00782857649028,1.05726113914,1.7720837534,0.132532886572,map_000000079.png
2.29170292971,2.99164251957,-2.36008481846,0.349986799379,0.00303894622194,-0.00782857649028,1.05726113914,1.7720837534,0.132532886572,map_000000080.png
2.26606661295,2.96582130669,-2.36089314442,0.349917907382,0.00757977751865,-0.00592737272382,1.05726113914,1.7720837534,0.132532886572,map_000000081.png
2.24164574785,2.94076774315,-2.36153353949,0.349887426807,0.00887600676533,-0.00429943436757,1.05726113914,1.7720837534,0.132532886572,map_000000082.png
2.21638826008,2.91457469894,-2.36204874018,0.349887028972,0.00889167536292,-0.00308503257111,1.05726113914,1.7720837534,0.132532886572,map_000000083.png
2.19116363257,2.88835027832,-2.36243906304,0.349903701851,0.00820940707725,-0.00206904485822,1.05726113914,1.7720837534,0.132532886572,map_000000084.png
2.16591826219,2.86214564819,-2.36272915418,0.34995233311,0.0057757670018,-0.000682714395225,1.05726113914,1.7720837534,0.132532886572,map_000000085.png
2.14061996172,2.83599263122,-2.3629339053,0.349971448161,0.00446994467647,-0.000244463793933,1.05726113914,1.7720837534,0.132532886572,map_000000086.png
2.11514297391,2.81001403107,-2.36300306568,0.349971448161,0.00446994467647,-0.000244463793933,1.05726113914,1.7720837534,0.132532886572,map_000000087.png
2.08957901308,2.78412139179,-2.36303226602,0.349984732886,0.00326828404006,7.84387812018e-05,1.05726113914,1.7720837534,0.132532886572,map_000000088.png
2.08957901308,2.78412139179,-2.36303226602,0.349991058455,0.00250078686816,0.000185546465218,1.05726113914,1.7720837534,0.132532886572,map_000000089.png
2.06394167523,2.75830119942,-2.3630337539,0.349991058455,0.00250078686816,0.000185546465218,1.05726113914,1.7720837534,0.132532886572,map_000000090.png
2.03824998719,2.73254154245,-2.36301915135,0.349995019491,0.00186581487476,0.000241870060563,1.05726113914,1.7720837534,0.132532886572,map_000000091.png
2.01251017085,2.70681733352,-2.36299743154,0.349996731124,0.00151100502029,0.000247519463301,1.05726113914,1.7720837534,0.132532886572,map_000000092.png
1.98673868372,2.6811312167,-2.36297163224,0.349997485147,0.00132488665978,0.000199314206839,1.05726113914,1.7720837534,0.132532886572,map_000000093.png
1.96094614464,2.65546599336,-2.36294582827,0.349997851615,0.00122425416099,0.000202714465559,1.05726113914,1.7720837534,0.132532886572,map_000000094.png
1.93612452597,2.63079086676,-2.36292541803,0.349997851615,0.00122425416099,0.000202714465559,1.05726113914,1.7720837534,0.132532886572,map_000000095.png
1.91031708436,2.60514552476,-2.36290436403,0.349997550858,0.00130741227994,0.000133528374135,1.05726113914,1.7720837534,0.132532886572,map_000000096.png
1.8845262289,2.57949241902,-2.36288061289,0.349996185402,0.00163252500445,0.00010700430721,1.05726113914,1.7720837534,0.132532886572,map_000000097.png
1.85872350353,2.55383695544,-2.3628742876,0.349996599881,0.0015411052411,7.87889584899e-05,1.05726113914,1.7720837534,0.132532886572,map_000000098.png
1.83293172083,2.52815338027,-2.36286339207,0.349996168005,0.00163625045828,4.68734651804e-05,1.05726113914,1.7720837534,0.132532886572,map_000000099.png
1.80714838902,2.50248379843,-2.3628553578,0.349995601228,0.00175329827599,4.07285988331e-05,1.05726113914,1.7720837534,0.132532886572,map_000000100.png
1.78138525585,2.47680282851,-2.36284306306,0.349994890887,0.00188978479208,1.9364990294e-05,1.05726113914,1.7720837534,0.132532886572,map_000000101.png
1.7556042213,2.4511255754,-2.3628449117,0.349994890887,0.00188978479208,1.9364990294e-05,1.05726113914,1.7720837534,0.132532886572,map_000000102.png
1.72983280631,2.42542156113,-2.36284151923,0.349994730785,0.00191920720504,4.25521284342e-06,1.05726113914,1.7720837534,0.132532886572,map_000000103.png
1.70407565345,2.39972571149,-2.36284013569,0.349994360357,0.00198561112753,1.03516504169e-05,1.05726113914,1.7720837534,0.132532886572,map_000000104.png
1.67833576325,2.37402143016,-2.36283171609,0.349994275154,0.00200057312775,8.5886567831e-06,1.05726113914,1.7720837534,0.132532886572,map_000000105.png
1.6525724801,2.3483263817,-2.36283676367,0.349994227983,0.00200880872872,9.83662903309e-06,1.05726113914,1.7720837534,0.132532886572,map_000000106.png
1.62781071076,2.3236101829,-2.3628351299,0.368191882654,0.00212219504891,1.14208087325e-05,1.05726113914,1.7720837534,0.132532886572,map_000000107.png
1.60206185973,2.29790763088,-2.36283343073,0.358192186333,0.00204456854598,1.22906640172e-05,1.05726113914,1.7720837534,0.132532886572,map_000000108.png
1.57496843073,2.27086154492,-2.36283150284,0.358192186333,0.00204456854598,1.22906640172e-05,1.05726113914,1.7720837534,0.132532886572,map_000000109.png
1.54849960135,2.24444123573,-2.36282925209,0.348192463166,0.00196879070775,1.3061799109e-05,1.05726113914,1.7720837534,0.132532886572,map_000000110.png
1.52262381534,2.2186151135,-2.36282727816,0.338192720771,0.00189526420211,1.34892761707e-05,1.05726113914,1.7720837534,0.132532886572,map_000000111.png
1.49737286583,2.1934147123,-2.36282523688,0.318193208337,0.00175569543163,1.37891620398e-05,1.05726113914,1.7720837534,0.132532886572,map_000000112.png
1.47299164138,2.1690848679,-2.36282316109,0.308193429427,0.00168935738375,1.40434131026e-05,1.05726113914,1.7720837534,0.132532886572,map_000000113.png
1.44968777536,2.1458328408,-2.36282088999,0.29819402873,0.00155308024401,1.73589214683e-05,1.05726113914,1.7720837534,0.132532886572,map_000000114.png
1.42700583149,2.1232027354,-2.36281886666,0.288193846784,0.00156217698476,1.75600871444e-05,1.05726113914,1.7720837534,0.132532886572,map_000000115.png
1.40505716121,2.10131608476,-2.36281646036,0.288193846784,0.00156217698476,1.75600871444e-05,1.05726113914,1.7720837534,0.132532886572,map_000000116.png
1.40505716121,2.10131608476,-2.36281646036,0.278194434427,0.00142711366332,1.74678862095e-05,1.05726113914,1.7720837534,0.132532886572,map_000000117.png
1.38370036523,2.08001231093,-2.36281406751,0.278194434427,0.00142711366332,1.74678862095e-05,1.05726113914,1.7720837534,0.132532886572,map_000000118.png
1.36299474161,2.05936437331,-2.36281150674,0.258194351314,0.00139454718371,1.38590112329e-05,1.05726113914,1.7720837534,0.132532886572,map_000000119.png
1.34398310173,2.04040438212,-2.36280952147,0.248194895861,0.00126315637407,1.7168931663e-05,1.05726113914,1.7720837534,0.132532886572,map_000000120.png
1.32519545663,2.02166575643,-2.36280734738,0.238195014442,0.00121273840691,1.66380777955e-05,1.05726113914,1.7720837534,0.132532886572,map_000000121.png
1.3070380452,2.00356353745,-2.36280536514,0.228195176972,0.00115497849136,1.69686973095e-05,1.05726113914,1.7720837534,0.132532886572,map_000000122.png
1.28951763095,1.98607704378,-2.362796262,0.228195176972,0.00115497849136,1.69686973095e-05,1.05726113914,1.7720837534,0.132532886572,map_000000123.png
1.27267853174,1.96930905684,-2.36280078697,0.21819534389,0.00109441190688,1.70143321157e-05,1.05726113914,1.7720837534,0.132532886572,map_000000124.png
1.25646268689,1.95314438869,-2.36279814103,0.198195221453,0.00106422998996,1.37817114592e-05,1.05726113914,1.7720837534,0.132532886572,map_000000125.png
1.24130901885,1.93803241705,-2.36279637023,0.18819573105,0.000938603589657,1.70851126313e-05,1.05726113914,1.7720837534,0.132532886572,map_000000126.png
1.22704681992,1.92379055845,-2.36278794617,0.17819587622,0.000884882119981,1.64182856679e-05,1.05726113914,1.7720837534,0.132532886572,map_000000127.png
1.21334997921,1.91015709597,-2.36279239446,0.168196069776,0.000818853152148,1.70655548573e-05,1.05726113914,1.7720837534,0.132532886572,map_000000128.png
1.2003049406,1.89715482195,-2.36279030985,0.148196451546,0.000689135644007,1.7698854208e-05,1.05726113914,1.7720837534,0.132532886572,map_000000129.png
1.18792159827,1.88481417232,-2.36278826619,0.148196451546,0.000689135644007,1.7698854208e-05,1.05726113914,1.7720837534,0.132532886572,map_000000130.png
1.17696602267,1.87388168989,-2.36277956955,0.138196627832,0.000626906142877,1.78720802069e-05,1.05726113914,1.7720837534,0.132532886572,map_000000131.png
1.16699833044,1.86397348512,-2.36278390539,0.128196797008,0.000565375477857,1.8103979528e-05,1.05726113914,1.7720837534,0.132532886572,map_000000132.png
1.15724268049,1.85425918327,-2.36278183113,0.118197084077,0.000476138638085,8.35582613945e-06,1.05726113914,1.7720837534,0.132532886572,map_000000133.png
1.14808352052,1.84514235805,-2.36278011532,0.108197148981,0.000440359247411,1.81524083018e-05,1.05726113914,1.7720837534,0.132532886572,map_000000134.png
1.13953933936,1.8366416284,-2.36277875159,0.0930323391313,0.000352210424697,1.90548598766e-05,1.05726113914,1.7720837534,0.132532886572,map_000000135.png
1.13165147467,1.82879355403,-2.36277660592,0.0830324843999,0.000295697622897,2.03028321266e-05,1.05726113914,1.7720837534,0.132532886572,map_000000136.png
1.12479341949,1.82197375767,-2.36277448423,0.0830324843999,0.000295697622897,2.03028321266e-05,1.05726113914,1.7720837534,0.132532886572,map_000000137.png
1.11858950624,1.81580684882,-2.36277223424,0.0765160689052,0.000257676351852,2.037640661e-05,1.05726113914,1.7720837534,0.132532886572,map_000000138.png
1.11281429919,1.81006799165,-2.36276999482,0.07651605731,0.000261096804291,2.04844400287e-05,1.05726113914,1.7720837534,0.132532886572,map_000000139.png
1.10717164533,1.80446109094,-2.36276766479,0.0765162111623,0.000211251422059,2.37748026848e-05,1.05726113914,1.7720837534,0.132532886572,map_000000140.png
1.10152767955,1.79885552096,-2.3627653285,0.0765161971848,0.000216254882307,2.36183404922e-05,1.05726113914,1.7720837534,0.132532886572,map_000000141.png
1.09608956643,1.7934584793,-2.36276261419,0.0765160185835,0.000272209356761,1.99060887098e-05,1.05726113914,1.7720837534,0.132532886572,map_000000142.png
1.09044617653,1.78785718907,-2.3627601914,0.0665161496899,0.000217167049734,1.0,1.05726113914,1.7720837534,0.132532886572,map_000000143.png
1.08482074736,1.78224635185,-2.36275164271,0.0665161496899,0.000217167049734,1.0,1.05726113914,1.7720837534,0.132532886572,map_000000144.png
1.0793767562,1.77765672624,-2.27621057568,0.0565162620238,0.000164373560403,1.0,1.05726113914,1.7720837534,0.132532886572,map_000000145.png
1.0793767562,1.77765672624,-2.27621057568,0.0499999762457,5.05210844346e-05,1.0,1.05726113914,1.7720837534,0.132532886572,map_000000146.png
1.07482873231,1.77333624506,-2.17393548866,0.0499030793562,-0.00311172744889,1.0,1.05726113914,1.7720837534,0.132532886572,map_000000147.png
1.07109977346,1.76917446157,-2.07166443289,0.0499030793562,-0.00311172744889,1.0,1.05726113914,1.7720837534,0.132532886572,map_000000148.png
1.06783930641,1.76497006197,-1.96939074862,0.0493715149675,-0.00790276450145,1.0,1.05726113914,1.7720837534,0.132532886572,map_000000149.png
1.06474934197,1.76058371985,-1.8671197416,0.0459995924076,-0.0195968792231,1.0,1.05726113914,1.7720837534,0.132532886572,map_000000150.png
1.06170239334,1.75607323717,-1.76484902011,0.0428155048717,-0.0258231043744,1.0,1.05726113914,1.7720837534,0.132532886572,map_000000151.png
1.0580091972,1.75179554117,-1.66258746171,0.0428155048717,-0.0258231043744,1.0,1.05726113914,1.7720837534,0.132532886572,map_000000152.png
1.05426107773,1.74743872199,-1.56031367251,0.038579571365,-0.0318059247664,1.0,1.05726113914,1.7720837534,0.132532886572,map_000000153.png
1.05040884174,1.74305664103,-1.45804672083,0.0344622901701,-0.0362263817291,1.0,1.05726113914,1.7720837534,0.132532886572,map_000000154.png
1.0467287066,1.7387553016,-1.35969804365,0.0298037407567,-0.0401464470889,1.0,1.05726113914,1.7720837534,0.132532886572,map_000000155.png
1.04291429921,1.734196544,-1.25741711714,0.0,0.0,1.0,1.05726113914,1.7720837534,0.132532886572,map_000000156.png
1.0394933858,1.72998605021,-1.15514571995,0.0,0.0,1.0,1.05726113914,1.7720837534,0.132532886572,map_000000157.png
1.03861210382,1.72954842978,-1.0528741428,0.0,0.0,1.0,1.05726113914,1.7720837534,0.132532886572,map_000000158.png
1.03778618784,1.72903133047,-0.950597701959,0.0,0.0,1.0,1.05726113914,1.7720837534,0.132532886572,map_000000159.png
1.03701525989,1.72842427626,-0.84832436382,0.0,0.0,1.0,1.05726113914,1.7720837534,0.132532886572,map_000000160.png
1.03631079093,1.7277420982,-0.746050862882,0.0,0.0,1.0,1.05726113914,1.7720837534,0.132532886572,map_000000161.png
1.03567734815,1.72698912517,-0.643779037702,0.0,0.0,1.0,1.05726113914,1.7720837534,0.132532886572,map_000000162.png
1.03512662632,1.72617848612,-0.541505524261,0.0,0.0,1.0,1.05726113914,1.7720837534,0.132532886572,map_000000163.png
1.03466136717,1.72531563338,-0.439232632015,0.0,0.0,1.0,1.05726113914,1.7720837534,0.132532886572,map_000000164.png
1.03428340091,1.72440656318,-0.336961715732,0.0,0.0,0.849691271782,1.05726113914,1.7720837534,0.132532886572,map_000000165.png
1.03400101032,1.72346528076,-0.234690447301,0.0,0.0,0.849691271782,1.05726113914,1.7720837534,0.132532886572,map_000000166.png
1.03382060375,1.72261099462,-0.147606077434,0.0,0.0,0.849977135658,1.05726113914,1.7720837534,0.132532886572,map_000000167.png
1.03373303224,1.72178174972,-0.0606963001857,0.0,0.0,0.696856677532,1.05726113914,1.7720837534,0.132532886572,map_000000168.png
1.03371677055,1.72100552825,0.0202042441434,0.0,0.0,0.413198053837,1.05726113914,1.7720837534,0.132532886572,map_000000169.png
1.03374876319,1.72038681199,0.0847743634723,0.0,0.0,0.16162262857,1.05726113914,1.7720837534,0.132532886572,map_000000170.png
1.03379011877,1.71999289985,0.126040807653,0.0,0.0,0.0,1.05726113914,1.7720837534,0.132532886572,map_000000171.png
