-4.50000526055,0.500004934807,-0.84999521789,0.0,0.0,0.0,-2.19751663766,3.6969757983,-3.03839022355,map_000000000.png
-4.50000526055,0.500004934807,-0.84999521789,0.0,0.0,0.0,-2.19751663766,3.6969757983,-3.03839022355,map_000000001.png
-4.4999936689,0.499993337627,-0.849994783194,0.0,0.0,0.0,-2.19751663766,3.6969757983,-3.03839022355,map_000000002.png
-4.49999536763,0.499995025906,-0.849994780524,0.0,0.0,0.0,-2.19751663766,3.6969757983,-3.03839022355,map_000000003.png
-4.4999953567,0.499995016753,-0.849994950833,0.0,0.0,0.0,-2.19751663766,3.6969757983,-3.03839022355,map_000000004.png
-4.49998621213,0.499985875546,-0.849994586356,-0.00900122093202,0.00435637851416,1.0,-2.19751663766,3.6969757983,-3.03839022355,map_000000005.png
-4.50003370046,0.500009515985,-0.846060985538,-0.0179996773236,0.00871846685777,1.0,-2.19751663766,3.6969757983,-3.03839022355,map_000000006.png
-4.50099237186,0.500334989479,-0.747698792574,-0.0179996773236,0.00871846685777,1.0,-2.19751663766,3.6969757983,-3.03839022355,map_000000007.png
-4.50241798179,0.501331526276,-0.645426850638,-0.026917299484,0.0132460949428,1.0,-2.19751663766,3.6969757983,-3.03839022355,map_000000008.png
-4.50427404035,0.50282643692,-0.547095472356,-0.0370875763517,0.0335337455429,1.0,-2.19751663766,3.6969757983,-3.03839022355,map_000000009.png
-4.5065365847,0.50560032992,-0.444821796226,-0.0450002152436,0.0396860336225,1.0,-2.19751663766,3.6969757983,-3.03839022355,map_000000010.png
-4.50929892977,0.509668179653,-0.34255005187,-0.038063805464,0.058746469707,1.0,-2.19751663766,3.6969757983,-3.03839022355,map_000000011.png
-4.51262747149,0.51402083731,-0.244202145004,-0.0347057899645,0.0720798786943,1.0,-2.19751663766,3.6969757983,-3.03839022355,map_000000012.png
-4.51552735182,0.519806823981,-0.141934158038,-0.0347057899645,0.0720798786943,1.0,-2.19751663766,3.6969757983,-3.03839022355,map_000000013.png
-4.51857039097,0.52651877179,-0.039665557331,-0.0403749364313,0.0804354692799,1.0,-2.19751663766,3.6969757983,-3.03839022355,map_000000014.png
-4.52253423686,0.533363412346,0.0586643694504,-0.0113845311171,0.109409288389,1.0,-2.19751663766,3.6969757983,-3.03839022355,map_000000015.png
-4.52599303125,0.542186671115,0.160932016324,0.00163991525075,0.119988792938,1.0,-2.19751663766,3.6969757983,-3.03839022355,map_000000016.png
-4.52892211317,0.552644976714,0.263208295601,0.0130991156044,0.129338363997,1.0,-2.19751663766,3.6969757983,-3.03839022355,map_000000017.png
-4.53200215612,0.56349213973,0.361558586712,0.0579986490698,0.127421179317,1.0,-2.19751663766,3.6969757983,-3.03839022355,map_000000018.png
-4.53556944981,0.575535025314,0.463831791828,0.060385396091,0.137308429577,1.0,-2.19751663766,3.6969757983,-3.03839022355,map_000000019.png
-4.5363393682,0.589178702746,0.566105030899,0.060385396091,0.137308429577,1.0,-2.19751663766,3.6969757983,-3.03839022355,map_000000020.png
-4.53869503562,0.602932201368,0.664433732391,0.103817290839,0.134617885313,1.0,-2.19751663766,3.6969757983,-3.03839022355,map_000000021.png
-4.54033074494,0.618924502046,0.766705977907,0.122235996349,0.132130123316,1.0,-2.19751663766,3.6969757983,-3.03839022355,map_000000022.png
-4.54169157673,0.635594808948,0.865050091899,0.155942962311,0.108544017912,1.0,-2.19751663766,3.6969757983,-3.03839022355,map_000000023.png
-4.54295601567,0.653833830052,0.967324707969,0.176325911726,0.0943884890287,1.0,-2.19751663766,3.6969757983,-3.03839022355,map_000000024.png
-4.54291452322,0.673164383734,1.06959431051,0.194841436331,0.0783379285144,0.992369234562,-2.19751663766,3.6969757983,-3.03839022355,map_000000025.png
-4.54280180895,0.692705438822,1.16792131075,0.194841436331,0.0783379285144,0.992369234562,-2.19751663766,3.6969757983,-3.03839022355,map_000000026.png
-4.54268103693,0.714112285623,1.26947290268,0.228475338239,0.0264394321957,0.617359042168,-2.19751663766,3.6969757983,-3.03839022355,map_000000027.png
-4.54013507106,0.737065164134,1.34291872672,0.239983622244,0.00280822763198,0.47007355094,-2.19751663766,3.6969757983,-3.03839022355,map_000000028.png
-4.53626133314,0.760256517052,1.39551621724,0.248807696433,-0.0243877017827,0.31577694416,-2.19751663766,3.6969757983,-3.03839022355,map_000000029.png
-4.53132708424,0.785073592204,1.43812415235,0.256716299532,-0.041191847268,0.205712512136,-2.19751663766,3.6969757983,-3.03839022355,map_000000030.png
-4.53132708424,0.785073592204,1.43812415235,0.276687102433,-0.0429448853582,0.126637145877,-2.19751663766,3.6969757983,-3.03839022355,map_000000031.png
-4.51847973602,0.835705791098,1.48848392807,0.276687102433,-0.0429448853582,0.126637145877,-2.19751663766,3.6969757983,-3.03839022355,map_000000032.png
-4.51847973602,0.835705791098,1.48848392807,0.287944208952,-0.0344695226582,0.116078324616,-2.19751663766,3.6969757983,-3.03839022355,map_000000033.png
-4.51207437087,0.862000877527,1.50951716555,0.287944208952,-0.0344695226582,0.116078324616,-2.19751663766,3.6969757983,-3.03839022355,map_000000034.png
-4.50654603113,0.891317248494,1.52194327656,0.298668948585,-0.0282287571031,0.0857743248343,-2.19751663766,3.6969757983,-3.03839022355,map_000000035.png
-4.50209577388,0.920576620928,1.5315692163,0.309416691564,-0.019008248435,0.0729477107525,-2.19751663766,3.6969757983,-3.03839022355,map_000000036.png
-4.49839303209,0.951996955435,1.53979045027,0.319753361763,-0.0125612521005,0.0543318092823,-2.19751663766,3.6969757983,-3.03839022355,map_000000037.png
-4.49569871037,0.983071427768,1.54659735463,0.339999617197,0.000492693050428,0.0425256751478,-2.19751663766,3.6969757983,-3.03839022355,map_000000038.png
-4.49368495935,1.01636763946,1.55211199907,0.349982325017,0.00351351073873,0.0323284119368,-2.19751663766,3.6969757983,-3.03839022355,map_000000039.png
-4.49309565743,1.05169601781,1.55645469138,0.349982325017,0.00351351073873,0.0323284119368,-2.19751663766,3.6969757983,-3.03839022355,map_000000040.png
-4.49293607579,1.08656047447,1.55975383623,0.349950185242,0.00590447141126,0.0260275509208,-2.19751663766,3.6969757983,-3.03839022355,map_000000041.png
-4.49309027225,1.12294669527,1.56263991307,0.349958249377,0.00540542563262,0.019215689972,-2.19751663766,3.6969757983,-3.03839022355,map_000000042.png
-4.49339527501,1.15932013451,1.56497498085,0.349992110316,0.00234896789248,0.00719382241368,-2.19751663766,3.6969757983,-3.03839022355,map_000000043.png
-4.493673617,1.1943162814,1.56653950554,0.349990960017,0.00251452573345,0.00719512999058,-2.19751663766,3.6969757983,-3.03839022355,map_000000044.png
-4.49375889408,1.23068857687,1.56726938708,0.349999326276,-0.000683037254276,-0.00264207832515,-2.19751663766,3.6969757983,-3.03839022355,map_000000045.png
-4.49390769706,1.26708238161,1.56801005815,0.349999326276,-0.000683037254276,-0.00264207832515,-2.19751663766,3.6969757983,-3.03839022355,map_000000046.png
-4.49375753972,1.30205725101,1.56782271613,0.349937002178,-0.00663998797508,-0.01802399382,-2.19751663766,3.6969757983,-3.03839022355,map_000000047.png
-4.49312022664,1.33843607205,1.56640265289,0.349939271351,-0.00651930210261,-0.0180310923606,-2.19751663766,3.6969757983,-3.03839022355,map_000000048.png
-4.49229644518,1.37341325948,1.56462882675,0.34964526694,-0.0157538008108,-0.0422268770635,-2.19751663766,3.6969757983,-3.03839022355,map_000000049.png
-4.49105089382,1.40977464292,1.56192592596,0.344706233583,-0.0478793564171,-0.157977685332,-2.19751663766,3.6969757983,-3.03839022355,map_000000050.png
-4.48843046109,1.44599556558,1.55532726769,0.344272660483,-0.0526878718606,-0.15397708118,-2.19751663766,3.6969757983,-3.03839022355,map_000000051.png
-4.48301539124,1.48035056683,1.53979859541,0.330823984706,-0.0827067437275,-0.265134841204,-2.19751663766,3.6969757983,-3.03839022355,map_000000052.png
-4.47633176433,1.51591409841,1.52403677173,0.330823984706,-0.0827067437275,-0.265134841204,-2.19751663766,3.6969757983,-3.03839022355,map_000000053.png
-4.46658199705,1.55006242285,1.49910737234,0.330788834439,-0.0828472167628,-0.265224277973,-2.19751663766,3.6969757983,-3.03839022355,map_000000054.png
-4.45579745793,1.58233870219,1.47302761127,0.259781127663,-0.188569514668,-0.656190991402,-2.19751663766,3.6969757983,-3.03839022355,map_000000055.png
-4.43951302785,1.61188204592,1.42898125096,0.254273015941,-0.186651417986,-0.656410634518,-2.19751663766,3.6969757983,-3.03839022355,map_000000056.png
-4.41624473326,1.63506219617,1.36186732896,0.192163380083,-0.23739891453,-0.907173454762,-2.19751663766,3.6969757983,-3.03839022355,map_000000057.png
-4.39258778611,1.65517345638,1.29634379275,0.189060914756,-0.237223616398,-0.841407120228,-2.19751663766,3.6969757983,-3.03839022355,map_000000058.png
-4.3637385288,1.66667953316,1.20357029071,0.189060914756,-0.237223616398,-0.841407120228,-2.19751663766,3.6969757983,-3.03839022355,map_000000059.png
-4.33402624849,1.67525971093,1.11648005095,0.152255418587,-0.248806402114,-1.0,-2.19751663766,3.6969757983,-3.03839022355,map_000000060.png
-4.30551297968,1.67823690756,1.02250019662,0.149986989768,-0.248152326838,-1.0,-2.19751663766,3.6969757983,-3.03839022355,map_000000061.png
-4.27613352712,1.67723815235,0.920225579572,0.188919056805,-0.231125755944,-0.915874660015,-2.19751663766,3.6969757983,-3.03839022355,map_000000062.png
-4.24779802656,1.67469919422,0.824549961057,0.192548934506,-0.223863746683,-0.965546607971,-2.19751663766,3.6969757983,-3.03839022355,map_000000063.png
-4.21761528322,1.67218031856,0.730101117297,0.23841798163,-0.190663389086,-0.812456905842,-2.19751663766,3.6969757983,-3.03839022355,map_000000064.png
-4.187998697,1.66748350396,0.631351837703,0.198964532513,-0.205616203495,-1.0,-2.19751663766,3.6969757983,-3.03839022355,map_000000065.png
-4.15809945262,1.66541159213,0.550862112399,0.198964532513,-0.205616203495,-1.0,-2.19751663766,3.6969757983,-3.03839022355,map_000000066.png
-4.12947714473,1.65832296503,0.453007315452,0.233307240799,-0.182359658224,-0.948266148567,-2.19751663766,3.6969757983,-3.03839022355,map_000000067.png
-4.10093956434,1.6498990067,0.353990414555,0.256525053921,-0.163800155737,-0.827847838402,-2.19751663766,3.6969757983,-3.03839022355,map_000000068.png
-4.07277082924,1.64147083856,0.265496584118,0.287363523159,-0.127455905563,-0.672224342823,-2.19751663766,3.6969757983,-3.03839022355,map_000000069.png
-4.04259895451,1.63258663634,0.184509730957,0.312945361476,-0.0850437571774,-0.523923039436,-2.19751663766,3.6969757983,-3.03839022355,map_000000070.png
-4.04259895451,1.63258663634,0.184509730957,0.342854308904,0.0108529153208,-0.238169819117,-2.19751663766,3.6969757983,-3.03839022355,map_000000071.png
-4.01108811446,1.62482363036,0.11634653316,0.342854308904,0.0108529153208,-0.238169819117,-2.19751663766,3.6969757983,-3.03839022355,map_000000072.png
-3.97920414899,1.61970285533,0.0648226813899,0.342854308904,0.0108529153208,-0.238169819117,-2.19751663766,3.6969757983,-3.03839022355,map_000000073.png
-3.94404475658,1.62129226648,0.0359693528108,0.345826217673,0.0520487895803,-0.136004164815,-2.19751663766,3.6969757983,-3.03839022355,map_000000074.png
-3.90831400251,1.62635165793,0.0184541341354,0.337837719908,0.0914640363255,-0.0248721651733,-2.19751663766,3.6969757983,-3.03839022355,map_000000075.png
-3.87422913912,1.63396684165,0.0103226215087,0.33455510258,0.102824502291,0.0183998346329,-2.19751663766,3.6969757983,-3.03839022355,map_000000076.png
-3.83930507996,1.64417494974,0.00914037514287,0.314567237694,0.138516162913,0.226040109992,-2.19751663766,3.6969757983,-3.03839022355,map_000000077.png
-3.80621148704,1.65517561691,0.0134001609001,0.31739597492,0.131602598769,0.227889090776,-2.19751663766,3.6969757983,-3.03839022355,map_000000078.png
-3.77387538169,1.67014286976,0.0365110634708,0.31739597492,0.131602598769,0.227889090776,-2.19751663766,3.6969757983,-3.03839022355,map_000000079.png
-3.74157859804,1.68521981863,0.05980612262,0.303935921827,0.145309901407,0.330469250679,-2.19751663766,3.6969757983,-3.03839022355,map_000000080.png
-3.71198956575,1.70132655498,0.0898779843048,0.295446646056,0.149577711459,0.418130517006,-2.19751663766,3.6969757983,-3.03839022355,map_000000081.png
-3.68264184896,1.71954526433,0.128500674986,0.304396322968,0.136109265456,0.383327513933,-2.19751663766,3.6969757983,-3.03839022355,map_000000082.png
-3.65408164306,1.73862274029,0.169897197153,0.307031489771,0.124657912607,0.415196955204,-2.19751663766,3.6969757983,-3.03839022355,map_000000083.png
-3.62656777083,1.75709327767,0.2082127008,0.276011029513,0.164615905257,0.65637254715,-2.19751663766,3.6969757983,-3.03839022355,map_000000084.png
-3.59833419452,1.77654366165,0.250669690348,0.27050696032,0.1625505873,0.656591355801,-2.19751663766,3.6969757983,-3.03839022355,map_000000085.png
-3.57537610259,1.80037354249,0.317794517755,0.27050696032,0.1625505873,0.656591355801,-2.19751663766,3.6969757983,-3.03839022355,map_000000086.png
-3.55523164255,1.82435984076,0.382353453607,0.249190976972,0.182894832631,0.755819678307,-2.19751663766,3.6969757983,-3.03839022355,map_000000087.png
-3.53785484517,1.85117059942,0.455751000997,0.260311314856,0.170911557668,0.72122579813,-2.19751663766,3.6969757983,-3.03839022355,map_000000088.png
-3.52350342936,1.87820317712,0.528577149397,0.260075859444,0.171269636891,0.721465885639,-2.19751663766,3.6969757983,-3.03839022355,map_000000089.png
-3.5097527067,1.90707241314,0.602328864394,0.282424782379,0.14748187048,0.611609637737,-2.19751663766,3.6969757983,-3.03839022355,map_000000090.png
-3.49795828485,1.93687338355,0.675245585038,0.297693584348,0.120216812839,0.574595570564,-2.19751663766,3.6969757983,-3.03839022355,map_000000091.png
-3.48561582885,1.9659485934,0.7353877895,0.297693584348,0.120216812839,0.574595570564,-2.19751663766,3.6969757983,-3.03839022355,map_000000092.png
-3.47189142008,1.99610250168,0.794591863846,0.297683345571,0.120242164071,0.574786543846,-2.19751663766,3.6969757983,-3.03839022355,map_000000093.png
-3.45958561987,2.02689777125,0.85335964241,0.312321463212,0.0898876693617,0.514847993851,-2.19751663766,3.6969757983,-3.03839022355,map_000000094.png
-3.44777971646,2.0567607502,0.906811812618,0.316294971932,0.0803333820876,0.494585931301,-2.19751663766,3.6969757983,-3.03839022355,map_000000095.png
-3.43519280268,2.08801668428,0.958817338065,0.316368591953,0.0800429607936,0.494750022888,-2.19751663766,3.6969757983,-3.03839022355,map_000000096.png
-3.42350336481,2.11973876616,1.00939590946,0.315509798021,0.081252854533,0.503051698208,-2.19751663766,3.6969757983,-3.03839022355,map_000000097.png
-3.41377695914,2.15076461447,1.05805005677,0.315509798021,0.081252854533,0.503051698208,-2.19751663766,3.6969757983,-3.03839022355,map_000000098.png
-3.40541132458,2.18345848946,1.10945675078,0.323565795615,0.0693410187614,0.425210207701,-2.19751663766,3.6969757983,-3.03839022355,map_000000099.png
-3.39760261846,2.2167419363,1.15478102126,0.295211021641,0.119074060743,0.617848932743,-2.19751663766,3.6969757983,-3.03839022355,map_000000100.png
-3.3945443725,2.24860742921,1.20794906894,0.302310920632,0.114788187292,0.540943801403,-2.19751663766,3.6969757983,-3.03839022355,map_000000101.png
-3.39540753298,2.28171072047,1.26781331083,0.298137783702,0.124861595821,0.543287992477,-2.19751663766,3.6969757983,-3.03839022355,map_000000102.png
-3.39791845087,2.31373704468,1.32105232483,0.308409175169,0.112975897669,0.463715791702,-2.19751663766,3.6969757983,-3.03839022355,map_000000103.png
-3.40315434895,2.34674638782,1.37629985756,0.32547414878,0.0820776419367,0.353848129511,-2.19751663766,3.6969757983,-3.03839022355,map_000000104.png
-3.40879634764,2.38026520118,1.4237194282,0.32547414878,0.0820776419367,0.353848129511,-2.19751663766,3.6969757983,-3.03839022355,map_000000105.png
-3.41292778456,2.41333374594,1.46023799589,0.336845264587,0.0536454530483,0.271093457937,-2.19751663766,3.6969757983,-3.03839022355,map_000000106.png
-3.4159491715,2.44839021337,1.49089961554,0.343797060552,0.0288015072349,0.211453378201,-2.19751663766,3.6969757983,-3.03839022355,map_000000107.png
-3.41769496232,2.48395307724,1.51579870421,0.348066749418,0.00902670032542,0.162921726704,-2.19751663766,3.6969757983,-3.03839022355,map_000000108.png
-3.41827470511,2.51850448306,1.53525521893,0.349903250543,-0.00822862034744,0.11698218435,-2.19751663766,3.6969757983,-3.03839022355,map_000000109.png
-3.41793052959,2.55471835646,1.55155933563,0.348848846091,-0.0283633128304,0.0556441359222,-2.19751663766,3.6969757983,-3.03839022355,map_000000110.png
-3.41793052959,2.55471835646,1.55155933563,0.348848846091,-0.0283633128304,0.0556441359222,-2.19751663766,3.6969757983,-3.03839022355,map_000000111.png
-3.41647203691,2.59107887355,1.56352349586,0.34837456162,-0.0336921318712,0.0321273617446,-2.19751663766,3.6969757983,-3.03839022355,map_000000112.png
-3.41360187467,2.6259574039,1.56948145299,0.34837456162,-0.0336921318712,0.0321273617446,-2.19751663766,3.6969757983,-3.03839022355,map_000000113.png
-3.41025028421,2.66217964737,1.57350054663,0.348521209899,-0.0321397135084,0.00562592921779,-2.19751663766,3.6969757983,-3.03839022355,map_000000114.png
-3.40677668808,2.69840319987,1.57579932891,0.348521209899,-0.0321397135084,0.00562592921779,-2.19751663766,3.6969757983,-3.03839022355,map_000000115.png
-3.4035282853,2.73323073341,1.5768864278,0.348938358931,-0.0272399816528,-0.000499767251313,-2.19751663766,3.6969757983,-3.03839022355,map_000000116.png
-3.40050148019,2.769497868,1.57737025851,0.349648985052,-0.0156710620436,-0.00623122695833,-2.19751663766,3.6969757983,-3.03839022355,map_000000117.png
-3.39799773865,2.80438410599,1.57731612366,0.349648985052,-0.0156710620436,-0.00623122695833,-2.19751663766,3.6969757983,-3.03839022355,map_000000118.png
-3.39541213977,2.84068555661,1.57726974451,0.349847632494,-0.0103261305567,-0.00840677227825,-2.19751663766,3.6969757983,-3.03839022355,map_000000119.png
-3.39438451683,2.87704517845,1.57647908152,0.349946777879,-0.00610308004031,-0.0110449586064,-2.19751663766,3.6969757983,-3.03839022355,map_000000120.png
-3.39379850848,2.91202600032,1.57549663134,0.349998117835,-0.00114562005852,-0.0109805446118,-2.19751663766,3.6969757983,-3.03839022355,map_000000121.png
-3.39355597992,2.94842196348,1.57437572807,0.349997650343,-0.00128050307028,-0.0217764861882,-2.19751663766,3.6969757983,-3.03839022355,map_000000122.png
-3.39355477765,2.98480603726,1.5729968847,0.349997942725,-0.0011979240663,-0.0201038569212,-2.19751663766,3.6969757983,-3.03839022355,map_000000123.png
-3.39348831339,3.01979355698,1.57085376415,0.349951789184,-0.00580862981927,-0.0334072709084,-2.19751663766,3.6969757983,-3.03839022355,map_000000124.png
-3.39334920356,3.05618088346,1.56879610281,0.349951789184,-0.00580862981927,-0.0334072709084,-2.19751663766,3.6969757983,-3.03839022355,map_000000125.png
-3.39272451955,3.09255998563,1.56558567601,0.349953557821,-0.00570107900226,-0.0334198698401,-2.19751663766,3.6969757983,-3.03839022355,map_000000126.png
-3.39193461509,3.12752672564,1.5622908466,0.343768262077,-0.0459346894152,-0.175046727061,-2.19751663766,3.6969757983,-3.03839022355,map_000000127.png
-3.38909835367,3.16358604757,1.55218912068,0.323585806421,-0.0955845800862,-0.318957746029,-2.19751663766,3.6969757983,-3.03839022355,map_000000128.png
-3.38240643444,3.19720633876,1.53101602962,0.270218048964,-0.184873555612,-0.720958650112,-2.19751663766,3.6969757983,-3.03839022355,map_000000129.png
-3.37026967962,3.22977771494,1.49523033249,0.261068807513,-0.180529647463,-0.721200346947,-2.19751663766,3.6969757983,-3.03839022355,map_000000130.png
-3.34877113155,3.25565259614,1.42150521741,0.261068807513,-0.180529647463,-0.721200346947,-2.19751663766,3.6969757983,-3.03839022355,map_000000131.png
-3.32689579658,3.27821193922,1.35058935094,0.248649624832,-0.190393442387,-0.689682424068,-2.19751663766,3.6969757983,-3.03839022355,map_000000132.png
-3.30209446234,3.29886474855,1.279060648,0.262703398185,-0.18066810016,-0.603663504124,-2.19751663766,3.6969757983,-3.03839022355,map_000000133.png
-3.27595729444,3.31817847074,1.21327125314,0.268161085957,-0.171821429499,-0.609163105488,-2.19751663766,3.6969757983,-3.03839022355,map_000000134.png
-3.25007519196,3.3362261537,1.15371148059,0.293485655384,-0.140796478537,-0.502074122429,-2.19751663766,3.6969757983,-3.03839022355,map_000000135.png
-3.22271258104,3.35448212416,1.09310296298,0.304351147017,-0.119553827056,-0.479650825262,-2.19751663766,3.6969757983,-3.03839022355,map_000000136.png
-3.1956093,3.37440713016,1.04174933289,0.321553162434,-0.0859437090789,-0.39047190547,-2.19751663766,3.6969757983,-3.03839022355,map_000000137.png
-3.16988809613,3.39429496741,0.994591010787,0.321553162434,-0.0859437090789,-0.39047190547,-2.19751663766,3.6969757983,-3.03839022355,map_000000138.png
-3.14357574159,3.41634778587,0.952548231523,0.337784477278,-0.0267841125991,-0.299008756876,-2.19751663766,3.6969757983,-3.03839022355,map_000000139.png
-3.11921620073,3.4412373592,0.918375936952,0.337833738345,-0.0261554394623,-0.2991091609,-2.19751663766,3.6969757983,-3.03839022355,map_000000140.png
-3.0964724677,3.46631168253,0.888966376114,0.331435760949,-0.0382144155025,-0.378822922707,-2.19751663766,3.6969757983,-3.03839022355,map_000000141.png
-3.07197173112,3.49140234274,0.856498550867,0.335294655986,-0.0337403120986,-0.327691435814,-2.19751663766,3.6969757983,-3.03839022355,map_000000142.png
-3.04724487046,3.51374635975,0.81944569668,0.320935620714,-0.0708653624086,-0.454886376858,-2.19751663766,3.6969757983,-3.03839022355,map_000000143.png
-3.02075492834,3.5366246328,0.785936957536,0.320935620714,-0.0708653624086,-0.454886376858,-2.19751663766,3.6969757983,-3.03839022355,map_000000144.png
-2.99214115594,3.55531204498,0.741415594597,0.323944916373,-0.106649331774,-0.483994871378,-2.19751663766,3.6969757983,-3.03839022355,map_000000145.png
-2.96189935332,3.5697552481,0.694744845033,0.32614421187,-0.110982088508,-0.433893561363,-2.19751663766,3.6969757983,-3.03839022355,map_000000146.png
-2.92869023716,3.58227313681,0.647812455456,0.306342145249,-0.134355386998,-0.516794741154,-2.19751663766,3.6969757983,-3.03839022355,map_000000147.png
-2.89482161443,3.59206018358,0.600504933971,0.301403402427,-0.120260858039,-0.446961343288,-2.19751663766,3.6969757983,-3.03839022355,map_000000148.png
-2.86222281261,3.59798857264,0.550506395864,0.268480654425,-0.143681743192,-0.607442140579,-2.19751663766,3.6969757983,-3.03839022355,map_000000149.png
-2.82908194163,3.60337154279,0.504797101973,0.268480654425,-0.143681743192,-0.607442140579,-2.19751663766,3.6969757983,-3.03839022355,map_000000150.png
-2.79572973299,3.60723455992,0.459087437944,0.266241514813,-0.125902983175,-0.532647073269,-2.19751663766,3.6969757983,-3.03839022355,map_000000151.png
-2.79572973299,3.60723455992,0.459087437944,0.250545540872,-0.134806707634,-0.595016002655,-2.19751663766,3.6969757983,-3.03839022355,map_000000152.png
-2.76615856536,3.60745292164,0.406505699403,0.250545540872,-0.134806707634,-0.595016002655,-2.19751663766,3.6969757983,-3.03839022355,map_000000153.png
-2.73654207686,3.60516764633,0.348108236239,0.238688755803,-0.113987737562,-0.520723223686,-2.19751663766,3.6969757983,-3.03839022355,map_000000154.png
-2.70805898856,3.60053237629,0.287068102669,0.238688755803,-0.113987737562,-0.520723223686,-2.19751663766,3.6969757983,-3.03839022355,map_000000155.png
-2.68170256883,3.59473384225,0.229669765938,0.234586662649,-0.0689509178494,-0.38099744916,-2.19751663766,3.6969757983,-3.03839022355,map_000000156.png
-2.65515452232,3.58883083098,0.176967917332,0.230373435482,-0.0438521357065,-0.314713299274,-2.19751663766,3.6969757983,-3.03839022355,map_000000157.png
-2.63096753602,3.58609999141,0.139506216894,0.230373435482,-0.0438521357065,-0.314713299274,-2.19751663766,3.6969757983,-3.03839022355,map_000000158.png
-2.60656961404,3.58443215191,0.106273749062,0.223856803327,-0.0171131254674,-0.235765263438,-2.19751663766,3.6969757983,-3.03839022355,map_000000159.png
-2.58293798402,3.58423863743,0.079678225134,0.214500364904,-0.00202939699221,-0.187363296747,-2.19751663766,3.6969757983,-3.03839022355,map_000000160.png
-2.56019978853,3.58508513511,0.0582371531296,0.209109270498,0.0100750230912,-0.137576818466,-2.19751663766,3.6969757983,-3.03839022355,map_000000161.png
-2.53812815167,3.58655999447,0.040836055697,0.189852494247,0.0190557380228,-0.0965323522687,-2.19751663766,3.6969757983,-3.03839022355,map_000000162.png
-2.51683397659,3.58866339446,0.0275836093278,0.179024964669,0.0253184308178,-0.0277958996594,-2.19751663766,3.6969757983,-3.03839022355,map_000000163.png
-2.49716250059,3.59117638921,0.0177066487203,0.170249677205,0.0249227952064,-0.00792621355504,-2.19751663766,3.6969757983,-3.03839022355,map_000000164.png
-2.47859248031,3.59414398352,0.0148659365903,0.170249677205,0.0249227952064,-0.00792621355504,-2.19751663766,3.6969757983,-3.03839022355,map_000000165.png
-2.46146253459,3.59688623193,0.0137682296954,0.170192709205,0.0253088925586,-0.00792856980115,-2.19751663766,3.6969757983,-3.03839022355,map_000000166.png
-2.44380560503,3.59974746508,0.0129552867797,0.151765161588,0.0218515886689,0.0348353721201,-2.19751663766,3.6969757983,-3.03839022355,map_000000167.png
-2.42703102661,3.60241931738,0.0141611798065,0.152251920535,0.0181523798055,0.0364938266575,-2.19751663766,3.6969757983,-3.03839022355,map_000000168.png
-2.41128204291,3.60479761322,0.0177794482864,0.14249482641,0.015452362888,0.0817518308759,-2.19751663766,3.6969757983,-3.03839022355,map_000000169.png
-2.3956570092,3.60689651438,0.0222184785771,0.133743143847,0.0151099496271,0.0817793607712,-2.19751663766,3.6969757983,-3.03839022355,map_000000170.png
-2.38087087559,3.60881149771,0.0305784016214,0.123474424976,0.0166651244665,0.155049204826,-2.19751663766,3.6969757983,-3.03839022355,map_000000171.png
-2.36704504262,3.61078154206,0.0389407403826,0.123474424976,0.0166651244665,0.155049204826,-2.19751663766,3.6969757983,-3.03839022355,map_000000172.png
-2.3541123836,3.61293838687,0.0536435611993,0.114666036527,0.0148723792906,0.142613187432,-2.19751663766,3.6969757983,-3.03839022355,map_000000173.png
-2.34200375102,3.61514597783,0.0686675682071,0.115292762122,0.0108728110462,0.108063206077,-2.19751663766,3.6969757983,-3.03839022355,map_000000174.png
-2.3301582543,3.61725731638,0.0814843105725,0.115286239733,0.0109417524203,0.108099430799,-2.19751663766,3.6969757983,-3.03839022355,map_000000175.png
-2.3183245762,3.61931826483,0.0925361734177,0.103907796921,0.0199429928874,0.241008907557,-2.19751663766,3.6969757983,-3.03839022355,map_000000176.png
-2.30708860827,3.62151699668,0.104737521752,0.0940265043528,0.0184688648356,0.221864297986,-2.19751663766,3.6969757983,-3.03839022355,map_000000177.png
-2.29658279464,3.62458949643,0.129380202539,0.0940265043528,0.0184688648356,0.221864297986,-2.19751663766,3.6969757983,-3.03839022355,map_000000178.png
-2.28709636904,3.62766088212,0.152147241587,0.0943451017972,0.0186931045337,0.187127187848,-2.19751663766,3.6969757983,-3.03839022355,map_000000179.png
-2.2776990842,3.63095818587,0.172098845248,0.0757342753985,0.0411238037347,0.613460958004,-2.19751663766,3.6969757983,-3.03839022355,map_000000180.png
-2.26980006908,3.63545440882,0.218067777661,0.0650633986787,0.0396234631235,0.579514980316,-2.19751663766,3.6969757983,-3.03839022355,map_000000181.png
-2.26980006908,3.63545440882,0.218067777661,0.0605986159124,0.040761679137,0.549780786037,-2.19751663766,3.6969757983,-3.03839022355,map_000000182.png
-2.26350917975,3.64077271473,0.279334298972,0.0663409024475,0.0326095050888,0.389271020889,-2.19751663766,3.6969757983,-3.03839022355,map_000000183.png
-2.25827041113,3.64620112153,0.337780131862,0.0699963930104,0.0252378759416,0.30173188448,-2.19751663766,3.6969757983,-3.03839022355,map_000000184.png
-2.2536168672,3.6518644619,0.39211391698,0.0699963930104,0.0252378759416,0.30173188448,-2.19751663766,3.6969757983,-3.03839022355,map_000000185.png
-2.24849538273,3.65737173129,0.431918974056,0.0699963930104,0.0252378759416,0.30173188448,-2.19751663766,3.6969757983,-3.03839022355,map_000000186.png
-2.24299971556,3.66264451211,0.463461629237,0.0729488026035,0.0167995881003,0.220331579447,-2.19751663766,3.6969757983,-3.03839022355,map_000000187.png
-2.23709775742,3.66762049416,0.487916205469,0.0619428508668,0.0192268852201,1.0,-2.19751663766,3.6969757983,-3.03839022355,map_000000188.png
-2.23166993678,3.672094372,0.556461633994,0.0530513303883,0.0139635724139,1.0,-2.19751663766,3.6969757983,-3.03839022355,map_000000189.png
-2.22730780593,3.67605038914,0.654811557799,0.0493179833075,0.0082302308247,1.0,-2.19751663766,3.6969757983,-3.03839022355,map_000000190.png
-2.22338802229,3.67984197129,0.75708423208,0.0499201162438,0.0028252736424,1.0,-2.19751663766,3.6969757983,-3.03839022355,map_000000191.png
-2.21973240862,3.68344039793,0.859356831884,0.0499185287128,0.00285318560577,1.0,-2.19751663766,3.6969757983,-3.03839022355,map_000000192.png
-2.21600040223,3.68709970286,0.96162664791,0.0499185287128,0.00285318560577,1.0,-2.19751663766,3.6969757983,-3.03839022355,map_000000193.png
-2.21266502502,3.69112726466,1.06389832274,0.049171156632,-0.00906628548107,1.0,-2.19751663766,3.6969757983,-3.03839022355,map_000000194.png
-2.20900759661,3.69507227366,1.16617305783,0.049172208012,-0.00906058144777,1.0,-2.19751663766,3.6969757983,-3.03839022355,map_000000195.png
-2.20542756301,3.69919257215,1.26844483069,0.0451341771009,-0.021515255852,1.0,-2.19751663766,3.6969757983,-3.03839022355,map_000000196.png
-2.20182920223,3.7033824694,1.37071220808,0.0377472975616,-0.0327893535122,1.0,-2.19751663766,3.6969757983,-3.03839022355,map_000000197.png
-2.19772359864,3.70735029001,1.47297500313,0.0,0.0,1.0,-2.19751663766,3.6969757983,-3.03839022355,map_000000198.png
-2.19326189601,3.71090250857,1.5752301777,0.0,0.0,1.0,-2.19751663766,3.6969757983,-3.03839022355,map_000000199.png
-2.19228236658,3.71095588461,1.67749515116,0.0,0.0,1.0,-2.19751663766,3.6969757983,-3.03839022355,map_000000200.png
-2.19134621346,3.71108848162,1.77978202081,0.0,0.0,1.0,-2.19751663766,3.6969757983,-3.03839022355,map_000000201.png
-2.19041445175,3.71133085155,1.87811189628,0.0,0.0,1.0,-2.19751663766,3.6969757983,-3.03839022355,map_000000202.png
-2.18949905555,3.71166803998,1.98038744079,0.0,0.0,1.0,-2.19751663766,3.6969757983,-3.03839022355,map_000000203.png
-2.1886172197,3.71210388253,2.08265960894,0.0,0.0,1.0,-2.19751663766,3.6969757983,-3.03839022355,map_000000204.png
-2.18778289028,3.71263118367,2.18493029057,0.0,0.0,1.0,-2.19751663766,3.6969757983,-3.03839022355,map_000000205.png
-2.18700791148,3.71323370625,2.28720336527,0.0,0.0,1.0,-2.19751663766,3.6969757983,-3.03839022355,map_000000206.png
-2.18629918742,3.71391148455,2.3894769459,0.0,0.0,1.0,-2.19751663766,3.6969757983,-3.03839022355,map_000000207.png
-2.18566142333,3.71466029437,2.49174918767,0.0,0.0,1.0,-2.19751663766,3.6969757983,-3.03839022355,map_000000208.png
-2.18511166426,3.71547082898,2.59402296749,0.0,0.0,1.0,-2.19751663766,3.6969757983,-3.03839022355,map_000000209.png
-2.18464311288,3.71633152448,2.69629619076,0.0,0.0,1.0,-2.19751663766,3.6969757983,-3.03839022355,map_000000210.png
-2.18464311288,3.71633152448,2.69629619076,0.0,0.0,0.979180335999,-2.19751663766,3.6969757983,-3.03839022355,map_000000211.png
-2.18426176727,3.71723869978,2.79856727899,0.0,0.0,0.672963500023,-2.19751663766,3.6969757983,-3.03839022355,map_000000212.png
-2.18397587561,3.71817633793,2.90051102068,0.0,0.0,0.672963500023,-2.19751663766,3.6969757983,-3.03839022355,map_000000213.png
-2.18378385691,3.71907668826,2.99680266886,0.0,0.0,0.520271003246,-2.19751663766,3.6969757983,-3.03839022355,map_000000214.png
-2.18370951593,3.71976180365,3.06803145005,0.0,0.0,0.520271003246,-2.19751663766,3.6969757983,-3.03839022355,map_000000215.png
-2.18368518971,3.72030357538,3.12423954631,0.0,0.0,0.376005679369,-2.19751663766,3.6969757983,-3.03839022355,map_000000216.png
-2.18368670153,3.72072979018,-3.11481998705,0.0,0.0,0.269286483526,-2.19751663766,3.6969757983,-3.03839022355,map_000000217.png
-2.18370033571,3.72105220487,-3.08140566963,0.0,0.0,0.118934355676,-2.19751663766,3.6969757983,-3.03839022355,map_000000218.png
-2.18371672969,3.72128123771,-3.05800902541,0.0,0.0,0.0,-2.19751663766,3.6969757983,-3.03839022355,map_000000219.png
