-4.49999668156,0.499996445967,-0.849996413393,0.0,0.0,0.0,5.37161900076,4.04423748293,3.10574039657,map_000000000.png
-4.49999668156,0.499996445967,-0.849996413393,0.0,0.0,0.0,5.37161900076,4.04423748293,3.10574039657,map_000000001.png
-4.4999966728,0.499996434907,-0.849996279188,0.0,0.0,0.0,5.37161900076,4.04423748293,3.10574039657,map_000000002.png
-4.50000657369,0.500006340049,-0.849996660528,0.0,0.0,0.0,5.37161900076,4.04423748293,3.10574039657,map_000000003.png
-4.49999498204,0.499994742869,-0.84999622582,0.0,0.0,0.0,5.37161900076,4.04423748293,3.10574039657,map_000000004.png
-4.49999497208,0.499994732864,-0.849996262365,0.0,0.0,0.0,5.37161900076,4.04423748293,3.10574039657,map_000000005.png
-4.49999666984,0.499996421995,-0.849996393461,0.0,0.0,0.0,5.37161900076,4.04423748293,3.10574039657,map_000000006.png
-4.49998752527,0.499987280788,-0.849996028976,0.0,0.0,0.0,5.37161900076,4.04423748293,3.10574039657,map_000000007.png
-4.49998751742,0.499987268773,-0.849995762738,-0.0180026126019,0.00871240423818,1.0,5.37161900076,4.04423748293,3.10574039657,map_000000008.png
-4.5001740983,0.500217264884,-0.834249812396,-0.0270002003159,0.0130762848566,1.0,5.37161900076,4.04423748293,3.10574039657,map_000000009.png
-4.5015413871,0.501508328514,-0.731966307014,-0.0270002003159,0.0130762848566,1.0,5.37161900076,4.04423748293,3.10574039657,map_000000010.png
-4.50323075399,0.503042576896,-0.633637293759,-0.0356112451461,0.0182164599074,1.0,5.37161900076,4.04423748293,3.10574039657,map_000000011.png
-4.50571477611,0.505622435141,-0.531363693417,-0.0408940952863,0.0287693131739,1.0,5.37161900076,4.04423748293,3.10574039657,map_000000012.png
-4.50857473469,0.508854598694,-0.429090718986,-0.0442775793312,0.0542171279026,1.0,5.37161900076,4.04423748293,3.10574039657,map_000000013.png
-4.51141529529,0.513192837587,-0.330740597042,-0.0514200736158,0.0612860244998,1.0,5.37161900076,4.04423748293,3.10574039657,map_000000014.png
-4.51467354898,0.519146759092,-0.228468787613,-0.0480864766327,0.0760768754298,1.0,5.37161900076,4.04423748293,3.10574039657,map_000000015.png
-4.51881134501,0.525140145694,-0.130144679323,-0.0430789896216,0.0902452290206,1.0,5.37161900076,4.04423748293,3.10574039657,map_000000016.png
-4.52325151347,0.532460422346,-0.0278687621524,-0.0430789896216,0.0902452290206,1.0,5.37161900076,4.04423748293,3.10574039657,map_000000017.png
-4.52798114544,0.540522899236,0.0743961963797,-0.0353175305717,0.104176158351,1.0,5.37161900076,4.04423748293,3.10574039657,map_000000018.png
-4.53286466526,0.548980629593,0.172740687689,0.00860861088164,0.12971465241,1.0,5.37161900076,4.04423748293,3.10574039657,map_000000019.png
-4.53688476868,0.559494196448,0.275018184224,0.00702678817839,0.13982354766,1.0,5.37161900076,4.04423748293,3.10574039657,map_000000020.png
-4.5401710001,0.571885308989,0.37729454273,0.0557676794065,0.139247861124,1.0,5.37161900076,4.04423748293,3.10574039657,map_000000021.png
-4.54453331391,0.58420125063,0.47562153181,0.0784627194168,0.139440326808,1.0,5.37161900076,4.04423748293,3.10574039657,map_000000022.png
-4.54628387442,0.598782491387,0.577895140588,0.0784627194168,0.139440326808,1.0,5.37161900076,4.04423748293,3.10574039657,map_000000023.png
-4.54775779989,0.614406916934,0.680165932697,0.100277248822,0.13727519183,1.0,5.37161900076,4.04423748293,3.10574039657,map_000000024.png
-4.54922352006,0.630339876859,0.778516928211,0.155707418078,0.10888163883,1.0,5.37161900076,4.04423748293,3.10574039657,map_000000025.png
-4.54848178162,0.648374310882,0.880787994328,0.175662722567,0.0956170586636,1.0,5.37161900076,4.04423748293,3.10574039657,map_000000026.png
-4.54619604105,0.667119099754,0.979113351419,0.194137420021,0.080066712828,1.0,5.37161900076,4.04423748293,3.10574039657,map_000000027.png
-4.54399183999,0.687545631848,1.08138246174,0.210114613079,0.0652063473516,0.968809247017,5.37161900076,4.04423748293,3.10574039657,map_000000028.png
-4.54195363725,0.708973466191,1.18353072913,0.239105660995,0.0207004339987,0.599799513817,5.37161900076,4.04423748293,3.10574039657,map_000000029.png
-4.54021464625,0.730639683681,1.27880698171,0.239105660995,0.0207004339987,0.599799513817,5.37161900076,4.04423748293,3.10574039657,map_000000030.png
-4.53612788505,0.75479114943,1.34593107745,0.249993675729,-0.00178658834529,0.444706380367,5.37161900076,4.04423748293,3.10574039657,map_000000031.png
-4.53112819456,0.779954058811,1.39629542427,0.25880449603,-0.0249050107703,0.301939308643,5.37161900076,4.04423748293,3.10574039657,map_000000032.png
-4.52557386182,0.804817246321,1.43327985947,0.268715833534,-0.026302478859,0.264988929033,5.37161900076,4.04423748293,3.10574039657,map_000000033.png
-4.5193449518,0.831477612785,1.46299478265,0.278203892048,-0.0316640218602,0.189529776573,5.37161900076,4.04423748293,3.10574039657,map_000000034.png
-4.51366152816,0.859114147566,1.48920679784,0.299090428071,-0.0233435090059,0.124229118228,5.37161900076,4.04423748293,3.10574039657,map_000000035.png
-4.50830781062,0.886608241192,1.50784337606,0.299090428071,-0.0233435090059,0.124229118228,5.37161900076,4.04423748293,3.10574039657,map_000000036.png
-4.50394356654,0.917337858776,1.52105777278,0.309531365858,-0.0170392510702,0.103728674352,5.37161900076,4.04423748293,3.10574039657,map_000000037.png
-4.50394356654,0.917337858776,1.52105777278,0.319748497222,-0.0126844762493,0.0758072957397,5.37161900076,4.04423748293,3.10574039657,map_000000038.png
-4.5004971044,0.949136551126,1.53214474429,0.329937411487,-0.00642594238394,0.0661672055721,5.37161900076,4.04423748293,3.10574039657,map_000000039.png
-4.497880225,0.980578883656,1.54080678826,0.329937411487,-0.00642594238394,0.0661672055721,5.37161900076,4.04423748293,3.10574039657,map_000000040.png
-4.49585661263,1.01418587624,1.54818010235,0.339982411859,-0.00345572961504,0.0495576970279,5.37161900076,4.04423748293,3.10574039657,map_000000041.png
-4.4945767512,1.0473582475,1.55436429527,0.349993972233,0.00205288438152,0.0339640378952,5.37161900076,4.04423748293,3.10574039657,map_000000042.png
-4.49368390948,1.0827022715,1.55943695664,0.349991701975,0.00240904183237,0.0246979370713,5.37161900076,4.04423748293,3.10574039657,map_000000043.png
-4.49349896521,1.11907423474,1.56290426918,0.349991701975,0.00240904183237,0.0246979370713,5.37161900076,4.04423748293,3.10574039657,map_000000044.png
-4.49347853739,1.15405930928,1.56547851431,0.349988493852,0.00283709449206,0.0186776556075,5.37161900076,4.04423748293,3.10574039657,map_000000045.png
-4.49358674677,1.19044630811,1.56760302372,0.349992534916,0.0022848274906,0.0143259586766,5.37161900076,4.04423748293,3.10574039657,map_000000046.png
-4.49375233258,1.22683184187,1.56929082671,0.349996098789,0.00165098942804,0.0109163383022,5.37161900076,4.04423748293,3.10574039657,map_000000047.png
-4.4939207053,1.2618183576,1.57060544544,0.349999974599,0.000112756703425,0.00543854851276,5.37161900076,4.04423748293,3.10574039657,map_000000048.png
-4.49407816937,1.29820684922,1.57165811472,0.349999618704,-0.0005117036108,0.00358155672438,5.37161900076,4.04423748293,3.10574039657,map_000000049.png
-4.49411382477,1.33457930263,1.57220851137,0.349999618704,-0.0005117036108,0.00358155672438,5.37161900076,4.04423748293,3.10574039657,map_000000050.png
-4.49413182974,1.36957629705,1.5725811043,0.349998421376,-0.00104879367277,0.00200260733254,5.37161900076,4.04423748293,3.10574039657,map_000000051.png
-4.494093448,1.4059487221,1.57282350218,0.349998084486,-0.00115576374854,0.00123340357095,5.37161900076,4.04423748293,3.10574039657,map_000000052.png
-4.49406333174,1.4423428668,1.5729878668,0.349998493526,-0.00102443310006,0.000701849348843,5.37161900076,4.04423748293,3.10574039657,map_000000053.png
-4.49402026454,1.47731814068,1.57308541837,0.349998867486,-0.000887520229744,0.000337348086759,5.37161900076,4.04423748293,3.10574039657,map_000000054.png
-4.49401037911,1.5137123091,1.57315498558,0.349999213315,-0.000738655983673,9.06691420823e-05,5.37161900076,4.04423748293,3.10574039657,map_000000055.png
-4.49399453191,1.54868759233,1.57318317963,0.349999555679,-0.000553134786418,-0.000113092362881,5.37161900076,4.04423748293,3.10574039657,map_000000056.png
-4.49401463692,1.58508176752,1.57319729617,0.349999555679,-0.000553134786418,-0.000113092362881,5.37161900076,4.04423748293,3.10574039657,map_000000057.png
-4.49404191215,1.62146839626,1.57319151476,0.349999749465,-0.000412683969861,-0.000218618195504,5.37161900076,4.04423748293,3.10574039657,map_000000058.png
-4.49407733886,1.65645119545,1.57317285198,0.349999616018,-0.000513537769595,-0.00129767949693,5.37161900076,4.04423748293,3.10574039657,map_000000059.png
-4.49411782484,1.69283779518,1.57310042801,0.349998465349,-0.00103401502642,-0.00327826105058,5.37161900076,4.04423748293,3.10574039657,map_000000060.png
-4.49413283599,1.72922246602,1.57291313878,0.349998864281,-0.000888783057017,-0.0032804897055,5.37161900076,4.04423748293,3.10574039657,map_000000061.png
-4.49410230245,1.76420895232,1.57259078262,0.349979396281,-0.003796987292,-0.0125841489062,5.37161900076,4.04423748293,3.10574039657,map_000000062.png
-4.49407065229,1.80059271491,1.57225450347,0.349979396281,-0.003796987292,-0.0125841489062,5.37161900076,4.04423748293,3.10574039657,map_000000063.png
-4.49375605791,1.8369776275,1.5710771809,0.349931022415,-0.00694798426574,-0.0237211622298,5.37161900076,4.04423748293,3.10574039657,map_000000064.png
-4.49314856002,1.87195909866,1.56904984514,0.349915269482,-0.00770059199155,-0.023234821856,5.37161900076,4.04423748293,3.10574039657,map_000000065.png
-4.49230186301,1.9083354871,1.56664942619,0.349731855587,-0.0136975954656,-0.0428241565824,5.37161900076,4.04423748293,3.10574039657,map_000000066.png
-4.49117142323,1.94329266358,1.5637410905,0.34917699989,-0.0239878652881,-0.0788159295917,5.37161900076,4.04423748293,3.10574039657,map_000000067.png
-4.48929601089,1.97962504154,1.55879103804,0.346154645234,-0.0426239590828,-0.146370589733,5.37161900076,4.04423748293,3.10574039657,map_000000068.png
-4.48630354726,2.01588196872,1.5507266924,0.331243873201,-0.0815084631229,-0.263208687305,5.37161900076,4.04423748293,3.10574039657,map_000000069.png
-4.48316104779,2.05073098405,1.54297783096,0.331243873201,-0.0815084631229,-0.263208687305,5.37161900076,4.04423748293,3.10574039657,map_000000070.png
-4.47507410009,2.08541841823,1.52045562132,0.302201522628,-0.135343554908,-0.475856542587,5.37161900076,4.04423748293,3.10574039657,map_000000071.png
-4.46139703238,2.11713169807,1.48015465076,0.292651962356,-0.148045290854,-0.464392960072,5.37161900076,4.04423748293,3.10574039657,map_000000072.png
-4.4444884084,2.14518436332,1.43385776163,0.231893050174,-0.217551952514,-0.785957634449,5.37161900076,4.04423748293,3.10574039657,map_000000073.png
-4.4235630824,2.17111239663,1.37877001602,0.225418619499,-0.214085458448,-0.725769162178,5.37161900076,4.04423748293,3.10574039657,map_000000074.png
-4.39682305689,2.18956600532,1.29863769461,0.216968831235,-0.222162986478,-0.731549799442,5.37161900076,4.04423748293,3.10574039657,map_000000075.png
-4.37027841917,2.20480016636,1.22727046029,0.216968831235,-0.222162986478,-0.731549799442,5.37161900076,4.04423748293,3.10574039657,map_000000076.png
-4.3412028917,2.21762833315,1.1525418051,0.236612629341,-0.205597891101,-0.687150061131,5.37161900076,4.04423748293,3.10574039657,map_000000077.png
-4.31164053683,2.22989817117,1.08088345944,0.26813102104,-0.175514842746,-0.580328881741,5.37161900076,4.04423748293,3.10574039657,map_000000078.png
-4.28306132562,2.24268536929,1.0187725529,0.292868971578,-0.141594105444,-0.506705164909,5.37161900076,4.04423748293,3.10574039657,map_000000079.png
-4.28306132562,2.24268536929,1.0187725529,0.292868971578,-0.141594105444,-0.506705164909,5.37161900076,4.04423748293,3.10574039657,map_000000080.png
-4.25343671326,2.25755976993,0.961744013554,0.34218419038,-0.0194119672454,-0.240890353918,5.37161900076,4.04423748293,3.10574039657,map_000000081.png
-4.22556966147,2.27403256614,0.914044442872,0.34218419038,-0.0194119672454,-0.240890353918,5.37161900076,4.04423748293,3.10574039657,map_000000082.png
-4.199475398,2.29734469924,0.880673839562,0.347127342036,0.0142440601624,-0.169421613216,5.37161900076,4.04423748293,3.10574039657,map_000000083.png
-4.17503297716,2.32321541432,0.855699603704,0.347127342036,0.0142440601624,-0.169421613216,5.37161900076,4.04423748293,3.10574039657,map_000000084.png
-4.15279840182,2.34974821523,0.837636913158,0.348829723908,0.0285975287756,-0.13000023365,5.37161900076,4.04423748293,3.10574039657,map_000000085.png
-4.13024416594,2.37817846322,0.822792239989,0.348063722846,0.0367646538469,-0.0925824865699,5.37161900076,4.04423748293,3.10574039657,map_000000086.png
-4.10794858829,2.40694720669,0.811115993224,0.348265937799,0.0347970042209,-0.0489179342985,5.37161900076,4.04423748293,3.10574039657,map_000000087.png
-4.08654122835,2.43462865047,0.803033971058,0.348192319193,0.0355261001002,-0.048934482038,5.37161900076,4.04423748293,3.10574039657,map_000000088.png
-4.06396662451,2.46317050916,0.798028096609,0.349127116077,0.0247032741481,-0.0223287921399,5.37161900076,4.04423748293,3.10574039657,map_000000089.png
-4.04130662457,2.49164473492,0.793020605328,0.349127116077,0.0247032741481,-0.0223287921399,5.37161900076,4.04423748293,3.10574039657,map_000000090.png
-4.01866979303,2.51832165143,0.790515038806,0.34909096773,0.0252089504494,-0.0223364662379,5.37161900076,4.04423748293,3.10574039657,map_000000091.png
-3.99497524634,2.54593654975,0.788227955734,0.349498355178,0.0187321825129,-0.0164456386119,5.37161900076,4.04423748293,3.10574039657,map_000000092.png
-3.97097732012,2.5732836125,0.786240408516,0.349907388566,0.0080507366435,-0.00604293402284,5.37161900076,4.04423748293,3.10574039657,map_000000093.png
-3.94735073271,2.5990781853,0.784938818361,0.349982744015,0.00347474100416,-0.0030687362887,5.37161900076,4.04423748293,3.10574039657,map_000000094.png
-3.92215452784,2.62532346761,0.784361493828,0.349986927635,-0.00302413921303,0.00162956642453,5.37161900076,4.04423748293,3.10574039657,map_000000095.png
-3.8976469097,2.65028729704,0.78406035988,0.349986927635,-0.00302413921303,0.00162956642453,5.37161900076,4.04423748293,3.10574039657,map_000000096.png
-3.87168398497,2.67577445545,0.784202543732,0.34998746208,-0.00296164152565,0.00162988621742,5.37161900076,4.04423748293,3.10574039657,map_000000097.png
-3.84571014844,2.70125082122,0.784363183844,0.349968187285,-0.00471834954069,0.00284793693572,5.37161900076,4.04423748293,3.10574039657,map_000000098.png
-3.82065678567,2.7256674631,0.784583155513,0.349976968053,-0.00401456925011,0.0026361127384,5.37161900076,4.04423748293,3.10574039657,map_000000099.png
-3.79458853903,2.75104721468,0.78485953465,0.349991231793,-0.00247640906806,0.00208829063922,5.37161900076,4.04423748293,3.10574039657,map_000000100.png
-3.76858251771,2.77649064605,0.785109969576,0.349991685591,-0.00241142092161,0.00208876258694,5.37161900076,4.04423748293,3.10574039657,map_000000101.png
-3.74367522869,2.80105537162,0.785315855269,0.349999331267,-0.000680475215839,0.00151537824422,5.37161900076,4.04423748293,3.10574039657,map_000000102.png
-3.71777121391,2.82660272801,0.785523444858,0.349999331267,-0.000680475215839,0.00151537824422,5.37161900076,4.04423748293,3.10574039657,map_000000103.png
-3.69198436915,2.85226827055,0.785679192572,0.349999992368,-1.66216278737e-05,0.00180970155634,5.37161900076,4.04423748293,3.10574039657,map_000000104.png
-3.66723104402,2.87698889366,0.78583688265,0.349999372734,0.000658801532618,0.00149897043593,5.37161900076,4.04423748293,3.10574039657,map_000000105.png
-3.64154072776,2.90275108841,0.786000381178,0.349997350993,0.00135986441126,0.00239558471367,5.37161900076,4.04423748293,3.10574039657,map_000000106.png
-3.61689182025,2.9275752245,0.786176335862,0.349996924598,0.00146550530825,0.00239615817554,5.37161900076,4.04423748293,3.10574039657,map_000000107.png
-3.59128820621,2.95342360033,0.786415300816,0.349993009441,0.00221094467272,0.00495162047446,5.37161900076,4.04423748293,3.10574039657,map_000000108.png
-3.56569737423,2.97928463171,0.786654375615,0.349982454955,0.00350373479348,0.00974702648818,5.37161900076,4.04423748293,3.10574039657,map_000000109.png
-3.54114120934,3.00420092788,0.787129433317,0.349982454955,0.00350373479348,0.00974702648818,5.37161900076,4.04423748293,3.10574039657,map_000000110.png
-3.51570060291,3.03020956324,0.788006781903,0.34998088119,0.00365755865197,0.00939143728465,5.37161900076,4.04423748293,3.10574039657,map_000000111.png
-3.49031375696,3.05627071896,0.788974957131,0.349947018263,0.00608928095479,0.0188592169434,5.37161900076,4.04423748293,3.10574039657,map_000000112.png
-3.46601662043,3.08144020659,0.790310675988,0.349946913247,0.00609531313146,0.0175492521375,5.37161900076,4.04423748293,3.10574039657,map_000000113.png
-3.44087097454,3.10773689054,0.792195426788,0.349837802035,0.0106539758369,0.0350676141679,5.37161900076,4.04423748293,3.10574039657,map_000000114.png
-3.41581931141,3.13412332691,0.794133374493,0.349450373345,0.0196069248697,0.0657455846667,5.37161900076,4.04423748293,3.10574039657,map_000000115.png
-3.39208626765,3.1598294796,0.797580503467,0.349450373345,0.0196069248697,0.0657455846667,5.37161900076,4.04423748293,3.10574039657,map_000000116.png
-3.36809923714,3.18718285374,0.803820857189,0.349379985259,0.0208235643847,0.06286033988,5.37161900076,4.04423748293,3.10574039657,map_000000117.png
-3.36809923714,3.18718285374,0.803820857189,0.347977972126,0.0375676170254,0.125016644597,5.37161900076,4.04423748293,3.10574039657,map_000000118.png
-3.34446483917,3.2148451913,0.810339717889,0.347961780461,0.037717294075,0.115697517991,5.37161900076,4.04423748293,3.10574039657,map_000000119.png
-3.32261738263,3.24214822183,0.819697550037,0.347961780461,0.037717294075,0.115697517991,5.37161900076,4.04423748293,3.10574039657,map_000000120.png
-3.30086967373,3.27130293404,0.832145706114,0.348228417492,0.0351705016289,0.0917740017176,5.37161900076,4.04423748293,3.10574039657,map_000000121.png
-3.28046351986,3.29967208277,0.844086437148,0.348228417492,0.0351705016289,0.0917740017176,5.37161900076,4.04423748293,3.10574039657,map_000000122.png
-3.26083640287,3.33002728476,0.860816646857,0.348228417492,0.0351705016289,0.0917740017176,5.37161900076,4.04423748293,3.10574039657,map_000000123.png
-3.24170736959,3.36069446492,0.877538445248,0.348921799565,0.0274512790532,0.0738931819797,5.37161900076,4.04423748293,3.10574039657,map_000000124.png
-3.22177506399,3.38942666237,0.885437464263,0.349969626234,0.00461038469937,0.0128745827824,5.37161900076,4.04423748293,3.10574039657,map_000000125.png
-3.19990572863,3.41848652874,0.889159929787,0.349809128173,-0.011557196041,-0.0122041543946,5.37161900076,4.04423748293,3.10574039657,map_000000126.png
-3.17681667569,3.44659535722,0.889391535311,0.344305360452,-0.0544055681963,-0.151678115129,5.37161900076,4.04423748293,3.10574039657,map_000000127.png
-3.15317939325,3.47227148442,0.884893777023,0.323069148196,-0.103780822177,-0.29296708107,5.37161900076,4.04423748293,3.10574039657,map_000000128.png
-3.12597388232,3.49609408721,0.868826719729,0.322938714692,-0.104185988121,-0.293065041304,5.37161900076,4.04423748293,3.10574039657,map_000000129.png
-3.09599930673,3.51452853278,0.838867884047,0.322938714692,-0.104185988121,-0.293065041304,5.37161900076,4.04423748293,3.10574039657,map_000000130.png
-3.06664625023,3.53136343046,0.810049920046,0.298032858866,-0.142686834655,-0.429084151983,5.37161900076,4.04423748293,3.10574039657,map_000000131.png
-3.03493385996,3.54471986497,0.770453642055,0.305702499664,-0.132975169901,-0.38428914547,5.37161900076,4.04423748293,3.10574039657,map_000000132.png
-3.00247388219,3.55590094222,0.728861612232,0.292692014917,-0.147194781421,-0.472405403852,5.37161900076,4.04423748293,3.10574039657,map_000000133.png
-2.97092517284,3.56543478732,0.688305717143,0.295105634004,-0.138201000857,-0.499392807484,5.37161900076,4.04423748293,3.10574039657,map_000000134.png
-2.93788453601,3.57267699395,0.63957162479,0.294966704564,-0.13849727455,-0.499559313059,5.37161900076,4.04423748293,3.10574039657,map_000000135.png
-2.90609288553,3.57882222212,0.590459853017,0.294966704564,-0.13849727455,-0.499559313059,5.37161900076,4.04423748293,3.10574039657,map_000000136.png
-2.8727533887,3.58352656367,0.53937266703,0.306608129033,-0.12161532351,-0.438891947269,5.37161900076,4.04423748293,3.10574039657,map_000000137.png
-2.83904812689,3.58817216959,0.493057001922,0.322073898535,-0.0897119570213,-0.370495736599,5.37161900076,4.04423748293,3.10574039657,map_000000138.png
-2.80643076656,3.59365130259,0.453670438075,0.299986064971,-0.123294358936,-0.578694224358,5.37161900076,4.04423748293,3.10574039657,map_000000139.png
-2.77257586147,3.59808560483,0.407593462822,0.303522410631,-0.115024544325,-0.519807040691,5.37161900076,4.04423748293,3.10574039657,map_000000140.png
-2.73906453209,3.59835118976,0.349106854524,0.303538447168,-0.114982218815,-0.519980013371,5.37161900076,4.04423748293,3.10574039657,map_000000141.png
-2.7067954623,3.59758489913,0.297987549866,0.301405070662,-0.119709323216,-0.5244166255,5.37161900076,4.04423748293,3.10574039657,map_000000142.png
-2.67332614963,3.59505443951,0.244810540794,0.301405070662,-0.119709323216,-0.5244166255,5.37161900076,4.04423748293,3.10574039657,map_000000143.png
-2.64013478315,3.59030069094,0.19124973862,0.31992306803,-0.09033826917,-0.400632351637,5.37161900076,4.04423748293,3.10574039657,map_000000144.png
-2.60757453017,3.58617006038,0.147964048562,0.337315927616,-0.0478841531996,-0.274551510811,5.37161900076,4.04423748293,3.10574039657,map_000000145.png
-2.57279391258,3.58378765463,0.113439273707,0.337355581073,-0.0476039816595,-0.274642497301,5.37161900076,4.04423748293,3.10574039657,map_000000146.png
-2.53878595688,3.58266852583,0.0864368008973,0.344083763418,-0.0244206432103,-0.209804907441,5.37161900076,4.04423748293,3.10574039657,map_000000147.png
-2.50339212816,3.58082861847,0.0591122880705,0.347808041253,-0.00875008836006,-0.16453564167,5.37161900076,4.04423748293,3.10574039657,map_000000148.png
-2.46754930167,3.58024368677,0.0376570902526,0.347808041253,-0.00875008836006,-0.16453564167,5.37161900076,4.04423748293,3.10574039657,map_000000149.png
-2.43279965153,3.58050760733,0.0213068717003,0.349606519006,0.0165914677496,-0.0866234526038,5.37161900076,4.04423748293,3.10574039657,map_000000150.png
-2.39651467655,3.5821898943,0.0103086344487,0.349071923346,0.0254713027788,-0.0563559569418,5.37161900076,4.04423748293,3.10574039657,map_000000151.png
-2.36022910666,3.58473980195,0.00323089254073,0.348621699348,0.0310307215037,-0.0328981988132,5.37161900076,4.04423748293,3.10574039657,map_000000152.png
-2.32535108358,3.58758235057,-0.00138494212133,0.348539406673,0.0319417740497,-0.017056947574,5.37161900076,4.04423748293,3.10574039657,map_000000153.png
-2.28909996408,3.5907509948,-0.0043763352891,0.348726223772,0.0298331323697,-0.00644535478204,5.37161900076,4.04423748293,3.10574039657,map_000000154.png
-2.2528476616,3.5938818948,-0.00603929291128,0.349369138604,0.0210047595692,0.00382833834738,5.37161900076,4.04423748293,3.10574039657,map_000000155.png
-2.21797287294,3.59664884627,-0.00667403334488,0.349369138604,0.0210047595692,0.00382833834738,5.37161900076,4.04423748293,3.10574039657,map_000000156.png
-2.18164833741,3.59873238564,-0.00644450959362,0.349652916879,0.0155830886346,0.00632471824065,5.37161900076,4.04423748293,3.10574039657,map_000000157.png
-2.14529341986,3.60030529195,-0.0058930524742,0.349851804279,0.0101838095161,0.00630624592304,5.37161900076,4.04423748293,3.10574039657,map_000000158.png
-2.14529341986,3.60030529195,-0.0058930524742,0.349955899325,0.005555489262,0.0042468374595,5.37161900076,4.04423748293,3.10574039657,map_000000159.png
-2.11033633184,3.60138995465,-0.00526903287412,0.349955899325,0.005555489262,0.0042468374595,5.37161900076,4.04423748293,3.10574039657,map_000000160.png
-2.07397081329,3.60210441875,-0.00469512687067,0.349997748857,-0.00125328699875,-0.000644064508379,5.37161900076,4.04423748293,3.10574039657,map_000000161.png
-2.03897690755,3.60242908959,-0.00433062404824,0.349968112655,-0.00472388169525,-0.00725342519581,5.37161900076,4.04423748293,3.10574039657,map_000000162.png
-2.00258728736,3.60212951065,-0.00440329372663,0.349968112655,-0.00472388169525,-0.00725342519581,5.37161900076,4.04423748293,3.10574039657,map_000000163.png
-1.96621007767,3.60150139823,-0.00509652297125,0.349891751491,-0.00870385962942,-0.0183786079288,5.37161900076,4.04423748293,3.10574039657,map_000000164.png
-1.93125043941,3.60055042131,-0.00664083629745,0.349878714558,-0.009213036025,-0.0182750634849,5.37161900076,4.04423748293,3.10574039657,map_000000165.png
-1.89488789722,3.5993586806,-0.00851828191292,0.349949824578,-0.00592580890627,-0.0067186281085,5.37161900076,4.04423748293,3.10574039657,map_000000166.png
-1.85852424124,3.59820624906,-0.00993676189998,0.349998977899,0.000842854087185,0.00718981027603,5.37161900076,4.04423748293,3.10574039657,map_000000167.png
-1.82354204634,3.59738577305,-0.0103327700712,0.349998923887,0.000864992408014,0.0071928743273,5.37161900076,4.04423748293,3.10574039657,map_000000168.png
-1.78716065618,3.59710337235,-0.00960171394826,0.349955616726,0.00557326256617,0.0115796942264,5.37161900076,4.04423748293,3.10574039657,map_000000169.png
-1.75077905487,3.59684978393,-0.00887035399456,0.349955616726,0.00557326256617,0.0115796942264,5.37161900076,4.04423748293,3.10574039657,map_000000170.png
-1.71580641887,3.59703714543,-0.0077998557098,0.349954528392,0.00564118709782,0.0115842204541,5.37161900076,4.04423748293,3.10574039657,map_000000171.png
-1.67942542511,3.59734652571,-0.00661967588162,0.349945976331,0.00614886848237,0.0113870315254,5.37161900076,4.04423748293,3.10574039657,map_000000172.png
-1.64304511448,3.59772566737,-0.00544861031975,0.349951254909,0.00584072952049,0.00917324610054,5.37161900076,4.04423748293,3.10574039657,map_000000173.png
-1.60805522359,3.59814008514,-0.00439820679423,0.349979630805,0.00377530858321,0.00604418944567,5.37161900076,4.04423748293,3.10574039657,map_000000174.png
-1.57167551718,3.5985783015,-0.00348921020247,0.349979010131,0.00383241454838,0.00604686234146,5.37161900076,4.04423748293,3.10574039657,map_000000175.png
-1.53670285317,3.59884708479,-0.00289452931032,0.349979010131,0.00383241454838,0.00604686234146,5.37161900076,4.04423748293,3.10574039657,map_000000176.png
-1.5003216266,3.59914419503,-0.00228045244892,0.349989686416,0.00268595162519,0.0044739311561,5.37161900076,4.04423748293,3.10574039657,map_000000177.png
-1.46393993845,3.59937689112,-0.00178388146748,0.349999991013,3.49949119351e-05,0.00141225312836,5.37161900076,4.04423748293,3.10574039657,map_000000178.png
-1.42894752873,3.59942842065,-0.00152059389807,0.349999988213,5.64288833992e-05,0.00141337933019,5.37161900076,4.04423748293,3.10574039657,map_000000179.png
-1.3925650502,3.59937863977,-0.0013803626669,0.349999548451,-0.000557689737119,0.000689809443429,5.37161900076,4.04423748293,3.10574039657,map_000000180.png
-1.35618258068,3.59932323306,-0.00125428905152,0.349999323826,-0.000684291653273,0.000101409386843,5.37161900076,4.04423748293,3.10574039657,map_000000181.png
-1.32120906599,3.59923335905,-0.00118657156026,0.349999353872,-0.000668747357755,0.000102097634226,5.37161900076,4.04423748293,3.10574039657,map_000000182.png
-1.28482673026,3.59911899062,-0.00118042605299,0.349999353872,-0.000668747357755,0.000102097634226,5.37161900076,4.04423748293,3.10574039657,map_000000183.png
-1.24844438933,3.59900615117,-0.00117422274156,0.349999748712,-0.000413322127106,-0.000184455886483,5.37161900076,4.04423748293,3.10574039657,map_000000184.png
-1.21345178627,3.5989042127,-0.00118935040167,0.349999988239,5.62688713555e-05,-0.000200205482543,5.37161900076,4.04423748293,3.10574039657,map_000000185.png
-1.17706933672,3.59883848696,-0.00121312272803,0.349999983362,8.11177331915e-05,-0.000199618749321,5.37161900076,4.04423748293,3.10574039657,map_000000186.png
-1.14209570747,3.59881140083,-0.00123268576795,0.349999850919,0.000315103567275,-0.000176340341568,5.37161900076,4.04423748293,3.10574039657,map_000000187.png
-1.10571320918,3.5987756118,-0.00125720797563,0.34999966041,0.000482334233342,-0.000139714917168,5.37161900076,4.04423748293,3.10574039657,map_000000188.png
-1.06933069605,3.59876233673,-0.00127947472732,0.34999966041,0.000482334233342,-0.000139714917168,5.37161900076,4.04423748293,3.10574039657,map_000000189.png
-1.03433796689,3.59875427144,-0.00130228447957,0.349999327734,0.000682289685168,-7.21773831174e-05,5.37161900076,4.04423748293,3.10574039657,map_000000190.png
-0.997955456456,3.59877133464,-0.00131573568752,0.349999195049,0.000747260938795,-3.8055004552e-05,5.37161900076,4.04423748293,3.10574039657,map_000000191.png
-0.96157295042,3.59879797487,-0.00132547371467,0.349999073152,0.000802325497505,-3.15462239087e-06,5.37161900076,4.04423748293,3.10574039657,map_000000192.png
-0.926599315407,3.59883729927,-0.00132791943391,0.349999069183,0.000804055022956,1.76962930709e-05,5.37161900076,4.04423748293,3.10574039657,map_000000193.png
-0.890216818084,3.59887226345,-0.00133211931997,0.349999216467,0.000737160887069,3.73041257262e-05,5.37161900076,4.04423748293,3.10574039657,map_000000194.png
-0.853834319382,3.59890724533,-0.00133454808591,0.34999929721,0.000697772275357,4.42732125521e-05,5.37161900076,4.04423748293,3.10574039657,map_000000195.png
-0.818841601008,3.59892486501,-0.00133943908515,0.34999929721,0.000697772275357,4.42732125521e-05,5.37161900076,4.04423748293,3.10574039657,map_000000196.png
-0.782459092436,3.59894965847,-0.00133931134441,0.349999376396,0.000656853293492,4.85824421048e-05,5.37161900076,4.04423748293,3.10574039657,map_000000197.png
-0.782459092436,3.59894965847,-0.00133931134441,0.34999938799,0.000650646033534,5.65887894481e-05,5.37161900076,4.04423748293,3.10574039657,map_000000198.png
-0.711102939091,3.59899878193,-0.00133326341711,0.349999429545,0.000627894497445,5.70679549128e-05,5.37161900076,4.04423748293,3.10574039657,map_000000199.png
-0.711102939091,3.59899878193,-0.00133326341711,0.349999512986,0.000579519955363,4.9335649237e-05,5.37161900076,4.04423748293,3.10574039657,map_000000200.png
-0.674720426696,3.59901726178,-0.00133166967641,0.349999533437,0.000567034199203,4.76121203974e-05,5.37161900076,4.04423748293,3.10574039657,map_000000201.png
-0.639727703046,3.59902387947,-0.00133442307627,0.349999533437,0.000567034199203,4.76121203974e-05,5.37161900076,4.04423748293,3.10574039657,map_000000202.png
-0.603345190622,3.59903561782,-0.00133361462859,0.349999533437,0.000567034199203,4.76121203974e-05,5.37161900076,4.04423748293,3.10574039657,map_000000203.png
-0.566962675559,3.59904628661,-0.00133295334417,0.349999513296,0.000579332333471,5.240784958e-05,5.37161900076,4.04423748293,3.10574039657,map_000000204.png
-0.53198902825,3.59906647465,-0.00132776318487,0.349999512229,0.000579976973234,5.18625602126e-05,5.37161900076,4.04423748293,3.10574039657,map_000000205.png
-0.495606515829,3.59907831446,-0.00132670840854,0.349999508007,0.000582519013885,5.15375286341e-05,5.37161900076,4.04423748293,3.10574039657,map_000000206.png
-0.45922400318,3.59909031124,-0.00132561955714,0.349999498817,0.000588014620666,4.50853258371e-05,5.37161900076,4.04423748293,3.10574039657,map_000000207.png
-0.424231278837,3.5990928641,-0.00132918699718,0.349999540061,0.000562930674256,4.25338512287e-05,5.37161900076,4.04423748293,3.10574039657,map_000000208.png
-0.387848766401,3.59910568163,-0.0013288106286,0.349999540061,0.000562930674256,4.25338512287e-05,5.37161900076,4.04423748293,3.10574039657,map_000000209.png
-0.35146625161,3.59911610263,-0.00132842624439,0.349999509174,0.000581817340734,4.85477503389e-05,5.37161900076,4.04423748293,3.10574039657,map_000000210.png
-0.316492604571,3.59913663514,-0.00132360735808,0.349999514293,0.000578730064319,4.86477511004e-05,5.37161900076,4.04423748293,3.10574039657,map_000000211.png
-0.280110092146,3.59914867762,-0.0013228715827,0.349999474229,0.00060247228009,4.94001433253e-05,5.37161900076,4.04423748293,3.10574039657,map_000000212.png
-0.243727579719,3.59916164291,-0.00132211137155,0.349999509171,0.000581819314288,4.28360654041e-05,5.37161900076,4.04423748293,3.10574039657,map_000000213.png
-0.208734855258,3.5991658336,-0.00132602625112,0.349999513743,0.000579062359749,4.23940364271e-05,5.37161900076,4.04423748293,3.10574039657,map_000000214.png
-0.172352342811,3.59917811246,-0.00132588231345,0.349999521836,0.000574150156842,4.19152202085e-05,5.37161900076,4.04423748293,3.10574039657,map_000000215.png
-0.137378697211,3.5991989192,-0.00132117946649,0.349999521836,0.000574150156842,4.19152202085e-05,5.37161900076,4.04423748293,3.10574039657,map_000000216.png
-0.100996184765,3.5992105185,-0.00132111940918,0.349999539159,0.000563491096258,4.8232730478e-05,5.37161900076,4.04423748293,3.10574039657,map_000000217.png
-0.0646136712594,3.59922129782,-0.00132064554851,0.349999543467,0.000560808541263,4.25019534305e-05,5.37161900076,4.04423748293,3.10574039657,map_000000218.png
-0.0296209469844,3.59922192219,-0.00132440795115,0.349999548566,0.000557617303114,4.30723885074e-05,5.37161900076,4.04423748293,3.10574039657,map_000000219.png
0.00676156616292,3.59923197131,-0.00132461428096,0.349999551617,0.000555699237972,4.86659118906e-05,5.37161900076,4.04423748293,3.10574039657,map_000000220.png
0.0431440780257,3.59924176816,-0.00132412883422,0.349999552526,0.000555126396805,4.96372813359e-05,5.37161900076,4.04423748293,3.10574039657,map_000000221.png
0.0781177243937,3.59926029607,-0.0013191560874,0.349999552526,0.000555126396805,4.96372813359e-05,5.37161900076,4.04423748293,3.10574039657,map_000000222.png
0.114500236816,3.59926990365,-0.00131832162833,0.349999553416,0.000554564753584,4.95716230944e-05,5.37161900076,4.04423748293,3.10574039657,map_000000223.png
0.150882749238,3.59927949234,-0.00131748509221,0.349999585835,0.000533712438913,4.21825097874e-05,5.37161900076,4.04423748293,3.10574039657,map_000000224.png
0.185875472277,3.5992782954,-0.00132103125259,0.349999587688,0.000532496129922,4.15868125856e-05,5.37161900076,4.04423748293,3.10574039657,map_000000225.png
0.222257984724,3.59928569346,-0.0013209753639,0.349999554081,0.000554145099246,4.75648557767e-05,5.37161900076,4.04423748293,3.10574039657,map_000000226.png
0.257231631762,3.59930243139,-0.0013169169983,0.349999525047,0.000572188985858,4.82253963128e-05,5.37161900076,4.04423748293,3.10574039657,map_000000227.png
0.293614144191,3.59931201347,-0.00131628843514,0.349999519755,0.000575417291706,4.88021178171e-05,5.37161900076,4.04423748293,3.10574039657,map_000000228.png
0.329996656618,3.59932349466,-0.00131559165038,0.349999519755,0.000575417291706,4.88021178171e-05,5.37161900076,4.04423748293,3.10574039657,map_000000229.png
0.36498938129,3.59932557,-0.00131955243076,0.349999550446,0.000556436362869,4.30907821283e-05,5.37161900076,4.04423748293,3.10574039657,map_000000230.png
0.401371894637,3.59933622268,-0.00131894619167,0.349999559941,0.000550431101235,4.27034683526e-05,5.37161900076,4.04423748293,3.10574039657,map_000000231.png
0.437754407383,3.59934583843,-0.00131854316103,0.349999537403,0.000564580667095,4.93025872856e-05,5.37161900076,4.04423748293,3.10574039657,map_000000232.png
0.472728054046,3.59936442594,-0.00131396335855,0.349999544882,0.000559925149239,4.90529928356e-05,5.37161900076,4.04423748293,3.10574039657,map_000000233.png
0.509110568018,3.59937516305,-0.00131315947465,0.349999584288,0.000534725945152,4.28974162787e-05,5.37161900076,4.04423748293,3.10574039657,map_000000234.png
0.545493081992,3.59938548249,-0.00131237755834,0.349999584288,0.000534725945152,4.28974162787e-05,5.37161900076,4.04423748293,3.10574039657,map_000000235.png
0.580485807027,3.59938384738,-0.00131633373155,0.349999593199,0.00052886108078,4.23488672823e-05,5.37161900076,4.04423748293,3.10574039657,map_000000236.png
0.616868321657,3.59939115422,-0.00131600891299,0.349999601153,0.000523570730502,4.18323324993e-05,5.37161900076,4.04423748293,3.10574039657,map_000000237.png
0.616868321657,3.59939115422,-0.00131600891299,0.349999570633,0.000543589968806,4.84229531139e-05,5.37161900076,4.04423748293,3.10574039657,map_000000238.png
0.653250837201,3.59939798302,-0.00131594229652,0.34999956958,0.00054426755646,4.85936179757e-05,5.37161900076,4.04423748293,3.10574039657,map_000000239.png
0.724607002024,3.59942297911,-0.00131102289648,0.349999596348,0.00052677308945,4.35119727626e-05,5.37161900076,4.04423748293,3.10574039657,map_000000240.png
0.724607002024,3.59942297911,-0.00131102289648,0.349999596348,0.00052677308945,4.35119727626e-05,5.37161900076,4.04423748293,3.10574039657,map_000000241.png
0.759599728943,3.59942214954,-0.00131469131964,0.349999600823,0.000523791016019,4.3086707592e-05,5.37161900076,4.04423748293,3.10574039657,map_000000242.png
0.795982244523,3.5994291933,-0.00131445585541,0.349999600823,0.000523791016019,4.3086707592e-05,5.37161900076,4.04423748293,3.10574039657,map_000000243.png
0.83236475909,3.59943592126,-0.0013138152178,0.349999574397,0.000541160980684,4.92447288707e-05,5.37161900076,4.04423748293,3.10574039657,map_000000244.png
0.867338409105,3.59945271976,-0.00130933793194,0.349999573968,0.000541438640476,4.95490385219e-05,5.37161900076,4.04423748293,3.10574039657,map_000000245.png
0.903720924626,3.59946124108,-0.00130852470121,0.349999605035,0.000520969367,4.31861262769e-05,5.37161900076,4.04423748293,3.10574039657,map_000000246.png
0.940103440152,3.59946923702,-0.00130786701173,0.34999961044,0.000517325343266,4.26209298894e-05,5.37161900076,4.04423748293,3.10574039657,map_000000247.png
0.975096167346,3.59946617141,-0.00131215138592,0.349999614496,0.000514573599035,4.22886805609e-05,5.37161900076,4.04423748293,3.10574039657,map_000000248.png
1.01147868289,3.59947225748,-0.00131202742887,0.349999614496,0.000514573599035,4.22886805609e-05,5.37161900076,4.04423748293,3.10574039657,map_000000249.png
1.04786119799,3.59947809331,-0.00131172347885,0.349999594735,0.000527843999905,4.29425854236e-05,5.37161900076,4.04423748293,3.10574039657,map_000000250.png
1.08283484727,3.59949389594,-0.00130732061696,0.349999562589,0.000548745167745,5.00229652971e-05,5.37161900076,4.04423748293,3.10574039657,map_000000251.png
1.1192173628,3.59950225834,-0.00130677364086,0.349999609224,0.000518147344956,4.40889270976e-05,5.37161900076,4.04423748293,3.10574039657,map_000000252.png
1.15559987833,3.59951054937,-0.0013061041299,0.349999615508,0.00051388503872,4.39221039414e-05,5.37161900076,4.04423748293,3.10574039657,map_000000253.png
1.19059260531,3.59950720932,-0.00131021576082,0.349999597015,0.00052632988129,4.45755431429e-05,5.37161900076,4.04423748293,3.10574039657,map_000000254.png
1.22697512031,3.59951300386,-0.00130970737529,0.349999603561,0.000521958331369,4.42247837782e-05,5.37161900076,4.04423748293,3.10574039657,map_000000255.png
1.26194876989,3.59952909474,-0.00130526204647,0.349999603561,0.000521958331369,4.42247837782e-05,5.37161900076,4.04423748293,3.10574039657,map_000000256.png
1.29833128543,3.59953585667,-0.00130496692171,0.349999590646,0.000530548151416,5.02828042954e-05,5.37161900076,4.04423748293,3.10574039657,map_000000257.png
1.33471379976,3.5995430741,-0.00130429714598,0.349999604747,0.000521162958958,4.49245562777e-05,5.37161900076,4.04423748293,3.10574039657,map_000000258.png
1.36970652465,3.59954069518,-0.00130780770696,0.349999628959,0.000504640446587,4.41297888756e-05,5.37161900076,4.04423748293,3.10574039657,map_000000259.png
1.40608904019,3.59954693228,-0.00130746694688,0.349999612301,0.000516064910392,4.47818310931e-05,5.37161900076,4.04423748293,3.10574039657,map_000000260.png
1.44247155572,3.59955195122,-0.00130718291831,0.349999586194,0.00053347714627,5.07042277604e-05,5.37161900076,4.04423748293,3.10574039657,map_000000261.png
1.47744520531,3.59956710559,-0.00130271626371,0.349999586194,0.00053347714627,5.07042277604e-05,5.37161900076,4.04423748293,3.10574039657,map_000000262.png
1.51382772083,3.59957477816,-0.00130186059705,0.349999587861,0.000532382194674,5.09064411744e-05,5.37161900076,4.04423748293,3.10574039657,map_000000263.png
1.55021023527,3.59958268383,-0.00130089700151,0.349999617331,0.000512641821589,4.54965047538e-05,5.37161900076,4.04423748293,3.10574039657,map_000000264.png
1.58520296294,3.59958000222,-0.0013052081702,0.349999623627,0.000508325597401,4.67768404633e-05,5.37161900076,4.04423748293,3.10574039657,map_000000265.png
1.62158547723,3.59958571575,-0.00130420357738,0.349999629141,0.000504514420729,5.27839874849e-05,5.37161900076,4.04423748293,3.10574039657,map_000000266.png
1.65655912609,3.59960016398,-0.00129912454853,0.349999603123,0.000522251955967,5.99041813985e-05,5.37161900076,4.04423748293,3.10574039657,map_000000267.png
1.6929416416,3.59960523726,-0.0012979607648,0.349999606738,0.000519823781116,0.000122064724565,5.37161900076,4.04423748293,3.10574039657,map_000000268.png
1.72932415708,3.59961213085,-0.00129609668314,0.349999606738,0.000519823781116,0.000122064724565,5.37161900076,4.04423748293,3.10574039657,map_000000269.png
1.76431688342,3.59960945515,-0.00129383066278,0.349999601782,0.000523149892532,0.000120994867757,5.37161900076,4.04423748293,3.10574039657,map_000000270.png
1.80069939872,3.59961672954,-0.00128564585527,0.349999555308,0.000553369289505,0.000232141581364,5.37161900076,4.04423748293,3.10574039657,map_000000271.png
1.83708191095,3.59962576191,-0.00127240588785,0.349999413946,0.000636530491492,0.000466092955321,5.37161900076,4.04423748293,3.10574039657,map_000000272.png
1.87205555833,3.59964795298,-0.00124399723402,0.349999168126,0.000759766443045,0.000922911451198,5.37161900076,4.04423748293,3.10574039657,map_000000273.png
1.90843806668,3.59966956435,-0.00119877201907,0.349998494585,0.00102407126224,0.00175753759686,5.37161900076,4.04423748293,3.10574039657,map_000000274.png
1.94482055954,3.59970552417,-0.0011086306076,0.349998494585,0.00102407126224,0.00175753759686,5.37161900076,4.04423748293,3.10574039657,map_000000275.png
1.9798132117,3.59975756244,-0.000954398563078,0.349996893109,0.00147300633028,0.00336807384156,5.37161900076,4.04423748293,3.10574039657,map_000000276.png
2.01619553721,3.59986331042,-0.000664886264774,0.349996562977,0.00154946385443,0.00323461764492,5.37161900076,4.04423748293,3.10574039657,map_000000277.png
2.01619553721,3.59986331042,-0.000664886264774,0.349991659381,0.00241522203943,0.0061144051142,5.37161900076,4.04423748293,3.10574039657,map_000000278.png
2.05257777933,3.59999895132,-0.000330987028546,0.349978270891,0.00389933812629,0.0114208944142,5.37161900076,4.04423748293,3.10574039657,map_000000279.png
2.08755099313,3.60017757067,6.63969199247e-05,0.349978270891,0.00389933812629,0.0114208944142,5.37161900076,4.04423748293,3.10574039657,map_000000280.png
2.12393230588,3.60045893339,0.000770896570521,0.349925463559,0.00722252631739,0.0209073219448,5.37161900076,4.04423748293,3.10574039657,map_000000281.png
2.15892222231,3.60087439502,0.00188556438473,0.349925463559,0.00722252631739,0.0209073219448,5.37161900076,4.04423748293,3.10574039657,map_000000282.png
2.19529511606,3.60168226169,0.00394499941498,0.349967570825,0.00476385394777,0.00933332554996,5.37161900076,4.04423748293,3.10574039657,map_000000283.png
2.23167044169,3.6023933379,0.00516803990894,0.349989137769,0.00275651540619,0.00196711160243,5.37161900076,4.04423748293,3.10574039657,map_000000284.png
2.2666397673,3.60294559066,0.00565119139532,0.349999138518,0.000773285567326,-0.0011207619682,5.37161900076,4.04423748293,3.10574039657,map_000000285.png
2.30301977785,3.60336027402,0.00572662242182,0.349986074224,-0.00312134308389,-0.00842409394681,5.37161900076,4.04423748293,3.10574039657,map_000000286.png
2.3394013628,3.60355558076,0.00543540155945,0.349985951902,-0.00313502869812,-0.00842627882957,5.37161900076,4.04423748293,3.10574039657,map_000000287.png
2.37439387313,3.60341826788,0.00459843731816,0.349975698919,-0.00412372399164,-0.00943706557155,5.37161900076,4.04423748293,3.10574039657,map_000000288.png
2.41077595405,3.60325290982,0.00373277380549,0.349975698919,-0.00412372399164,-0.00943706557155,5.37161900076,4.04423748293,3.10574039657,map_000000289.png
2.44715725585,3.6029686321,0.00277941016964,0.349978282425,-0.00389830278183,-0.00822975859046,5.37161900076,4.04423748293,3.10574039657,map_000000290.png
2.48212940825,3.60267183086,0.00193250328408,0.3499841803,-0.00332693155293,-0.00719730183482,5.37161900076,4.04423748293,3.10574039657,map_000000291.png
2.5185104938,3.6023574504,0.00113542973921,0.349991424818,-0.00244897685537,-0.00577080156654,5.37161900076,4.04423748293,3.10574039657,map_000000292.png
2.55489184722,3.60207484782,0.00044009357899,0.34999925464,-0.000718808200854,-0.00358584267087,5.37161900076,4.04423748293,3.10574039657,map_000000293.png
2.58988389043,3.60185249531,-0.000109609993672,0.349999262289,-0.000715074069267,-0.00358641007915,5.37161900076,4.04423748293,3.10574039657,map_000000294.png
2.62626631315,3.60177089599,-0.000480532054854,0.349999262289,-0.000715074069267,-0.00358641007915,5.37161900076,4.04423748293,3.10574039657,map_000000295.png
2.66123981321,3.60168930309,-0.000833261615434,0.349999987462,6.09114412892e-05,-0.00269563216716,5.37161900076,4.04423748293,3.10574039657,map_000000296.png
2.69762228552,3.60164076318,-0.00113764682268,0.349999289202,0.000701777547775,-0.00187134684529,5.37161900076,4.04423748293,3.10574039657,map_000000297.png
2.73400479486,3.6016418267,-0.00136891208187,0.349998258906,0.00110167897545,-0.00152139621787,5.37161900076,4.04423748293,3.10574039657,map_000000298.png
2.77038729191,3.6016808638,-0.00154937633196,0.349997644449,0.00128211306325,-0.0010646970477,5.37161900076,4.04423748293,3.10574039657,map_000000299.png
2.80676976361,3.60174190198,-0.00169841789048,0.349998303474,0.001087427796,-0.0016182132531,5.37161900076,4.04423748293,3.10574039657,map_000000300.png
2.84315221878,3.6018108616,-0.00181588988098,0.349999735381,-0.000424460534522,-0.00591470999643,5.37161900076,4.04423748293,3.10574039657,map_000000301.png
2.87953471325,3.60185638181,-0.00198560868763,0.349999735381,-0.000424460534522,-0.00591470999643,5.37161900076,4.04423748293,3.10574039657,map_000000302.png
2.91591704418,3.60174802947,-0.00256088332512,0.349999031116,-0.000820457926434,-0.00574113009498,5.37161900076,4.04423748293,3.10574039657,map_000000303.png
2.95090942247,3.60157392224,-0.00313840419828,0.349989352452,-0.00272912149453,-0.0112266624346,5.37161900076,4.04423748293,3.10574039657,map_000000304.png
2.98729047044,3.60126311537,-0.00403178140371,0.349955186668,-0.00560020158343,-0.0209383480251,5.37161900076,4.04423748293,3.10574039657,map_000000305.png
3.02366838849,3.60071011801,-0.00556602919153,0.349980877258,-0.00365793484819,-0.00955376401544,5.37161900076,4.04423748293,3.10574039657,map_000000306.png
3.06004248762,3.59994604617,-0.00748766351877,0.349984049558,-0.00334065695999,-0.00821624975652,5.37161900076,4.04423748293,3.10574039657,map_000000307.png
3.09641894378,3.59928696322,-0.0084638837962,0.349995240382,0.00182390882725,0.00574429892004,5.37161900076,4.04423748293,3.10574039657,map_000000308.png
3.13279537802,3.59862520175,-0.00930800619139,0.349995240382,0.00182390882725,0.00574429892004,5.37161900076,4.04423748293,3.10574039657,map_000000309.png
3.16917673518,3.59841501576,-0.00888924644363,0.349984274697,0.00331698631821,0.0072111771442,5.37161900076,4.04423748293,3.10574039657,map_000000310.png
3.20555909274,3.59839959345,-0.00819641914931,0.349960705821,0.00524397894174,0.0101427547634,5.37161900076,4.04423748293,3.10574039657,map_000000311.png
3.24194095014,3.59855981089,-0.00730149439103,0.349953690253,0.00569294407017,0.0104136615992,5.37161900076,4.04423748293,3.10574039657,map_000000312.png
3.24194095014,3.59855981089,-0.00730149439103,0.349955377485,0.00558826475047,0.00985905434936,5.37161900076,4.04423748293,3.10574039657,map_000000313.png
3.27832199293,3.59886537489,-0.00625787095308,0.349955377485,0.00558826475047,0.00985905434936,5.37161900076,4.04423748293,3.10574039657,map_000000314.png
3.3147024484,3.59923544437,-0.00521029848845,0.349976299117,0.00407246733718,0.0072157336399,5.37161900076,4.04423748293,3.10574039657,map_000000315.png
3.34967391449,3.59962788316,-0.00424110381841,0.349987006008,0.00301505542664,0.00578444218263,5.37161900076,4.04423748293,3.10574039657,map_000000316.png
3.38605529742,3.59990258573,-0.00350745810954,0.349987006008,0.00301505542664,0.00578444218263,5.37161900076,4.04423748293,3.10574039657,map_000000317.png
3.42243713741,3.6001103402,-0.00289765477911,0.349994818222,0.00190319512545,0.00433320458978,5.37161900076,4.04423748293,3.10574039657,map_000000318.png
3.45881931986,3.60024712164,-0.00240740262551,0.349998202342,0.00111950465264,0.00330751622096,5.37161900076,4.04423748293,3.10574039657,map_000000319.png
3.49520171962,3.60032004662,-0.00202092928224,0.349999988541,5.4361803208e-05,0.00171914813109,5.37161900076,4.04423748293,3.10574039657,map_000000320.png
3.53158418929,3.60032730789,-0.00174315451988,0.349999989441,4.82190169037e-05,0.00172034453135,5.37161900076,4.04423748293,3.10574039657,map_000000321.png
3.56796665843,3.60027067633,-0.00157156049201,0.349999910412,-0.000240094366459,0.0011418312788,5.37161900076,4.04423748293,3.10574039657,map_000000322.png
3.60434913512,3.60021974853,-0.00139986231215,0.3499998097,-0.00035797165048,0.000736701185815,5.37161900076,4.04423748293,3.10574039657,map_000000323.png
3.64073157237,3.60014463143,-0.0012873672653,0.3499998097,-0.00035797165048,0.000736701185815,5.37161900076,4.04423748293,3.10574039657,map_000000324.png
3.67711399598,3.60006306255,-0.00120988268198,0.349999853635,-0.000312071795011,0.000485643744469,5.37161900076,4.04423748293,3.10574039657,map_000000325.png
3.71349642698,3.59998537245,-0.00115555898394,0.349999991178,-3.32986668198e-05,-5.11814141646e-05,5.37161900076,4.04423748293,3.10574039657,map_000000326.png
3.74987888933,3.59992565734,-0.00113757501889,0.349999991025,-3.48721376446e-05,-5.05769858137e-05,5.37161900076,4.04423748293,3.10574039657,map_000000327.png
3.78487159077,3.59987304556,-0.00115109914287,0.349999927868,0.000213134366473,-0.000157698057592,5.37161900076,4.04423748293,3.10574039657,map_000000328.png
3.82125408251,3.5998304992,-0.00116176571654,0.34999992673,0.000214994886951,-0.000157129601575,5.37161900076,4.04423748293,3.10574039657,map_000000329.png
3.85763659405,3.59981027389,-0.00118205552545,0.349999840117,0.000326881899922,-0.000135902548209,5.37161900076,4.04423748293,3.10574039657,map_000000330.png
3.89401910355,3.59978949339,-0.00120214936448,0.349999840117,0.000326881899922,-0.000135902548209,5.37161900076,4.04423748293,3.10574039657,map_000000331.png
3.93040161775,3.59977738337,-0.00122044728125,0.349999607503,0.000519308766655,-5.78900799155e-05,5.37161900076,4.04423748293,3.10574039657,map_000000332.png
3.96678413043,3.59977916062,-0.00123366865923,0.349999599653,0.000524572858148,-5.72890276089e-05,5.37161900076,4.04423748293,3.10574039657,map_000000333.png
4.00316664461,3.59978846075,-0.00124379583594,0.34999954401,0.000560469506688,-2.91947508231e-05,5.37161900076,4.04423748293,3.10574039657,map_000000334.png
4.03954915925,3.59979883186,-0.0012530051503,0.349999533309,0.000567112952242,-8.72940290719e-06,5.37161900076,4.04423748293,3.10574039657,map_000000335.png
4.07593167317,3.59981158183,-0.00125990319556,0.349999548624,0.000557581175527,7.08922743797e-06,5.37161900076,4.04423748293,3.10574039657,map_000000336.png
4.11231418932,3.59982468545,-0.00126520777899,0.349999595558,0.000527297461444,3.25039727613e-05,5.37161900076,4.04423748293,3.10574039657,map_000000337.png
4.1486967046,3.59983665983,-0.00126878180095,0.349999595558,0.000527297461444,3.25039727613e-05,5.37161900076,4.04423748293,3.10574039657,map_000000338.png
4.18507921951,3.59984617292,-0.00127039218569,0.349999624594,0.000507659078044,4.10934444517e-05,5.37161900076,4.04423748293,3.10574039657,map_000000339.png
4.220052869,3.59986255011,-0.00126662608932,0.349999650678,0.000489345361465,4.70869708806e-05,5.37161900076,4.04423748293,3.10574039657,map_000000340.png
4.220052869,3.59986255011,-0.00126662608932,0.349999670402,0.00047502876018,5.03555638716e-05,5.37161900076,4.04423748293,3.10574039657,map_000000341.png
4.25643538382,3.59986831792,-0.00126639976875,0.349999670402,0.00047502876018,5.03555638716e-05,5.37161900076,4.04423748293,3.10574039657,map_000000342.png
4.2928178978,3.59987260007,-0.00126572903195,0.349999713986,0.000441750083483,6.59662764519e-05,5.37161900076,4.04423748293,3.10574039657,map_000000343.png
4.329200412,3.59987555516,-0.00126469208282,0.349999719642,0.000437245942747,6.56001502648e-05,5.37161900076,4.04423748293,3.10574039657,map_000000344.png
4.36558293033,3.59987536839,-0.00126217924767,0.349999719642,0.000437245942747,6.56001502648e-05,5.37161900076,4.04423748293,3.10574039657,map_000000345.png
4.40196544603,3.59987484086,-0.00125967506028,0.349999696216,0.000455612385904,0.000139754964039,5.37161900076,4.04423748293,3.10574039657,map_000000346.png
4.43834796132,3.59987585741,-0.00125136732803,0.349999598963,0.000525032629002,0.000381067744456,5.37161900076,4.04423748293,3.10574039657,map_000000347.png
4.47473047613,3.59988182084,-0.00122711579386,0.34999959399,0.000528337539831,0.000381812104024,5.37161900076,4.04423748293,3.10574039657,map_000000348.png
4.51111299016,3.59989205827,-0.00119231746673,0.349998002975,0.0011801895574,0.00249595427886,5.37161900076,4.04423748293,3.10574039657,map_000000349.png
4.54749547771,3.59992168752,-0.00109930319118,0.349997985405,0.00118538849107,0.00249740271829,5.37161900076,4.04423748293,3.10574039657,map_000000350.png
4.58387788179,3.6000062983,-0.000848284427443,0.349993911745,0.00206317119519,0.00560493674129,5.37161900076,4.04423748293,3.10574039657,map_000000351.png
4.61887046147,3.60008748759,-0.000611358547183,0.349993911745,0.00206317119519,0.00560493674129,5.37161900076,4.04423748293,3.10574039657,map_000000352.png
4.65525242652,3.60027286084,-7.87981089492e-05,0.349992740407,0.00225313023039,0.0054678991437,5.37161900076,4.04423748293,3.10574039657,map_000000353.png
4.69163416761,3.6005033811,0.000479876913735,0.359922671789,0.00746048209627,0.0224884524941,5.37161900076,4.04423748293,3.10574039657,map_000000354.png
4.72860485232,3.60108425172,0.00204589810551,0.359693426032,0.0148535426686,0.0422022938728,5.37161900076,4.04423748293,3.10574039657,map_000000355.png
4.7660156536,3.60223765282,0.00511452700436,0.3554977956,0.0147862231935,0.0422169677913,5.37161900076,4.04423748293,3.10574039657,map_000000356.png
4.80327778792,3.60400612234,0.00942828350042,0.342979398087,0.0441174293382,0.14545160532,5.37161900076,4.04423748293,3.10574039657,map_000000357.png
4.84012942498,3.6061543747,0.0145562321887,0.327404366918,0.0746424745227,0.267602026463,5.37161900076,4.04423748293,3.10574039657,map_000000358.png
4.87566282548,3.61137032974,0.0294289495854,0.327404366918,0.0746424745227,0.267602026463,5.37161900076,4.04423748293,3.10574039657,map_000000359.png
4.90956390256,3.61992648608,0.0553578432346,0.305706158,0.079225409361,0.260089665651,5.37161900076,4.04423748293,3.10574039657,map_000000360.png
4.94132811092,3.62995499218,0.0821590795504,0.278680155797,0.125913452,0.462619960308,5.37161900076,4.04423748293,3.10574039657,map_000000361.png
4.97041371913,3.64333813822,0.11991236777,0.233064258572,0.182158667219,0.779272437096,5.37161900076,4.04423748293,3.10574039657,map_000000362.png
4.99510747109,3.6618430588,0.179684342823,0.217363126808,0.185574507255,0.739330768585,5.37161900076,4.04423748293,3.10574039657,map_000000363.png
5.01377975462,3.68390813243,0.255528015456,0.188281679231,0.201540410991,0.840576529503,5.37161900076,4.04423748293,3.10574039657,map_000000364.png
5.03007940115,3.70817596921,0.331129456227,0.199346311853,0.160304004685,0.637684166431,5.37161900076,4.04423748293,3.10574039657,map_000000365.png
5.04097722633,3.73405860418,0.41710112388,0.199346311853,0.160304004685,0.637684166431,5.37161900076,4.04423748293,3.10574039657,map_000000366.png
5.05222748304,3.75800492064,0.485491523177,0.202495176523,0.139341028919,0.600216031075,5.37161900076,4.04423748293,3.10574039657,map_000000367.png
5.06327695893,3.78101240792,0.548052679643,0.21484608955,0.0971867748635,0.47145858407,5.37161900076,4.04423748293,3.10574039657,map_000000368.png
5.06327695893,3.78101240792,0.548052679643,0.215908419679,0.0661177580022,0.407383918762,5.37161900076,4.04423748293,3.10574039657,map_000000369.png
5.07507535191,3.80272055964,0.602848995432,0.215908419679,0.0661177580022,0.407383918762,5.37161900076,4.04423748293,3.10574039657,map_000000370.png
5.08822613702,3.82275405007,0.648788718708,0.213347203855,0.0324787594086,0.313677847385,5.37161900076,4.04423748293,3.10574039657,map_000000371.png
5.10212462044,3.84131629511,0.688971486548,0.195160581397,-0.0158755509306,0.182741373777,5.37161900076,4.04423748293,3.10574039657,map_000000372.png
5.11702076636,3.85801212323,0.721053536695,0.182939629949,-0.0325064919258,0.122527934611,5.37161900076,4.04423748293,3.10574039657,map_000000373.png
5.13337576656,3.8701810863,0.73973654964,0.182939629949,-0.0325064919258,0.122527934611,5.37161900076,4.04423748293,3.10574039657,map_000000374.png
5.14967525728,3.88085811846,0.75321865528,0.170518856495,-0.042787757304,0.0744454860687,5.37161900076,4.04423748293,3.10574039657,map_000000375.png
5.16574721992,3.89032101364,0.762526948843,0.159860392547,-0.0440002430153,0.0744700655341,5.37161900076,4.04423748293,3.10574039657,map_000000376.png
5.18071801876,3.89860855147,0.769847893005,0.142911689636,-0.0289033577603,0.0228314530104,5.37161900076,4.04423748293,3.10574039657,map_000000377.png
5.19511235174,3.90687655406,0.775843948275,0.134133769762,-0.021241037458,0.0118573931977,5.37161900076,4.04423748293,3.10574039657,map_000000378.png
5.20767807725,3.91513653287,0.778055294918,0.125080148376,-0.0134870583944,0.00838645640761,5.37161900076,4.04423748293,3.10574039657,map_000000379.png
5.21917563536,3.92333727515,0.779259169063,0.125080148376,-0.0134870583944,0.00838645640761,5.37161900076,4.04423748293,3.10574039657,map_000000380.png
5.22945913743,3.9314817146,0.780131593353,0.115526741514,-0.00802577784871,0.00507197482511,5.37161900076,4.04423748293,3.10574039657,map_000000381.png
5.23880650882,3.93938198419,0.780708507681,0.105489108047,-0.0081722525338,0.00507340673357,5.37161900076,4.04423748293,3.10574039657,map_000000382.png
5.24746811361,3.94679111888,0.78123317027,0.102907307381,-0.00112606127185,0.0019612214528,5.37161900076,4.04423748293,3.10574039657,map_000000383.png
5.25554541867,3.95405876709,0.781623404433,0.10291089903,0.000727177633529,0.0010962439701,5.37161900076,4.04423748293,3.10574039657,map_000000384.png
5.26319724241,3.96153580085,0.781791739762,0.0928455596037,0.00355180147681,0.00248632207513,5.37161900076,4.04423748293,3.10574039657,map_000000385.png
5.27062429052,3.96906796169,0.781921692215,0.0828363988455,0.00357424451186,0.00248689111322,5.37161900076,4.04423748293,3.10574039657,map_000000386.png
5.27722325802,3.97612058282,0.782169193604,0.0828363988455,0.00357424451186,0.00248689111322,5.37161900076,4.04423748293,3.10574039657,map_000000387.png
5.28308993769,3.98249037771,0.782429654593,0.0763834896466,0.00356428418246,0.00204002833925,5.37161900076,4.04423748293,3.10574039657,map_000000388.png
5.2883641045,3.98823428865,0.782640451467,0.0764108223295,0.00292024712214,0.00166961573996,5.37161900076,4.04423748293,3.10574039657,map_000000389.png
5.29375263167,3.99407899553,0.782833551338,0.0764358582935,0.00216822029645,0.00127922021784,5.37161900076,4.04423748293,3.10574039657,map_000000390.png
5.29920451408,3.99986318266,0.782980560445,0.0764526222577,0.00146224561518,0.000963190686889,5.37161900076,4.04423748293,3.10574039657,map_000000391.png
5.30468784124,4.00561834484,0.783105388985,0.0764627559572,0.000767179089041,0.000673601345625,5.37161900076,4.04423748293,3.10574039657,map_000000392.png
5.31022743305,4.01131918144,0.783194709984,0.0664664624945,-0.000137917425032,1.0,5.37161900076,4.04423748293,3.10574039657,map_000000393.png
5.31579481914,4.01699330341,0.783269815251,0.0664664624945,-0.000137917425032,1.0,5.37161900076,4.04423748293,3.10574039657,map_000000394.png
5.32120609139,4.02155998884,0.873760241432,0.0564650550896,-0.000418509252908,1.0,5.37161900076,4.04423748293,3.10574039657,map_000000395.png
5.32573387124,4.02585013245,0.976035115565,0.049996133568,-0.000621936658249,1.0,5.37161900076,4.04423748293,3.10574039657,map_000000396.png
5.32573387124,4.02585013245,0.976035115565,0.0498402786065,-0.00399334513686,1.0,5.37161900076,4.04423748293,3.10574039657,map_000000397.png
5.3294746027,4.02998998594,1.07830522364,0.0498402786065,-0.00399334513686,1.0,5.37161900076,4.04423748293,3.10574039657,map_000000398.png
5.33277801736,4.03417232375,1.18057880409,0.0492270514416,-0.00875771564503,1.0,5.37161900076,4.04423748293,3.10574039657,map_000000399.png
5.33593286089,4.03853683884,1.28284910149,0.0424917139937,-0.0263525030847,1.0,5.37161900076,4.04423748293,3.10574039657,map_000000400.png
5.33889742209,4.04285986429,1.38119504499,0.0424917139937,-0.0263525030847,1.0,5.37161900076,4.04423748293,3.10574039657,map_000000401.png
5.34265524879,4.04711059098,1.4834473483,0.0424917139937,-0.0263525030847,1.0,5.37161900076,4.04423748293,3.10574039657,map_000000402.png
5.34645264947,4.05142572995,1.58572094062,0.0384569323676,-0.0319541003601,1.0,5.37161900076,4.04423748293,3.10574039657,map_000000403.png
5.35032529434,4.055814051,1.68797608669,0.0344242272254,-0.0362625530939,1.0,5.37161900076,4.04423748293,3.10574039657,map_000000404.png
5.35416953311,4.0602747073,1.79025492473,0.0343669505349,-0.0363168402795,1.0,5.37161900076,4.04423748293,3.10574039657,map_000000405.png
5.35780126664,4.0649810645,1.89252831611,0.0,0.0,1.0,5.37161900076,4.04423748293,3.10574039657,map_000000406.png
5.360551054,4.06911459164,1.9948001692,0.0,0.0,1.0,5.37161900076,4.04423748293,3.10574039657,map_000000407.png
5.36142545233,4.06956198639,2.09707295185,0.0,0.0,1.0,5.37161900076,4.04423748293,3.10574039657,map_000000408.png
5.36225172156,4.07010026231,2.199344016,0.0,0.0,1.0,5.37161900076,4.04423748293,3.10574039657,map_000000409.png
5.36301762712,4.07071365645,2.30161727859,0.0,0.0,1.0,5.37161900076,4.04423748293,3.10574039657,map_000000410.png
5.36371658981,4.0714017275,2.40389080139,0.0,0.0,1.0,5.37161900076,4.04423748293,3.10574039657,map_000000411.png
5.36434389028,4.0721601369,2.50616273442,0.0,0.0,1.0,5.37161900076,4.04423748293,3.10574039657,map_000000412.png
5.36484876531,4.07292597195,2.6045144601,0.0,0.0,0.901706516743,5.37161900076,4.04423748293,3.10574039657,map_000000413.png
5.36530818535,4.07378276867,2.7052378381,0.0,0.0,0.902006268501,5.37161900076,4.04423748293,3.10574039657,map_000000414.png
5.36565472552,4.07460582558,2.79745313753,0.0,0.0,0.754778504372,5.37161900076,4.04423748293,3.10574039657,map_000000415.png
5.36593232674,4.07547713619,2.88968795729,0.0,0.0,0.754778504372,5.37161900076,4.04423748293,3.10574039657,map_000000416.png
5.36609073016,4.0762079613,2.96920216288,0.0,0.0,0.465821385384,5.37161900076,4.04423748293,3.10574039657,map_000000417.png
5.36617200754,4.07676315407,3.02706611133,0.0,0.0,0.327623277903,5.37161900076,4.04423748293,3.10574039657,map_000000418.png
5.36620927442,4.07715438743,3.06708929196,0.0,0.0,0.208460003138,5.37161900076,4.04423748293,3.10574039657,map_000000419.png
5.36623747398,4.07741911838,3.09591151666,0.0,0.0,0.121732346714,5.37161900076,4.04423748293,3.10574039657,map_000000420.png
5.36623268406,4.07761640318,3.11552033061,0.0,0.0,0.0,5.37161900076,4.04423748293,3.10574039657,map_000000421.png
