-4.50965289213,5.21272647768,1.80357190558,0.0,0.0,0.0,1.21806197743,3.65002106852,-1.18195789096,map_000000001.png
-4.5096511547,5.21272470848,1.80357130212,0.0,0.0,0.0,1.21806197743,3.65002106852,-1.18195789096,map_000000002.png
-4.50965113804,5.21272467923,1.80357133085,0.0,0.0,0.0,1.21806197743,3.65002106852,-1.18195789096,map_000000003.png
-4.50965110486,5.21272472034,1.8035713638,0.0,0.0,0.0,1.21806197743,3.65002106852,-1.18195789096,map_000000004.png
-4.50965114718,5.21272469236,1.80357128036,-0.0366242360348,-0.0475254195758,-1.0,1.21806197743,3.65002106852,-1.18195789096,map_000000005.png
-4.50820742409,5.21184568616,1.77210378782,-0.042145502865,-0.0679982089954,-1.0,1.21806197743,3.65002106852,-1.18195789096,map_000000006.png
-4.50369802883,5.20878722798,1.67375782681,-0.0407594079562,-0.0802413231561,-1.0,1.21806197743,3.65002106852,-1.18195789096,map_000000007.png
-4.49763958198,5.20490838615,1.57542903157,-0.0407594079562,-0.0802413231561,-1.0,1.21806197743,3.65002106852,-1.18195789096,map_000000008.png
-4.49087135881,5.20051787675,1.4770816769,-0.0280972343812,-0.0959715805084,-1.0,1.21806197743,3.65002106852,-1.18195789096,map_000000009.png
-4.48301097763,5.19595044951,1.37481557105,-0.0110686983534,-0.109441683049,-1.0,1.21806197743,3.65002106852,-1.18195789096,map_000000010.png
-4.4744239203,5.19174033731,1.27646151718,0.0093173620702,-0.119637722538,-1.0,1.21806197743,3.65002106852,-1.18195789096,map_000000011.png
-4.46492156582,5.18779097648,1.17813406873,0.05537402748,-0.12858350327,-1.0,1.21806197743,3.65002106852,-1.18195789096,map_000000012.png
-4.45442707524,5.18407353029,1.07978556727,0.0786389544729,-0.127733768963,-1.0,1.21806197743,3.65002106852,-1.18195789096,map_000000013.png
-4.44084434741,5.18263540895,0.977511401219,0.0786389544729,-0.127733768963,-1.0,1.21806197743,3.65002106852,-1.18195789096,map_000000014.png
-4.42683264569,5.18164647049,0.879182282039,0.101742381852,-0.123484779684,-1.0,1.21806197743,3.65002106852,-1.18195789096,map_000000015.png
-4.41197245383,5.18074626731,0.780836850187,0.121814213651,-0.118580362101,-1.0,1.21806197743,3.65002106852,-1.18195789096,map_000000016.png
-4.39627386667,5.17983831788,0.682508782215,0.140896372501,-0.112018839964,-1.0,1.21806197743,3.65002106852,-1.18195789096,map_000000017.png
-4.37900864455,5.17863837775,0.580235200196,0.177966909236,-0.0912567434448,-1.0,1.21806197743,3.65002106852,-1.18195789096,map_000000018.png
-4.36149031532,5.17723500024,0.481892114413,0.195953753327,-0.0755125348037,-0.870526254177,1.21806197743,3.65002106852,-1.18195789096,map_000000019.png
-4.34191473378,5.17732738657,0.383563318802,0.195953753327,-0.0755125348037,-0.870526254177,1.21806197743,3.65002106852,-1.18195789096,map_000000020.png
-4.3213538584,5.17729767095,0.296432894212,0.212374054335,-0.0574219418838,-0.723302543163,1.21806197743,3.65002106852,-1.18195789096,map_000000021.png
-4.29906912489,5.17707625311,0.217253453559,0.221591542576,-0.0616215223523,-0.723544239998,1.21806197743,3.65002106852,-1.18195789096,map_000000022.png
-4.27681008401,5.17585651222,0.146123635861,0.248730278687,-0.0251650206939,-0.44751226902,1.21806197743,3.65002106852,-1.18195789096,map_000000023.png
-4.25351306737,5.17391327338,0.082571844164,0.259652444946,0.0134400357239,-0.22551228106,1.21806197743,3.65002106852,-1.18195789096,map_000000024.png
-4.22853325904,5.17350727052,0.0394448817374,0.267935591802,0.0333247390349,-0.130260080099,1.21806197743,3.65002106852,-1.18195789096,map_000000025.png
-4.2015951484,5.1758904801,0.0163823780557,0.267935591802,0.0333247390349,-0.130260080099,1.21806197743,3.65002106852,-1.18195789096,map_000000026.png
-4.17494062213,5.17936182938,0.00245064709642,0.276473465635,0.0442994202065,-0.0717547088861,1.21806197743,3.65002106852,-1.18195789096,map_000000027.png
-4.14756994607,5.18345252821,-0.00644705616628,0.286572456478,0.0444549507902,-0.0717789232731,1.21806197743,3.65002106852,-1.18195789096,map_000000028.png
-4.11944623993,5.18767817133,-0.0135027116452,0.307340677617,0.0405180257278,-0.027657141909,1.21806197743,3.65002106852,-1.18195789096,map_000000029.png
-4.08899641236,5.19173751631,-0.0196251267415,0.31858865814,0.0300210645635,-0.0352152399719,1.21806197743,3.65002106852,-1.18195789096,map_000000030.png
-4.05815035716,5.19512667729,-0.0223758329414,0.329957542962,0.00529226575096,-0.053926307708,1.21806197743,3.65002106852,-1.18195789096,map_000000031.png
-4.02623964485,5.19739524873,-0.0258392729555,0.329957542962,0.00529226575096,-0.053926307708,1.21806197743,3.65002106852,-1.18195789096,map_000000032.png
-3.99342527823,5.19744484298,-0.0308477915737,0.33996269399,0.00503479252685,-0.0539445504546,1.21806197743,3.65002106852,-1.18195789096,map_000000033.png
-3.95843507174,5.19686664742,-0.0363591679617,0.349971108401,-0.00449398114971,-0.0498367398977,1.21806197743,3.65002106852,-1.18195789096,map_000000034.png
-3.92404222227,5.19565171421,-0.0414907833599,0.336936906655,-0.064638156125,-0.235851436853,1.21806197743,3.65002106852,-1.18195789096,map_000000035.png
-3.88948927353,5.19231785182,-0.0507808528811,0.335369747288,-0.074856242672,-0.227663218975,1.21806197743,3.65002106852,-1.18195789096,map_000000036.png
-3.85625685178,5.18395570067,-0.0739445295139,0.299120369716,-0.147752784176,-0.430581063032,1.21806197743,3.65002106852,-1.18195789096,map_000000037.png
-3.82347918794,5.17388943842,-0.0963250566096,0.299120369716,-0.147752784176,-0.430581063032,1.21806197743,3.65002106852,-1.18195789096,map_000000038.png
-3.79324041341,5.15714055399,-0.135569014071,0.295557836634,-0.147547064659,-0.430724799633,1.21806197743,3.65002106852,-1.18195789096,map_000000039.png
-3.76614425193,5.13834814839,-0.177922590796,0.216916386717,-0.223615470495,-0.718240976334,1.21806197743,3.65002106852,-1.18195789096,map_000000040.png
-3.74375359696,5.1162326301,-0.23158230982,0.185668521138,-0.242058906577,-0.817333877087,1.21806197743,3.65002106852,-1.18195789096,map_000000041.png
-3.74375359696,5.1162326301,-0.23158230982,0.198536422536,-0.237472233192,-0.749411284924,1.21806197743,3.65002106852,-1.18195789096,map_000000042.png
-3.71921679162,5.060019131,-0.387480954086,0.2360914043,-0.211033035956,-0.640784561634,1.21806197743,3.65002106852,-1.18195789096,map_000000043.png
-3.71058154006,5.03088694009,-0.461171580785,0.2360914043,-0.211033035956,-0.640784561634,1.21806197743,3.65002106852,-1.18195789096,map_000000044.png
-3.70020939405,5.00157861718,-0.525890737197,0.235254367975,-0.211965742039,-0.640997886658,1.21806197743,3.65002106852,-1.18195789096,map_000000045.png
-3.6910454355,4.97169100958,-0.588913840303,0.302444398216,-0.130916286251,-0.444360941648,1.21806197743,3.65002106852,-1.18195789096,map_000000046.png
-3.6910454355,4.97169100958,-0.588913840303,0.324783102306,-0.0857785945309,-0.347429871559,1.21806197743,3.65002106852,-1.18195789096,map_000000047.png
-3.66227805203,4.91288381643,-0.687742903894,0.338355701579,-0.0406778757357,-0.273135304451,1.21806197743,3.65002106852,-1.18195789096,map_000000048.png
-3.64286323539,4.88557218863,-0.721905634878,0.346348521114,0.00568642963602,-0.187657430768,1.21806197743,3.65002106852,-1.18195789096,map_000000049.png
-3.64286323539,4.88557218863,-0.721905634878,0.346348521114,0.00568642963602,-0.187657430768,1.21806197743,3.65002106852,-1.18195789096,map_000000050.png
-3.62033086248,4.86008028855,-0.748761783361,0.348034084476,0.0350873157627,-0.135748445988,1.21806197743,3.65002106852,-1.18195789096,map_000000051.png
-3.59442331259,4.83529371833,-0.769632470186,0.348034084476,0.0350873157627,-0.135748445988,1.21806197743,3.65002106852,-1.18195789096,map_000000052.png
-3.56783945456,4.81276709162,-0.784816673469,0.342238308451,0.0733003080654,-0.0500263236463,1.21806197743,3.65002106852,-1.18195789096,map_000000053.png
-3.53988875057,4.79181876727,-0.794792432509,0.340921778726,0.0791980790427,0.000940831028856,1.21806197743,3.65002106852,-1.18195789096,map_000000054.png
-3.51064046198,4.77258791287,-0.798708532179,0.340696272187,0.0801626162949,0.000941759790294,1.21806197743,3.65002106852,-1.18195789096,map_000000055.png
-3.48002431979,4.7529536173,-0.798612103091,0.341911147684,0.0748115099638,0.0159063264728,1.21806197743,3.65002106852,-1.18195789096,map_000000056.png
-3.45051995608,4.73414473746,-0.798519013365,0.341911147684,0.0748115099638,0.0159063264728,1.21806197743,3.65002106852,-1.18195789096,map_000000057.png
-3.42124599942,4.71496961957,-0.797249921035,0.349516142939,0.0183973030322,0.0170287508518,1.21806197743,3.65002106852,-1.18195789096,map_000000058.png
-3.39296795197,4.69441796674,-0.795447386976,0.349516142939,0.0183973030322,0.0170287508518,1.21806197743,3.65002106852,-1.18195789096,map_000000059.png
-3.36487223466,4.67136776664,-0.793510379029,0.349510392523,0.0185062273896,0.0170350354165,1.21806197743,3.65002106852,-1.18195789096,map_000000060.png
-3.33904940536,4.64776479022,-0.791836857548,0.349999091357,-0.000794344266261,0.0109393745661,1.21806197743,3.65002106852,-1.18195789096,map_000000061.png
-3.31318123878,4.62421151487,-0.790163042391,0.349998809127,-0.000910243701948,0.0109436251223,1.21806197743,3.65002106852,-1.18195789096,map_000000062.png
-3.28861193376,4.59930510224,-0.789088404665,0.349998809127,-0.000910243701948,0.0109436251223,1.21806197743,3.65002106852,-1.18195789096,map_000000063.png
-3.2640221386,4.57441891626,-0.788013649424,0.349890559482,-0.00875164663066,0.00390237290412,1.21806197743,3.65002106852,-1.18195789096,map_000000064.png
-3.23877014478,4.54824582237,-0.787311135253,0.34988706686,-0.00889018433385,0.00229214061983,1.21806197743,3.65002106852,-1.18195789096,map_000000065.png
-3.21470839102,4.52284865488,-0.786991671216,0.349907873398,-0.00802963684753,0.00115703127813,1.21806197743,3.65002106852,-1.18195789096,map_000000066.png
-3.1906354788,4.49746212219,-0.786785476217,0.349941169166,-0.00641662345194,0.000678819604218,1.21806197743,3.65002106852,-1.18195789096,map_000000067.png
-3.16650562959,4.47212971431,-0.786672631305,0.349941169166,-0.00641662345194,0.000678819604218,1.21806197743,3.65002106852,-1.18195789096,map_000000068.png
-3.14139589596,4.44577522928,-0.786555503795,0.34993849731,-0.00656071902435,0.000679644290358,1.21806197743,3.65002106852,-1.18195789096,map_000000069.png
-3.11715692118,4.42054725056,-0.786487982176,0.34998382295,-0.00336431376042,0.00015231105499,1.21806197743,3.65002106852,-1.18195789096,map_000000070.png
-3.0927852412,4.39544794639,-0.786451286693,0.349999789637,-0.000377077775225,-0.000161118106917,1.21806197743,3.65002106852,-1.18195789096,map_000000071.png
-3.06822697786,4.3705311033,-0.786449813358,0.349999719791,-0.000437126772347,-0.000160574330948,1.21806197743,3.65002106852,-1.18195789096,map_000000072.png
-3.04255653129,4.34474954322,-0.786467494439,0.349999621997,0.00050944618437,-0.000253518810496,1.21806197743,3.65002106852,-1.18195789096,map_000000073.png
-3.01787561414,4.31995375368,-0.7864842456,0.349998657199,0.000966898564744,-0.000255216029473,1.21806197743,3.65002106852,-1.18195789096,map_000000074.png
-2.99312818895,4.29522434012,-0.786510488866,0.349998657199,0.000966898564744,-0.000255216029473,1.21806197743,3.65002106852,-1.18195789096,map_000000075.png
-2.96835557086,4.27052017201,-0.786536513682,0.349997939645,0.00119882355504,-0.000257091713138,1.21806197743,3.65002106852,-1.18195789096,map_000000076.png
-2.94256698704,4.24483453111,-0.786563798328,0.349998204921,0.00111869828876,-0.000308768590912,1.21806197743,3.65002106852,-1.18195789096,map_000000077.png
-2.91777512511,4.22014966854,-0.786592535004,0.349998607073,0.00098487581828,-0.00026923767291,1.21806197743,3.65002106852,-1.18195789096,map_000000078.png
-2.89298890526,4.19545914108,-0.786623127515,0.349999165957,0.000760764952784,-0.000392044894397,1.21806197743,3.65002106852,-1.18195789096,map_000000079.png
-2.86821135245,4.17075991713,-0.786651025753,0.349999859577,0.000305335326997,-0.000602244865149,1.21806197743,3.65002106852,-1.18195789096,map_000000080.png
-2.84245256629,4.14508114122,-0.786679838425,0.349999859577,0.000305335326997,-0.000602244865149,1.21806197743,3.65002106852,-1.18195789096,map_000000081.png
-2.81771052368,4.12033252257,-0.786734624826,0.349999968907,0.00012922335435,-0.000560002517886,1.21806197743,3.65002106852,-1.18195789096,map_000000082.png
-2.79298838121,4.09557287858,-0.786790674394,0.349999942635,-0.000187321095143,-0.0010686411988,1.21806197743,3.65002106852,-1.18195789096,map_000000083.png
-2.76829231345,4.0708095882,-0.786863208541,0.349999893664,-0.000263379922066,-0.000986222410575,1.21806197743,3.65002106852,-1.18195789096,map_000000084.png
-2.74261758159,4.04502902296,-0.786970899646,0.349999569152,-0.000544542652158,-0.00191995839123,1.21806197743,3.65002106852,-1.18195789096,map_000000085.png
-2.71792767258,4.02022309196,-0.787066849176,0.349998542113,-0.00100769664693,-0.00352981267497,1.21806197743,3.65002106852,-1.18195789096,map_000000086.png
-2.69327142227,3.9954071039,-0.787251440701,0.349998542113,-0.00100769664693,-0.00352981267497,1.21806197743,3.65002106852,-1.18195789096,map_000000087.png
-2.66865029793,3.97056510312,-0.78756025251,0.349998416408,-0.00105045010946,-0.00338646955788,1.21806197743,3.65002106852,-1.18195789096,map_000000088.png
-2.64403040187,3.94568907241,-0.787900154726,0.349995095885,-0.00185142919898,-0.00658849347383,1.21806197743,3.65002106852,-1.18195789096,map_000000089.png
-2.61846601515,3.91979749956,-0.78835979575,0.349995188258,-0.00183388382549,-0.00612687598914,1.21806197743,3.65002106852,-1.18195789096,map_000000090.png
-2.59393789911,3.89485488566,-0.788999711809,0.349984125942,-0.00333264494753,-0.0120754400268,1.21806197743,3.65002106852,-1.18195789096,map_000000091.png
-2.56941978398,3.86989323091,-0.789601144377,0.349984125942,-0.00333264494753,-0.0120754400268,1.21806197743,3.65002106852,-1.18195789096,map_000000092.png
-2.54502892862,3.84482943677,-0.790741321293,0.349943217874,-0.0063039033439,-0.0224907808006,1.21806197743,3.65002106852,-1.18195789096,map_000000093.png
-2.5198579378,3.81855768727,-0.792753639419,0.349935097479,-0.00673962059918,-0.0215955283493,1.21806197743,3.65002106852,-1.18195789096,map_000000094.png
-2.49577492611,3.79316270697,-0.794915195433,0.349784411725,-0.0122825179612,-0.042660780251,1.21806197743,3.65002106852,-1.18195789096,map_000000095.png
-2.47190679192,3.76760331786,-0.797700272675,0.349778048089,-0.0124624238567,-0.0396559163928,1.21806197743,3.65002106852,-1.18195789096,map_000000096.png
-2.44838394627,3.74169007405,-0.801856777605,0.349868405056,-0.00959656589047,-0.0268343333155,1.21806197743,3.65002106852,-1.18195789096,map_000000097.png
-2.42405431707,3.71463710721,-0.805909057808,0.349868405056,-0.00959656589047,-0.0268343333155,1.21806197743,3.65002106852,-1.18195789096,map_000000098.png
-2.40056234072,3.68872981972,-0.808595247344,0.348823227331,0.0286766631219,0.120085574687,1.21806197743,3.65002106852,-1.18195789096,map_000000099.png
-2.37516737723,3.66473519249,-0.80083158495,0.347868093215,0.0385718116834,0.126204639673,1.21806197743,3.65002106852,-1.18195789096,map_000000100.png
-2.34844738552,3.64215445659,-0.788710599313,0.325984514433,0.0966131520148,0.338495582342,1.21806197743,3.65002106852,-1.18195789096,map_000000101.png
-2.31918710732,3.62143690121,-0.76828955805,0.320169642668,0.105338036668,0.32696351409,1.21806197743,3.65002106852,-1.18195789096,map_000000102.png
-2.28900513715,3.60612236645,-0.735142113143,0.285888274153,0.158465145431,0.482771337032,1.21806197743,3.65002106852,-1.18195789096,map_000000103.png
-2.25819652487,3.59271687027,-0.702989379175,0.285888274153,0.158465145431,0.482771337032,1.21806197743,3.65002106852,-1.18195789096,map_000000104.png
-2.22637380318,3.58617014866,-0.656747348076,0.27237086604,0.173630217573,0.541915237904,1.21806197743,3.65002106852,-1.18195789096,map_000000105.png
-2.19311905503,3.58295544678,-0.60319077391,0.274881886774,0.172677777886,0.517470300198,1.21806197743,3.65002106852,-1.18195789096,map_000000106.png
-2.16103270989,3.58211661425,-0.550956931836,0.291484932486,0.152917116712,0.448280066252,1.21806197743,3.65002106852,-1.18195789096,map_000000107.png
-2.12871063427,3.58209956104,-0.501984319419,0.288831788752,0.150085258305,0.504362881184,1.21806197743,3.65002106852,-1.18195789096,map_000000108.png
-2.09602850084,3.58177889304,-0.457465326934,0.3058881455,0.118142244519,0.467844098806,1.21806197743,3.65002106852,-1.18195789096,map_000000109.png
-2.06243994242,3.5829201462,-0.405882113958,0.3058881455,0.118142244519,0.467844098806,1.21806197743,3.65002106852,-1.18195789096,map_000000110.png
-2.02986256924,3.58229768256,-0.359596937424,0.301597708312,0.118677439556,0.526078462601,1.21806197743,3.65002106852,-1.18195789096,map_000000111.png
-1.99751954411,3.58302613473,-0.309702498399,0.315018112114,0.0954934523277,0.448879033327,1.21806197743,3.65002106852,-1.18195789096,map_000000112.png
-1.96506942146,3.58423127994,-0.261615549501,0.317327213917,0.0897204924623,0.439969182014,1.21806197743,3.65002106852,-1.18195789096,map_000000113.png
-1.93228534939,3.58542993723,-0.217719116402,0.330963324309,0.0594983548366,0.340959906578,1.21806197743,3.65002106852,-1.18195789096,map_000000114.png
-1.89812588477,3.58746208336,-0.173512381965,0.331557049461,0.0561047440072,0.341049671173,1.21806197743,3.65002106852,-1.18195789096,map_000000115.png
-1.86457732476,3.58783875101,-0.139984471558,0.331557049461,0.0561047440072,0.341049671173,1.21806197743,3.65002106852,-1.18195789096,map_000000116.png
-1.83103621003,3.58903678314,-0.106448126765,0.339087837274,0.0368758722066,0.26760545373,1.21806197743,3.65002106852,-1.18195789096,map_000000117.png
-1.79717438927,3.59003542309,-0.0775382804791,0.343461819289,0.0251341318997,0.2174025774,1.21806197743,3.65002106852,-1.18195789096,map_000000118.png
-1.76158262047,3.59075386069,-0.0525462269671,0.348612356952,0.00758374262632,0.151584029198,1.21806197743,3.65002106852,-1.18195789096,map_000000119.png
-1.72705572472,3.59112125342,-0.0329833790748,0.349583109239,-0.0170776072209,0.0679949074984,1.21806197743,3.65002106852,-1.18195789096,map_000000120.png
-1.69221070492,3.59074879881,-0.0184050848025,0.349000255196,-0.026435143406,0.0357188656926,1.21806197743,3.65002106852,-1.18195789096,map_000000121.png
-1.65730672842,3.58843742735,-0.0117260049647,0.349000255196,-0.026435143406,0.0357188656926,1.21806197743,3.65002106852,-1.18195789096,map_000000122.png
-1.62102278048,3.58545431318,-0.00756676830488,0.34863346562,-0.0308982456336,0.0181636810303,1.21806197743,3.65002106852,-1.18195789096,map_000000123.png
-1.58618929937,3.5822770332,-0.00522525632991,0.348748854388,-0.0295674059826,0.00815082434565,1.21806197743,3.65002106852,-1.18195789096,map_000000124.png
-1.55134951708,3.57907876447,-0.00387402768437,0.348711793469,-0.0300013337919,0.00815324857831,1.21806197743,3.65002106852,-1.18195789096,map_000000125.png
-1.5165116242,3.57597378392,-0.00307865015672,0.349776504431,-0.0125056739711,0.00728283589706,1.21806197743,3.65002106852,-1.18195789096,map_000000126.png
-1.48025201373,3.57289986874,-0.00224817938576,0.349927396863,-0.00712824371588,0.00472619244829,1.21806197743,3.65002106852,-1.18195789096,map_000000127.png
-1.44528329685,3.57156714935,-0.00153781160782,0.349927396863,-0.00712824371588,0.00472619244829,1.21806197743,3.65002106852,-1.18195789096,map_000000128.png
-1.41031919108,3.57072833964,-0.0010300707363,0.349924819399,-0.00725366820893,0.00472747208551,1.21806197743,3.65002106852,-1.18195789096,map_000000129.png
-1.37534334386,3.56997609815,-0.000566575857203,0.349993598081,-0.00211571165692,0.00134045863524,1.21806197743,3.65002106852,-1.18195789096,map_000000130.png
-1.33896233532,3.56945389614,-0.000243375053987,0.348336498084,0.0340834129181,0.113398879766,1.21806197743,3.65002106852,-1.18195789096,map_000000131.png
-1.30402815649,3.57022927809,0.002971138536,0.349999403317,0.00064234823612,-0.0379089415073,1.21806197743,3.65002106852,-1.18195789096,map_000000132.png
-1.26923908993,3.57368085817,0.0135200152498,0.349979098134,0.00382436962416,-0.0140244578943,1.21806197743,3.65002106852,-1.18195789096,map_000000133.png
-1.23424582279,3.57420157431,0.00979691231595,0.349979098134,0.00382436962416,-0.0140244578943,1.21806197743,3.65002106852,-1.18195789096,map_000000134.png
-1.19786919295,3.57488441635,0.00798330547612,0.349978359667,0.00389136198709,-0.0140294507146,1.21806197743,3.65002106852,-1.18195789096,map_000000135.png
-1.1628823193,3.57553078708,0.00659578003036,0.349903629796,-0.00821247766881,-0.0338240377605,1.21806197743,3.65002106852,-1.18195789096,map_000000136.png
-1.12791440486,3.57561986534,0.00435980599549,0.34985893382,-0.00993586229757,-0.0250104703009,1.21806197743,3.65002106852,-1.18195789096,map_000000137.png
-1.09292999859,3.57487541228,0.00123335978092,0.349835489276,-0.0107296494027,-0.0165976732969,1.21806197743,3.65002106852,-1.18195789096,map_000000138.png
-1.05656227278,3.57386390193,-0.00129526800412,0.349938726936,-0.00654845967191,-0.00745969824493,1.21806197743,3.65002106852,-1.18195789096,map_000000139.png
-1.02160744843,3.57274388567,-0.00292671911708,0.349938726936,-0.00654845967191,-0.00745969824493,1.21806197743,3.65002106852,-1.18195789096,map_000000140.png
-0.986625030949,3.57190225263,-0.00381196917182,0.349936953609,-0.00664254712769,-0.00277281762101,1.21806197743,3.65002106852,-1.18195789096,map_000000141.png
-0.951660634791,3.57111287123,-0.0042690197028,0.349985349793,0.00320154086577,0.0199376158416,1.21806197743,3.65002106852,-1.18195789096,map_000000142.png
-0.916673996078,3.57067902685,-0.00365674697811,0.349625590263,0.0161846089399,0.0486188195646,1.21806197743,3.65002106852,-1.18195789096,map_000000143.png
-0.880300311682,3.5712024713,-0.000944577007501,0.349623555765,0.0162284992536,0.0486347228289,1.21806197743,3.65002106852,-1.18195789096,map_000000144.png
-0.845363018165,3.57283051676,0.00383822803267,0.343498191713,0.0534260229903,0.168061643839,1.21806197743,3.65002106852,-1.18195789096,map_000000145.png
-0.8104344927,3.574611625,0.00861394184234,0.343498191713,0.0534260229903,0.168061643839,1.21806197743,3.65002106852,-1.18195789096,map_000000146.png
-0.776039169454,3.57957970445,0.0227942171298,0.343472631474,0.0535901023633,0.168117344379,1.21806197743,3.65002106852,-1.18195789096,map_000000147.png
-0.740516644544,3.58608481441,0.039982473249,0.340470755469,0.0663151375758,0.17983032763,1.21806197743,3.65002106852,-1.18195789096,map_000000148.png
-0.70661913084,3.5934217226,0.0569729760305,0.345398049452,0.0550648211032,0.135740727186,1.21806197743,3.65002106852,-1.18195789096,map_000000149.png
-0.672966854759,3.60188205452,0.0737871016721,0.349055055088,0.0257014289661,0.0328176803887,1.21806197743,3.65002106852,-1.18195789096,map_000000150.png
-0.638974633802,3.60999863001,0.0871288492298,0.349055055088,0.0257014289661,0.0328176803887,1.21806197743,3.65002106852,-1.18195789096,map_000000151.png
-0.638974633802,3.60999863001,0.0871288492298,0.349399263537,-0.0204975504291,-0.0598021745682,1.21806197743,3.65002106852,-1.18195789096,map_000000152.png
-0.568226020957,3.61801917512,0.0868307626227,0.349392503685,-0.0206124550229,-0.0598225183785,1.21806197743,3.65002106852,-1.18195789096,map_000000153.png
-0.568226020957,3.61801917512,0.0868307626227,0.349392503685,-0.0206124550229,-0.0598225183785,1.21806197743,3.65002106852,-1.18195789096,map_000000154.png
-0.533255467238,3.61895798017,0.0809507376667,0.344392025192,-0.0624029479886,-0.114530131221,1.21806197743,3.65002106852,-1.18195789096,map_000000155.png
-0.498329434326,3.6183672694,0.0733546815682,0.34474927646,-0.0603981068711,-0.104658901691,1.21806197743,3.65002106852,-1.18195789096,map_000000156.png
-0.462126221633,3.61487912588,0.0621636521917,0.344667963179,-0.0608604148164,-0.104694150388,1.21806197743,3.65002106852,-1.18195789096,map_000000157.png
-0.427408223727,3.6107121709,0.0509033992623,0.344667963179,-0.0608604148164,-0.104694150388,1.21806197743,3.65002106852,-1.18195789096,map_000000158.png
-0.392712698026,3.60634528279,0.0405360646384,0.344667963179,-0.0608604148164,-0.104694150388,1.21806197743,3.65002106852,-1.18195789096,map_000000159.png
-0.321880193157,3.59819284835,0.0220745426172,0.348979058464,-0.0267135113201,-0.0585778355598,1.21806197743,3.65002106852,-1.18195789096,map_000000160.png
-0.321880193157,3.59819284835,0.0220745426172,0.348979058464,-0.0267135113201,-0.0585778355598,1.21806197743,3.65002106852,-1.18195789096,map_000000161.png
-0.286951234188,3.59626236389,0.0163173730015,0.349974676546,-0.00420959741785,-0.0314986631274,1.21806197743,3.65002106852,-1.18195789096,map_000000162.png
-0.25202763452,3.59427481731,0.0107407450557,0.349974676546,-0.00420959741785,-0.0314986631274,1.21806197743,3.65002106852,-1.18195789096,map_000000163.png
-0.217057619333,3.59324599241,0.00649668819748,0.349974676546,-0.00420959741785,-0.0314986631274,1.21806197743,3.65002106852,-1.18195789096,map_000000164.png
-0.180673756851,3.5929410176,0.00318432845002,0.349996036212,0.00166420238615,-0.0231877416372,1.21806197743,3.65002106852,-1.18195789096,map_000000165.png
-0.145696843094,3.59304308909,0.000679549914095,0.349754286669,0.0131123564038,-0.00376511737704,1.21806197743,3.65002106852,-1.18195789096,map_000000166.png
-0.110714105601,3.59380137576,-0.000612617484396,0.349721746461,0.0139533145201,-6.08454574831e-05,1.21806197743,3.65002106852,-1.18195789096,map_000000167.png
-0.0757639233633,3.59512364137,-0.000863124591134,0.349756054087,0.0130651277424,0.00187708484009,1.21806197743,3.65002106852,-1.18195789096,map_000000168.png
-0.040806422363,3.59648083602,-0.000855038418916,0.349837679234,0.0106580073922,0.00222372636199,1.21806197743,3.65002106852,-1.18195789096,map_000000169.png
-0.00444500800276,3.59781126345,-0.000663514800874,0.349837679234,0.0106580073922,0.00222372636199,1.21806197743,3.65002106852,-1.18195789096,map_000000170.png
0.0305206009793,3.59887213995,-0.000449735915719,0.34990719057,0.00805933750197,0.00219313148409,1.21806197743,3.65002106852,-1.18195789096,map_000000171.png
0.0655029759706,3.59973737129,-0.000238979947759,0.349984366036,0.00330733484902,0.00157037761528,1.21806197743,3.65002106852,-1.18195789096,map_000000172.png
0.100472300966,3.60031749232,-4.97574589183e-05,0.349984098792,0.00333549490077,0.00157060008496,1.21806197743,3.65002106852,-1.18195789096,map_000000173.png
0.13684415553,3.60065176138,0.000104599433704,0.349999846382,0.000320103258623,0.000924029794987,1.21806197743,3.65002106852,-1.18195789096,map_000000174.png
0.17183878716,3.60096567304,0.000256043828644,0.349999748998,-0.000413079585691,0.000692501314916,1.21806197743,3.65002106852,-1.18195789096,map_000000175.png
0.206820652842,3.60100530494,0.000344682757918,0.349999748998,-0.000413079585691,0.000692501314916,1.21806197743,3.65002106852,-1.18195789096,map_000000176.png
0.241814216688,3.60097610578,0.000409560348482,0.349998129259,-0.00114212476671,0.000415968417656,1.21806197743,3.65002106852,-1.18195789096,map_000000177.png
0.278188020811,3.60090544818,0.000463745046397,0.349997566914,-0.00130310713116,0.000193778425455,1.21806197743,3.65002106852,-1.18195789096,map_000000178.png
0.313162231822,3.60078952849,0.000487131527802,0.349997572013,-0.00130173668985,9.62255289778e-05,1.21806197743,3.65002106852,-1.18195789096,map_000000179.png
0.348158132465,3.60068835479,0.000507997775863,0.349997733115,-0.00125767573328,-0.00014858978102,1.21806197743,3.65002106852,-1.18195789096,map_000000180.png
0.383139859051,3.60057448921,0.000513364414116,0.349998106301,-0.00114913844098,-0.000484468881041,1.21806197743,3.65002106852,-1.18195789096,map_000000181.png
0.41952332398,3.60046221005,0.000496543127498,0.349998106301,-0.00114913844098,-0.000484468881041,1.21806197743,3.65002106852,-1.18195789096,map_000000182.png
0.45450702874,3.6003631245,0.000451630724879,0.356843638864,-0.000991021018193,-0.00107828364708,1.21806197743,3.65002106852,-1.18195789096,map_000000183.png
0.489946523926,3.60026465326,0.000357989475656,0.346843337608,-0.00108478938845,-0.00207387679256,1.21806197743,3.65002106852,-1.18195789096,map_000000184.png
0.525146875827,3.60018485354,0.000209524359679,0.336842112085,-0.00140374944307,-0.00388795370236,1.21806197743,3.65002106852,-1.18195789096,map_000000185.png
0.560889671543,3.60005684707,-6.64125096646e-05,0.326842249374,-0.00135195080865,-0.00374908791855,1.21806197743,3.65002106852,-1.18195789096,map_000000186.png
0.594469240843,3.59992157453,-0.000444596605834,0.31683763432,-0.00216918680084,-0.00699453335255,1.21806197743,3.65002106852,-1.18195789096,map_000000187.png
0.627138296006,3.5997696387,-0.000814403378428,0.31683763432,-0.00216918680084,-0.00699453335255,1.21806197743,3.65002106852,-1.18195789096,map_000000188.png
0.658926807107,3.59953350048,-0.00146720399679,0.296821765738,-0.00372059468105,-0.0124121690169,1.21806197743,3.65002106852,-1.18195789096,map_000000189.png
0.69042095725,3.59914605886,-0.00256966404133,0.286770678128,-0.00653337650804,-0.0236489437521,1.21806197743,3.65002106852,-1.18195789096,map_000000190.png
0.719574331764,3.598539906,-0.00437222747714,0.276622036823,-0.0111110270826,-0.0444206446409,1.21806197743,3.65002106852,-1.18195789096,map_000000191.png
0.747939212735,3.59763870144,-0.00726851282802,0.266585127504,-0.0117761918724,-0.0427820496261,1.21806197743,3.65002106852,-1.18195789096,map_000000192.png
0.775506503778,3.59629700879,-0.0116313953466,0.246037531261,-0.0199510102968,-0.0758822783828,1.21806197743,3.65002106852,-1.18195789096,map_000000193.png
0.802124451196,3.59480643127,-0.0158361925278,0.246037531261,-0.0199510102968,-0.0758822783828,1.21806197743,3.65002106852,-1.18195789096,map_000000194.png
0.827904967923,3.59240657289,-0.0232082757088,0.234515650653,-0.0331362860347,-0.143224671483,1.21806197743,3.65002106852,-1.18195789096,map_000000195.png
0.851578128812,3.58890552298,-0.0354390128722,0.223868616924,-0.0366270917211,-0.153605058789,1.21806197743,3.65002106852,-1.18195789096,map_000000196.png
0.874347291867,3.58460347378,-0.0500103695444,0.213916754292,-0.0355164370001,-0.142598375678,1.21806197743,3.65002106852,-1.18195789096,map_000000197.png
0.896222001814,3.57984831127,-0.0648154586779,0.205240943636,-0.0257108358109,-0.0869269669056,1.21806197743,3.65002106852,-1.18195789096,map_000000198.png
0.918051728376,3.57484782685,-0.0787312875025,0.186591971243,-0.00972220077726,-0.0429133884609,1.21806197743,3.65002106852,-1.18195789096,map_000000199.png
0.938291112688,3.57067087394,-0.0872784760246,0.186591971243,-0.00972220077726,-0.0429133884609,1.21806197743,3.65002106852,-1.18195789096,map_000000200.png
0.95706051885,3.56777584771,-0.0921992757007,0.176335997109,0.0134088397362,0.079382032156,1.21806197743,3.65002106852,-1.18195789096,map_000000201.png
0.974981098405,3.56670273459,-0.0882382226661,0.165438570917,0.0216184114066,0.0922290757298,1.21806197743,3.65002106852,-1.18195789096,map_000000202.png
0.992868910415,3.56690187097,-0.0795147898195,0.152589290812,0.036288867586,0.18500803411,1.21806197743,3.65002106852,-1.18195789096,map_000000203.png
1.00918339958,3.56814384607,-0.0678922914719,0.141876044522,0.0378768841714,0.179127916694,1.21806197743,3.65002106852,-1.18195789096,map_000000204.png
1.02452896628,3.57070972305,-0.049745632616,0.119595326269,0.0422684819851,0.252000749111,1.21806197743,3.65002106852,-1.18195789096,map_000000205.png
1.0388392451,3.57372665322,-0.032138131081,0.119595326269,0.0422684819851,0.252000749111,1.21806197743,3.65002106852,-1.18195789096,map_000000206.png
1.05171741099,3.57755223182,-0.00751036130685,0.110879511439,0.0368578232562,0.224864453077,1.21806197743,3.65002106852,-1.18195789096,map_000000207.png
1.06303940463,3.58120140146,0.0153438634223,0.107273911455,0.0313940411725,0.198527872562,1.21806197743,3.65002106852,-1.18195789096,map_000000208.png
1.07385726086,3.58470897687,0.0362152114213,0.0961283327781,0.0334238789536,0.319647520781,1.21806197743,3.65002106852,-1.18195789096,map_000000209.png
1.084112726,3.58815014219,0.0590674904329,0.0879725810741,0.0270700051908,0.285472363234,1.21806197743,3.65002106852,-1.18195789096,map_000000210.png
1.09375748,3.59197533502,0.091355474223,0.0907895106763,0.0185538949083,0.220066040754,1.21806197743,3.65002106852,-1.18195789096,map_000000211.png
1.10223926748,3.59531071612,0.119422490821,0.0907895106763,0.0185538949083,0.220066040754,1.21806197743,3.65002106852,-1.18195789096,map_000000212.png
1.11097697512,3.59821433176,0.141833091272,0.0923255031232,0.0121827178639,0.171706974506,1.21806197743,3.65002106852,-1.18195789096,map_000000213.png
1.11987363177,3.60083651132,0.160241773464,0.0804995476232,0.0207297879559,0.387936651707,1.21806197743,3.65002106852,-1.18195789096,map_000000214.png
1.12847901754,3.60377781823,0.188857338738,0.070983213593,0.0175718086499,0.354449599981,1.21806197743,3.65002106852,-1.18195789096,map_000000215.png
1.13575205855,3.6069581089,0.226077900523,0.0706183934035,0.0165889543964,0.284139245749,1.21806197743,3.65002106852,-1.18195789096,map_000000216.png
1.14230257551,3.61004884682,0.260380305827,0.071569459838,0.0134632149322,0.228402525187,1.21806197743,3.65002106852,-1.18195789096,map_000000217.png
1.14872220993,3.61329574983,0.288319281142,0.071569459838,0.0134632149322,0.228402525187,1.21806197743,3.65002106852,-1.18195789096,map_000000218.png
1.15518732673,3.61651571379,0.311652268181,0.0723812024543,0.0101295504729,0.177024409175,1.21806197743,3.65002106852,-1.18195789096,map_000000219.png
1.16199542534,3.61983022632,0.331578228427,0.0729818418695,0.00681994808748,0.135174304247,1.21806197743,3.65002106852,-1.18195789096,map_000000220.png
1.16860485071,3.62292249683,0.347172633151,0.0592510509418,0.022275062214,-1.0,1.21806197743,3.65002106852,-1.18195789096,map_000000221.png
1.17475624311,3.62640216203,0.333659246731,0.0450758296426,0.021637230853,-1.0,1.21806197743,3.65002106852,-1.18195789096,map_000000222.png
1.17948510865,3.63111168915,0.235327855915,0.0439472345624,0.0238461894497,-1.0,1.21806197743,3.65002106852,-1.18195789096,map_000000223.png
1.1834791628,3.63516412698,0.133063270946,0.0439472345624,0.0238461894497,-1.0,1.21806197743,3.65002106852,-1.18195789096,map_000000224.png
1.18760102935,3.63879554762,0.0347147955241,0.0424293737959,0.0264527581972,-1.0,1.21806197743,3.65002106852,-1.18195789096,map_000000225.png
1.1919388453,3.6422576378,-0.0636109554316,0.0405413417806,0.0292643090398,-1.0,1.21806197743,3.65002106852,-1.18195789096,map_000000226.png
1.19646360897,3.64546270714,-0.161960008116,0.0380666531064,0.0324180520425,-1.0,1.21806197743,3.65002106852,-1.18195789096,map_000000227.png
1.20137724648,3.64859435785,-0.264236357331,0.0311077103044,0.0391447382999,-1.0,1.21806197743,3.65002106852,-1.18195789096,map_000000228.png
1.20626889457,3.65146487392,-0.362566040437,0.0,0.0,-1.0,1.21806197743,3.65002106852,-1.18195789096,map_000000229.png
1.21104690957,3.65466416672,-0.46091406162,0.0,0.0,-1.0,1.21806197743,3.65002106852,-1.18195789096,map_000000230.png
1.212431584,3.65592816477,-0.559240555849,0.0,0.0,-1.0,1.21806197743,3.65002106852,-1.18195789096,map_000000231.png
1.21298279953,3.65672803966,-0.661518198874,0.0,0.0,-1.0,1.21806197743,3.65002106852,-1.18195789096,map_000000232.png
1.21358706295,3.65743422646,-0.759864875626,0.0,0.0,-0.779619693756,1.21806197743,3.65002106852,-1.18195789096,map_000000233.png
1.21425090023,3.65807492713,-0.85298923597,0.0,0.0,-0.779879927635,1.21806197743,3.65002106852,-1.18195789096,map_000000234.png
1.2148235691,3.6585424982,-0.929653397474,0.0,0.0,-0.632620215416,1.21806197743,3.65002106852,-1.18195789096,map_000000235.png
1.21547308703,3.6589778749,-1.00940066493,0.0,0.0,-0.632620215416,1.21806197743,3.65002106852,-1.18195789096,map_000000236.png
1.21600045679,3.65929801272,-1.07392541707,0.0,0.0,-0.378148406744,1.21806197743,3.65002106852,-1.18195789096,map_000000237.png
1.21639726539,3.65950163831,-1.12112207753,0.0,0.0,-0.258653670549,1.21806197743,3.65002106852,-1.18195789096,map_000000238.png
1.21668654105,3.65963595526,-1.15360293979,0.0,0.0,-0.162039101124,1.21806197743,3.65002106852,-1.18195789096,map_000000239.png
1.21689959426,3.65972751516,-1.17777407529,0.0,0.0,-0.0912981182337,1.21806197743,3.65002106852,-1.18195789096,map_000000240.png
1.21703718862,3.65978339866,-1.1934303479,0.0,0.0,0.0,1.21806197743,3.65002106852,-1.18195789096,map_000000241.png
