-3.48164064384,5.30618367578,0.790775617241,0.0,0.0,0.0,0.562322312088,4.47294097371,-2.49936488632,map_000000001.png
-3.48164062352,5.30618366234,0.790775762162,0.0,0.0,0.0,0.562322312088,4.47294097371,-2.49936488632,map_000000002.png
-3.48163094346,5.30617399795,0.790769031554,0.0,0.0,0.0,0.562322312088,4.47294097371,-2.49936488632,map_000000003.png
-3.48163092747,5.30617399069,0.790769248458,0.0,0.0,0.0,0.562322312088,4.47294097371,-2.49936488632,map_000000004.png
-3.48163091208,5.30617398406,0.790769060033,0.0325553124644,-0.050399918664,-1.0,0.562322312088,4.47294097371,-2.49936488632,map_000000005.png
-3.47890914479,5.30578833549,0.739615900202,0.0395893594872,-0.0577293917646,-1.0,0.562322312088,4.47294097371,-2.49936488632,map_000000006.png
-3.47323126032,5.30460778556,0.637344678974,0.0465949560929,-0.0650300692374,-1.0,0.562322312088,4.47294097371,-2.49936488632,map_000000007.png
-3.46711252366,5.3027730175,0.539014608984,0.0741641280761,-0.0670796612385,-0.942906677723,0.562322312088,4.47294097371,-2.49936488632,map_000000008.png
-3.46037814629,5.30005944716,0.440668088014,0.0741641280761,-0.0670796612385,-0.942906677723,0.562322312088,4.47294097371,-2.49936488632,map_000000009.png
-3.45151464932,5.29749392269,0.347504968156,0.0910577974547,-0.0617128478883,-0.795730173588,0.562322312088,4.47294097371,-2.49936488632,map_000000010.png
-3.4412213261,5.29471756222,0.262083594507,0.108163826434,-0.0519671486725,-0.648479938507,0.562322312088,4.47294097371,-2.49936488632,map_000000011.png
-3.43029399896,5.29213001197,0.191939345662,0.123615522319,-0.0402393075604,-0.508955538273,0.562322312088,4.47294097371,-2.49936488632,map_000000012.png
-3.41838968625,5.28981510346,0.133116968605,0.137441830974,-0.0266410084439,-0.380997121334,0.562322312088,4.47294097371,-2.49936488632,map_000000013.png
-3.40556859638,5.28780301046,0.0845799847114,0.15999525574,-0.00123337714034,-0.187774211168,0.562322312088,4.47294097371,-2.49936488632,map_000000014.png
-3.39115337746,5.28634566952,0.0456136427254,0.15999525574,-0.00123337714034,-0.187774211168,0.562322312088,4.47294097371,-2.49936488632,map_000000015.png
-3.37525876583,5.28688456115,0.0263934017439,0.169706191554,0.0099906692333,-0.115035295486,0.562322312088,4.47294097371,-2.49936488632,map_000000016.png
-3.35855090824,5.28805907645,0.0133635504402,0.178954615502,0.0193714708154,-0.0566277243197,0.562322312088,4.47294097371,-2.49936488632,map_000000017.png
-3.34111874666,5.28977596346,0.00526909988147,0.18874509223,0.0218014099984,-0.027820168063,0.562322312088,4.47294097371,-2.49936488632,map_000000018.png
-3.32290959182,5.29187828538,0.000604525422057,0.198775320415,0.0220994570256,-0.00828858837485,0.562322312088,4.47294097371,-2.49936488632,map_000000019.png
-3.30312750263,5.29415893571,-0.00193555278449,0.219299953313,0.0175370704799,0.0108413137496,0.562322312088,4.47294097371,-2.49936488632,map_000000020.png
-3.28326390177,5.29633875389,-0.00274860231541,0.219299953313,0.0175370704799,0.0108413137496,0.562322312088,4.47294097371,-2.49936488632,map_000000021.png
-3.26149499375,5.29805835838,-0.00184027030128,0.229588328424,0.0137558427487,0.0146511290222,0.562322312088,4.47294097371,-2.49936488632,map_000000022.png
-3.23884266148,5.29950755543,-0.00050277535305,0.239801627874,0.00975727198723,0.0158729497343,0.562322312088,4.47294097371,-2.49936488632,map_000000023.png
-3.21440548645,5.30070444851,0.00105977259147,0.249922907556,0.00621048156008,0.0145118273795,0.562322312088,4.47294097371,-2.49936488632,map_000000024.png
-3.19010528491,5.30158639589,0.0025703175622,0.269999935002,0.000233848069171,0.0101653067395,0.562322312088,4.47294097371,-2.49936488632,map_000000025.png
-3.16489541573,5.30221359482,0.00394753654707,0.279993026696,-0.00198010926187,0.00790333468467,0.562322312088,4.47294097371,-2.49936488632,map_000000026.png
-3.13789931807,5.30233754519,0.00493982492718,0.279993026696,-0.00198010926187,0.00790333468467,0.562322312088,4.47294097371,-2.49936488632,map_000000027.png
-3.10891327534,5.30230543211,0.00577133446358,0.289976437431,-0.003698810097,0.0058362246491,0.562322312088,4.47294097371,-2.49936488632,map_000000028.png
-3.08021692503,5.30216198936,0.00640288259047,0.299968654986,-0.00433700379297,0.0043538864702,0.562322312088,4.47294097371,-2.49936488632,map_000000029.png
-3.05070232778,5.30194153982,0.00689357069574,0.309968138974,-0.00444469885866,0.00435142219067,0.562322312088,4.47294097371,-2.49936488632,map_000000030.png
-3.02044713817,5.30172504505,0.00732202636244,0.329965275618,-0.00478592941504,0.00216635782272,0.562322312088,4.47294097371,-2.49936488632,map_000000031.png
-2.98798348106,5.30149941661,0.00773746975664,0.339972369095,-0.00433251575047,0.000811854377389,0.562322312088,4.47294097371,-2.49936488632,map_000000032.png
-2.95499054099,5.30126819624,0.00794238622073,0.339972369095,-0.00433251575047,0.000811854377389,0.562322312088,4.47294097371,-2.49936488632,map_000000033.png
-2.92109675767,5.3011108276,0.0080332536077,0.349971691126,-0.00444836963128,0.000808213837445,0.562322312088,4.47294097371,-2.49936488632,map_000000034.png
-2.88642425294,5.30093952824,0.00810432682539,0.349975146045,-0.0041703818317,0.000231917947531,0.562322312088,4.47294097371,-2.49936488632,map_000000035.png
-2.85004205251,5.30078711038,0.0081532724558,0.349982186298,-0.00353046850536,-0.000126425176859,0.562322312088,4.47294097371,-2.49936488632,map_000000036.png
-2.81506860181,5.30068289873,0.00816664908377,0.349985476343,-0.00318767668825,-6.53862953186e-05,0.562322312088,4.47294097371,-2.49936488632,map_000000037.png
-2.78007593368,5.30060894952,0.0081462698702,0.349987938324,-0.00290481691616,-0.000142731703818,0.562322312088,4.47294097371,-2.49936488632,map_000000038.png
-2.74510230557,5.30058454671,0.0081400615019,0.349987938324,-0.00290481691616,-0.000142731703818,0.562322312088,4.47294097371,-2.49936488632,map_000000039.png
-2.70871979523,5.30057510986,0.00812219147208,0.349990230786,-0.00261405589257,0.000149531289935,0.562322312088,4.47294097371,-2.49936488632,map_000000040.png
-2.67372707229,5.30057919084,0.00811929471218,0.34999470928,-0.00192312488131,0.00184298492968,0.562322312088,4.47294097371,-2.49936488632,map_000000041.png
-2.63875348911,5.30064713538,0.00822081076007,0.34999802823,-0.00117267581671,0.00384800601751,0.562322312088,4.47294097371,-2.49936488632,map_000000042.png
-2.60376099732,5.30075513212,0.00844895837166,0.349998000312,-0.00118097899071,0.00384538993239,0.562322312088,4.47294097371,-2.49936488632,map_000000043.png
-2.56737896516,5.30094362914,0.00883816898312,0.349999948565,-0.0001758913957,0.00699852360412,0.562322312088,4.47294097371,-2.49936488632,map_000000044.png
-2.5324058212,5.3011467305,0.00921634813244,0.349999948565,-0.0001758913957,0.00699852360412,0.562322312088,4.47294097371,-2.49936488632,map_000000045.png
-2.4974144319,5.30143425992,0.00985868487677,0.349996535617,0.00155563155494,0.0131409335881,0.562322312088,4.47294097371,-2.49936488632,map_000000046.png
-2.46244379619,5.30189405424,0.010957910959,0.349996540307,0.00155457613768,0.0131414160132,0.562322312088,4.47294097371,-2.49936488632,map_000000047.png
-2.42745554158,5.30243278992,0.0122413942022,0.349834432306,0.0107640562545,0.0468622520566,0.562322312088,4.47294097371,-2.49936488632,map_000000048.png
-2.3911056534,5.30333954476,0.0146424934931,0.349800878433,0.0118042526655,0.045225135982,0.562322312088,4.47294097371,-2.49936488632,map_000000049.png
-2.35614926228,5.3049700915,0.0192534199105,0.349196598489,0.0237008552057,0.0853699818254,0.562322312088,4.47294097371,-2.49936488632,map_000000050.png
-2.32120655198,5.30684594621,0.02369395839,0.349196598489,0.0237008552057,0.0853699818254,0.562322312088,4.47294097371,-2.49936488632,map_000000051.png
-2.28637497738,5.30995706067,0.0316174355271,0.346114705599,0.044255665909,0.158944010735,0.562322312088,4.47294097371,-2.49936488632,map_000000052.png
-2.25045040322,5.31503085934,0.0452657030993,0.340503137471,0.0635762115006,0.197860658169,0.562322312088,4.47294097371,-2.49936488632,map_000000053.png
-2.21645026306,5.32203349573,0.0627317426587,0.340760163786,0.0668935519734,0.18460047245,0.562322312088,4.47294097371,-2.49936488632,map_000000054.png
-2.18295506044,5.33071957762,0.081815004299,0.309378516408,0.134282899234,0.460371524096,0.562322312088,4.47294097371,-2.49936488632,map_000000055.png
-2.14991428262,5.34078554451,0.102138605197,0.30145716609,0.132298117958,0.460520982742,0.562322312088,4.47294097371,-2.49936488632,map_000000056.png
-2.14991428262,5.34078554451,0.102138605197,0.30145716609,0.132298117958,0.460520982742,0.562322312088,4.47294097371,-2.49936488632,map_000000057.png
-2.09207818801,5.37596581582,0.194502462788,0.325373890489,0.0958918031695,0.259162545204,0.562322312088,4.47294097371,-2.49936488632,map_000000058.png
-2.06321665743,5.39285835485,0.226318093524,0.348473206976,0.0326560707003,0.0689749196172,0.562322312088,4.47294097371,-2.49936488632,map_000000059.png
-2.03200915455,5.40696281352,0.242824913748,0.346926512836,-0.0399080301036,-0.130504086614,0.562322312088,4.47294097371,-2.49936488632,map_000000060.png
-2.03200915455,5.40696281352,0.242824913748,0.346926512836,-0.0399080301036,-0.130504086614,0.562322312088,4.47294097371,-2.49936488632,map_000000061.png
-1.99723756271,5.41706855945,0.244385588613,0.317058703202,-0.122075621707,-0.2752148211,0.562322312088,4.47294097371,-2.49936488632,map_000000062.png
-1.96270565114,5.42081129477,0.230413222032,0.317058703202,-0.122075621707,-0.2752148211,0.562322312088,4.47294097371,-2.49936488632,map_000000063.png
-1.92916796945,5.41606363747,0.203359163549,0.303627693928,-0.146438658909,-0.315802514553,0.562322312088,4.47294097371,-2.49936488632,map_000000064.png
-1.89578560821,5.41034742923,0.176298743941,0.304948806785,-0.1441152833,-0.313100725412,0.562322312088,4.47294097371,-2.49936488632,map_000000065.png
-1.86190036082,5.40165019621,0.145439464617,0.304948806785,-0.1441152833,-0.313100725412,0.562322312088,4.47294097371,-2.49936488632,map_000000066.png
-1.82990500751,5.39149497713,0.114510994645,0.328910416403,-0.0995343402723,-0.216183573008,0.562322312088,4.47294097371,-2.49936488632,map_000000067.png
-1.79767423818,5.38160382711,0.0860155579747,0.348288970295,-0.0345657070544,-0.099042147398,0.562322312088,4.47294097371,-2.49936488632,map_000000068.png
-1.76410717319,5.37450945878,0.0650213692572,0.348288970295,-0.0345657070544,-0.099042147398,0.562322312088,4.47294097371,-2.49936488632,map_000000069.png
-1.72823539536,5.36988858309,0.0498080384401,0.348288970295,-0.0345657070544,-0.099042147398,0.562322312088,4.47294097371,-2.49936488632,map_000000070.png
-1.69337486907,5.36772293978,0.0394894267423,0.348279917882,-0.0346567992376,-0.0990790650249,0.562322312088,4.47294097371,-2.49936488632,map_000000071.png
-1.65846403909,5.36556926683,0.0297497651767,0.349932212177,0.00688780188416,-0.0498190112412,0.562322312088,4.47294097371,-2.49936488632,map_000000072.png
-1.62354418769,5.36489522444,0.0221396639153,0.349926488493,0.00717269714134,-0.0498394854367,0.562322312088,4.47294097371,-2.49936488632,map_000000073.png
-1.58858567309,5.36632850184,0.0172407508346,0.349675064212,0.0150779442117,-0.0352504700422,0.562322312088,4.47294097371,-2.49936488632,map_000000074.png
-1.55221499459,5.36768251678,0.0121964087418,0.349536277116,0.0180107166251,-0.028745431453,0.562322312088,4.47294097371,-2.49936488632,map_000000075.png
-1.51727823424,5.36959125619,0.00873050768278,0.349536277116,0.0180107166251,-0.028745431453,0.562322312088,4.47294097371,-2.49936488632,map_000000076.png
-1.48235860134,5.37163691981,0.0058058509721,0.349690448452,0.0147168337334,-0.00509028416127,0.562322312088,4.47294097371,-2.49936488632,map_000000077.png
-1.44741858853,5.37342253233,0.00437398259785,0.34968059839,0.0149490482273,-0.0050958218053,0.562322312088,4.47294097371,-2.49936488632,map_000000078.png
-1.4110722286,5.37511923192,0.00385281996339,0.349853952705,0.0101097334313,0.00760581251234,0.562322312088,4.47294097371,-2.49936488632,map_000000079.png
-1.37612327881,5.37662471147,0.00364931589351,0.349850122203,0.0102414319286,0.00760451052338,0.562322312088,4.47294097371,-2.49936488632,map_000000080.png
-1.34114867775,5.37775948083,0.00439122661004,0.349924051384,0.00729062388675,0.00838495232165,0.562322312088,4.47294097371,-2.49936488632,map_000000081.png
-1.30619403916,5.37895133715,0.00514206221145,0.349924051384,0.00729062388675,0.00838495232165,0.562322312088,4.47294097371,-2.49936488632,map_000000082.png
-1.26983488528,5.3799518076,0.00597805476894,0.349994245941,0.00200567744638,0.00682730600238,0.562322312088,4.47294097371,-2.49936488632,map_000000083.png
-1.23484497786,5.38056928159,0.0067090404303,0.349999600504,-0.000524004684068,0.00569949299097,0.562322312088,4.47294097371,-2.49936488632,map_000000084.png
-1.19986493449,5.38089610893,0.00732931302876,0.349993553217,-0.00212312033519,0.00664675747976,0.562322312088,4.47294097371,-2.49936488632,map_000000085.png
-1.16487188822,5.38106281083,0.0079025110529,0.348519408868,-0.0321592378054,-0.107929840684,0.562322312088,4.47294097371,-2.49936488632,map_000000086.png
-1.12850277235,5.38102847389,0.00813464867276,0.347913463643,-0.0381604081395,-0.10890007019,0.562322312088,4.47294097371,-2.49936488632,map_000000087.png
-1.09364474794,5.37801151583,-0.00248223766886,0.347913463643,-0.0381604081395,-0.10890007019,0.562322312088,4.47294097371,-2.49936488632,map_000000088.png
-1.05888372377,5.3741553397,-0.0131697723036,0.349993617043,-0.0021125724789,0.0225950591266,0.562322312088,4.47294097371,-2.49936488632,map_000000089.png
-1.02403065556,5.37196863524,-0.0161199510055,0.349997726592,0.00125948958061,0.00791761279106,0.562322312088,4.47294097371,-2.49936488632,map_000000090.png
-0.98764226984,5.37134053052,-0.0144407043206,0.349780460639,0.0123945265767,0.023947738111,0.562322312088,4.47294097371,-2.49936488632,map_000000091.png
-0.952651842519,5.37117826915,-0.0133520096827,0.349864811837,0.00972668348963,-0.00093818642199,0.562322312088,4.47294097371,-2.49936488632,map_000000092.png
-0.91768475886,5.37197634947,-0.0109942908087,0.349957519653,-0.00545246478306,-0.0476242043078,0.562322312088,4.47294097371,-2.49936488632,map_000000093.png
-0.882705816695,5.37256334373,-0.011087818039,0.349957519653,-0.00545246478306,-0.0476242043078,0.562322312088,4.47294097371,-2.49936488632,map_000000094.png
-0.846332684864,5.37187886122,-0.0150412412085,0.348350145341,-0.0312809549182,-0.123283818364,0.562322312088,4.47294097371,-2.49936488632,map_000000095.png
-0.811484346353,5.3692346128,-0.02418297216,0.333680407199,-0.0709108903631,-0.254968643188,0.562322312088,4.47294097371,-2.49936488632,map_000000096.png
-0.77742195823,5.36362725246,-0.0414884671525,0.316180837784,-0.106298625187,-0.370522141457,0.562322312088,4.47294097371,-2.49936488632,map_000000097.png
-0.74479548313,5.35447170822,-0.068378601994,0.313459749571,-0.116672839776,-0.356936812401,0.562322312088,4.47294097371,-2.49936488632,map_000000098.png
-0.71418842787,5.3415234805,-0.104812608652,0.294432098772,-0.147535523945,-0.43573307991,0.562322312088,4.47294097371,-2.49936488632,map_000000099.png
-0.682879574665,5.32688412274,-0.142703861901,0.294432098772,-0.147535523945,-0.43573307991,0.562322312088,4.47294097371,-2.49936488632,map_000000100.png
-0.655653077355,5.30855874888,-0.18405864079,0.333485490819,-0.0626974671358,-0.0858603939414,0.562322312088,4.47294097371,-2.49936488632,map_000000101.png
-0.626590395401,5.29270617108,-0.207634444921,0.347992208101,-0.0305208914925,-0.0211406424642,0.562322312088,4.47294097371,-2.49936488632,map_000000102.png
-0.594541907946,5.28066407789,-0.21378581391,0.349829571572,0.0109208876773,0.0408809222281,0.562322312088,4.47294097371,-2.49936488632,map_000000103.png
-0.559656158033,5.27066581633,-0.214727853138,0.346498446301,0.0493844271438,0.107939451933,0.562322312088,4.47294097371,-2.49936488632,map_000000104.png
-0.525251989928,5.26430949414,-0.210709536008,0.337721247005,0.0879318582464,0.157222315669,0.562322312088,4.47294097371,-2.49936488632,map_000000105.png
-0.490369335673,5.26180257604,-0.200364787836,0.337721247005,0.0879318582464,0.157222315669,0.562322312088,4.47294097371,-2.49936488632,map_000000106.png
-0.455561727436,5.26284690659,-0.186066613374,0.33968057992,0.0843628980007,0.122828036547,0.562322312088,4.47294097371,-2.49936488632,map_000000107.png
-0.419338285409,5.26524815869,-0.171883916197,0.346252369218,0.0510812269295,0.00245362799615,0.562322312088,4.47294097371,-2.49936488632,map_000000108.png
-0.384430935126,5.26663357134,-0.164068940789,0.348671700629,0.0304637508211,-0.0189964324236,0.562322312088,4.47294097371,-2.49936488632,map_000000109.png
-0.349467125835,5.26569045534,-0.164165962195,0.293317252554,-0.154197572615,-0.611520707607,0.562322312088,4.47294097371,-2.49936488632,map_000000110.png
-0.314582683206,5.2629849023,-0.166033681821,0.293317252554,-0.154197572615,-0.611520707607,0.562322312088,4.47294097371,-2.49936488632,map_000000111.png
-0.287297932853,5.24262628538,-0.226247518487,0.264849567255,-0.182041302734,-0.611582577229,0.562322312088,4.47294097371,-2.49936488632,map_000000112.png
-0.265322169342,5.21938607776,-0.286387809923,0.210183579261,-0.229738161175,-0.763697624207,0.562322312088,4.47294097371,-2.49936488632,map_000000113.png
-0.249120581964,5.19306529433,-0.354295838721,0.222970418462,-0.220806844704,-0.673634886742,0.562322312088,4.47294097371,-2.49936488632,map_000000114.png
-0.237672645246,5.16456909615,-0.426565298566,0.230935317549,-0.213979580445,-0.658146977425,0.562322312088,4.47294097371,-2.49936488632,map_000000115.png
-0.22661236851,5.13434580757,-0.495208460245,0.294259585759,-0.146248765394,-0.448292165995,0.562322312088,4.47294097371,-2.49936488632,map_000000116.png
-0.217102227738,5.10479589581,-0.559929414492,0.294259585759,-0.146248765394,-0.448292165995,0.562322312088,4.47294097371,-2.49936488632,map_000000117.png
-0.201054400587,5.07659419768,-0.60565462248,0.314915036972,-0.107831113129,-0.38330000639,0.562322312088,4.47294097371,-2.49936488632,map_000000118.png
-0.182698842019,5.04917924262,-0.6451344467,0.333959564309,-0.0595187778154,-0.286349475384,0.562322312088,4.47294097371,-2.49936488632,map_000000119.png
-0.161082999735,5.02191957888,-0.678994364606,0.341058840845,-0.0304866568567,-0.237626850605,0.562322312088,4.47294097371,-2.49936488632,map_000000120.png
-0.138340558681,4.99672509088,-0.705806582046,0.346281222143,-0.00324844913064,-0.178489357233,0.562322312088,4.47294097371,-2.49936488632,map_000000121.png
-0.114228226215,4.97238218724,-0.72847423594,0.365213952691,0.0281398131691,-0.0980591028929,0.562322312088,4.47294097371,-2.49936488632,map_000000122.png
-0.0887080478173,4.94901465335,-0.746023767871,0.365213952691,0.0281398131691,-0.0980591028929,0.562322312088,4.47294097371,-2.49936488632,map_000000123.png
-0.0603216736352,4.92614083405,-0.756298475556,0.354354156646,0.0371523377921,-0.0696193277836,0.562322312088,4.47294097371,-2.49936488632,map_000000124.png
-0.0308569882388,4.90320515694,-0.764199098704,0.344739344206,0.0416733994146,-0.0433211810887,0.562322312088,4.47294097371,-2.49936488632,map_000000125.png
-0.00294763721705,4.88185568081,-0.769698565454,0.335100716784,0.0380055551101,-0.030736733228,0.562322312088,4.47294097371,-2.49936488632,map_000000126.png
0.0243893255305,4.86095886021,-0.77356112435,0.316228774709,0.0254229670124,-0.0118644637987,0.562322312088,4.47294097371,-2.49936488632,map_000000127.png
0.0508098839028,4.84029760255,-0.77643261452,0.30671358207,0.0181320553463,-0.00607749726623,0.562322312088,4.47294097371,-2.49936488632,map_000000128.png
0.0761201717309,4.81913105312,-0.777645633316,0.30671358207,0.0181320553463,-0.00607749726623,0.562322312088,4.47294097371,-2.49936488632,map_000000129.png
0.0993286868781,4.79889954878,-0.778288124882,0.297033923715,0.0113077233274,-0.00184717867523,0.562322312088,4.47294097371,-2.49936488632,map_000000130.png
0.121640082013,4.77879295495,-0.778602745322,0.287183286104,0.00614785722065,-3.11806797981e-05,0.562322312088,4.47294097371,-2.49936488632,map_000000131.png
0.143050979095,4.7589097179,-0.778697903285,0.277237186818,0.00256926412677,0.00196648528799,0.562322312088,4.47294097371,-2.49936488632,map_000000132.png
0.16444390153,4.7385380761,-0.778637689311,0.257239926652,-0.00217428833302,0.0025767958723,0.562322312088,4.47294097371,-2.49936488632,map_000000133.png
0.184150935279,4.71937728849,-0.77843691109,0.247239665914,-0.00216088640899,0.00257474323735,0.562322312088,4.47294097371,-2.49936488632,map_000000134.png
0.202304746029,4.701170244,-0.778182950536,0.247239665914,-0.00216088640899,0.00257474323735,0.562322312088,4.47294097371,-2.49936488632,map_000000135.png
0.219842151567,4.68358135648,-0.77792935426,0.237222321912,-0.00356505829306,0.00474476907402,0.562322312088,4.47294097371,-2.49936488632,map_000000136.png
0.237400677128,4.66582661194,-0.777511848343,0.227220770626,-0.00358814831693,0.00474344100803,0.562322312088,4.47294097371,-2.49936488632,map_000000137.png
0.253707377637,4.64927444632,-0.777044836069,0.20723688788,-0.00224854086224,0.00912404619157,0.562322312088,4.47294097371,-2.49936488632,map_000000138.png
0.269286331122,4.63350232954,-0.776457923011,0.197248862454,0.000293868172847,0.0177298001945,0.562322312088,4.47294097371,-2.49936488632,map_000000139.png
0.283861711033,4.61889820361,-0.775492139516,0.187248955353,0.000211993892658,0.0177328009158,0.562322312088,4.47294097371,-2.49936488632,map_000000140.png
0.298519002491,4.60457201007,-0.773679586994,0.187248955353,0.000211993892658,0.0177328009158,0.562322312088,4.47294097371,-2.49936488632,map_000000141.png
0.312008709653,4.59142431406,-0.771937009395,0.177246608475,0.000935690156592,0.0168554335833,0.562322312088,4.47294097371,-2.49936488632,map_000000142.png
0.324981399372,4.57889223873,-0.770252155522,0.167243680813,0.00134253672583,0.0154094658792,0.562322312088,4.47294097371,-2.49936488632,map_000000143.png
0.337458088886,4.56694036145,-0.768658208059,0.147208786405,0.00344354141661,0.0269288830459,0.562322312088,4.47294097371,-2.49936488632,map_000000144.png
0.349696220874,4.55537369002,-0.7667659577,0.139183293628,0.00333507772241,0.0245440229774,0.562322312088,4.47294097371,-2.49936488632,map_000000145.png
0.360480203811,4.54545170529,-0.764136891464,0.139182976196,0.00334829896242,0.0245492868125,0.562322312088,4.47294097371,-2.49936488632,map_000000146.png
0.370750277583,4.53606128312,-0.761724349826,0.139182976196,0.00334829896242,0.0245492868125,0.562322312088,4.47294097371,-2.49936488632,map_000000147.png
0.381043753893,4.52669652511,-0.7593105431,0.129048308788,0.00672170287347,0.0611141622066,0.562322312088,4.47294097371,-2.49936488632,map_000000148.png
0.391391250021,4.51766101034,-0.754211743797,0.119049941567,0.00642601629233,0.0571880117059,0.562322312088,4.47294097371,-2.49936488632,map_000000149.png
0.400847356415,4.50964850733,-0.748403818335,0.115888924103,0.00623393337289,0.0499783456326,0.562322312088,4.47294097371,-2.49936488632,map_000000150.png
0.409920756304,4.5020638051,-0.74297911582,0.105257552151,0.0129932084954,0.138496786356,0.562322312088,4.47294097371,-2.49936488632,map_000000151.png
0.418828056387,4.49476497493,-0.737368977786,0.0952829877151,0.012165474128,0.138540014625,0.562322312088,4.47294097371,-2.49936488632,map_000000152.png
0.427442225095,4.48861173562,-0.723750918833,0.0952829877151,0.012165474128,0.138540014625,0.562322312088,4.47294097371,-2.49936488632,map_000000153.png
0.435738987127,4.4828740797,-0.709589677074,0.0945378084799,0.0124334244038,0.130446195602,0.562322312088,4.47294097371,-2.49936488632,map_000000154.png
0.443688662425,4.47760412587,-0.696535172387,0.0945277055588,0.012510002253,0.122071497142,0.562322312088,4.47294097371,-2.49936488632,map_000000155.png
0.451691859637,4.47245520676,-0.684137127209,0.0794911314282,0.031082295479,0.48885294795,0.562322312088,4.47294097371,-2.49936488632,map_000000156.png
0.459699793859,4.46801226353,-0.662035576981,0.0678372470314,0.0328027341566,0.450834095478,0.562322312088,4.47294097371,-2.49936488632,map_000000157.png
0.467876417612,4.4654015012,-0.612491726114,0.065994735429,0.0323813471385,0.450981289148,0.562322312088,4.47294097371,-2.49936488632,map_000000158.png
0.475101246682,4.46399806598,-0.568156075138,0.065994735429,0.0323813471385,0.450981289148,0.562322312088,4.47294097371,-2.49936488632,map_000000159.png
0.482206995276,4.46295655224,-0.52381580156,0.0658723762631,0.033038660994,0.417976170778,0.562322312088,4.47294097371,-2.49936488632,map_000000160.png
0.48937321694,4.46229181344,-0.481678394659,0.0729874784561,0.0165250672936,0.210871875286,0.562322312088,4.47294097371,-2.49936488632,map_000000161.png
0.48937321694,4.46229181344,-0.481678394659,0.0729738677603,0.0165850681198,0.210938945413,0.562322312088,4.47294097371,-2.49936488632,map_000000162.png
0.496844263443,4.46110382539,-0.449520590324,0.0613634544053,0.0209303664718,-1.0,0.562322312088,4.47294097371,-2.49936488632,map_000000163.png
0.504063365342,4.45931214225,-0.428785275036,0.0525119966589,0.0157907355198,-1.0,0.562322312088,4.47294097371,-2.49936488632,map_000000164.png
0.511258299592,4.45788372184,-0.422343815544,0.0525119966589,0.0157907355198,-1.0,0.562322312088,4.47294097371,-2.49936488632,map_000000165.png
0.518096678614,4.45781721009,-0.52068199876,0.0481756275837,0.013383164195,-1.0,0.562322312088,4.47294097371,-2.49936488632,map_000000166.png
0.524221162417,4.4570775609,-0.622957812438,0.0481756275837,0.013383164195,-1.0,0.562322312088,4.47294097371,-2.49936488632,map_000000167.png
0.529540479514,4.45584669772,-0.721303615862,0.0462650761537,0.0189616166358,-1.0,0.562322312088,4.47294097371,-2.49936488632,map_000000168.png
0.53473681831,4.45442983062,-0.819633758328,0.0462650761537,0.0189616166358,-1.0,0.562322312088,4.47294097371,-2.49936488632,map_000000169.png
0.539882599434,4.45274212813,-0.917977907186,0.0441598038691,0.0234502004084,-1.0,0.562322312088,4.47294097371,-2.49936488632,map_000000170.png
0.545070833538,4.4505108944,-1.02025150097,0.0377587302443,0.0327761875039,-1.0,0.562322312088,4.47294097371,-2.49936488632,map_000000171.png
0.550097201314,4.44823372099,-1.11858170471,0.0377587302443,0.0327761875039,-1.0,0.562322312088,4.47294097371,-2.49936488632,map_000000172.png
0.555395965994,4.44635350686,-1.21692874259,0.0326738591933,0.0378473130138,-1.0,0.562322312088,4.47294097371,-2.49936488632,map_000000173.png
0.560810959856,4.44445771238,-1.31525709479,0.0,0.0,-1.0,0.562322312088,4.47294097371,-2.49936488632,map_000000174.png
0.56408406621,4.44346656688,-1.417524197,0.0,0.0,-1.0,0.562322312088,4.47294097371,-2.49936488632,map_000000175.png
0.565003377001,4.44357918892,-1.51586941414,0.0,0.0,-1.0,0.562322312088,4.47294097371,-2.49936488632,map_000000176.png
0.565963793236,4.4435907103,-1.61419891768,0.0,0.0,-1.0,0.562322312088,4.47294097371,-2.49936488632,map_000000177.png
0.566896366935,4.44349781854,-1.71254127422,0.0,0.0,-1.0,0.562322312088,4.47294097371,-2.49936488632,map_000000178.png
0.567837612588,4.44332376977,-1.81087418248,0.0,0.0,-1.0,0.562322312088,4.47294097371,-2.49936488632,map_000000179.png
0.568766722662,4.44305668809,-1.91315352686,0.0,0.0,-1.0,0.562322312088,4.47294097371,-2.49936488632,map_000000180.png
0.56962258399,4.44269981302,-2.01150063568,0.0,0.0,-0.870758414268,0.562322312088,4.47294097371,-2.49936488632,map_000000181.png
0.570448373163,4.44227016529,-2.10627116548,0.0,0.0,-0.723530828953,0.562322312088,4.47294097371,-2.49936488632,map_000000182.png
0.571123127615,4.44183283798,-2.19132709769,0.0,0.0,-0.581618905067,0.562322312088,4.47294097371,-2.49936488632,map_000000183.png
0.571701512301,4.44138580667,-2.26531326151,0.0,0.0,-0.581618905067,0.562322312088,4.47294097371,-2.49936488632,map_000000184.png
0.572128683812,4.44101010047,-2.32417892814,0.0,0.0,-0.454428166151,0.562322312088,4.47294097371,-2.49936488632,map_000000185.png
0.572470108203,4.44067765532,-2.37286190987,0.0,0.0,-0.255304425955,0.562322312088,4.47294097371,-2.49936488632,map_000000186.png
0.572703090894,4.44042593224,-2.40893313783,0.0,0.0,-0.182367563248,0.562322312088,4.47294097371,-2.49936488632,map_000000187.png
0.572866359601,4.44024118545,-2.43302633127,0.0,0.0,-0.182430818677,0.562322312088,4.47294097371,-2.49936488632,map_000000188.png
0.572969503794,4.44011715528,-2.45096441798,0.0,0.0,-0.128387212753,0.562322312088,4.47294097371,-2.49936488632,map_000000189.png
0.573088032988,4.43999374054,-2.46890396263,0.0,0.0,-0.128387212753,0.562322312088,4.47294097371,-2.49936488632,map_000000190.png
0.573156576801,4.43988363834,-2.48216525157,0.0,0.0,0.0,0.562322312088,4.47294097371,-2.49936488632,map_000000191.png
