5.96449877393,1.57482900976,2.68789665382,0.0,0.0,0.0,1.89026332082,3.39468551808,2.49294535793,map_000000001.png
5.96450047363,1.57482731474,2.68789701285,0.0,0.0,0.0,1.89026332082,3.39468551808,2.49294535793,map_000000002.png
5.96449875865,1.57482901832,2.68789659126,0.0,0.0,0.0,1.89026332082,3.39468551808,2.49294535793,map_000000003.png
5.96451038714,1.57481742116,2.68789920819,0.0,0.0,0.0,1.89026332082,3.39468551808,2.49294535793,map_000000004.png
5.9644987467,1.57482902489,2.68789661652,0.0,0.0,0.0,1.89026332082,3.39468551808,2.49294535793,map_000000005.png
5.96451037457,1.57481742692,2.68789912259,0.0434071831014,0.0414224169525,-0.609723567963,1.89026332082,3.39468551808,2.49294535793,map_000000006.png
5.96066051161,1.57341210128,2.64951905179,0.0608228200031,0.0346494534587,-0.609923243523,1.89026332082,3.39468551808,2.49294535793,map_000000007.png
5.95375624706,1.57209977418,2.58716287104,0.0879311916149,0.0191860579579,-0.552764058113,1.89026332082,3.39468551808,2.49294535793,map_000000008.png
5.94574296254,1.57301671934,2.52657997043,0.0987721713111,0.0156223243997,-0.552948415279,1.89026332082,3.39468551808,2.49294535793,map_000000009.png
5.93718122508,1.57638440709,2.47222964651,0.109996508646,0.00087530419884,-0.368724226952,1.89026332082,3.39468551808,2.49294535793,map_000000010.png
5.92791498377,1.5813103721,2.41568164084,0.109996508646,0.00087530419884,-0.368724226952,1.89026332082,3.39468551808,2.49294535793,map_000000011.png
5.91952804285,1.58829821483,2.37796500355,0.119992628861,-0.00132925126055,-0.368847131729,1.89026332082,3.39468551808,2.49294535793,map_000000012.png
5.91069419412,1.59665091526,2.34025131495,0.139834566692,-0.00680398342074,-0.202690005302,1.89026332082,3.39468551808,2.49294535793,map_000000013.png
5.90153000888,1.60665797406,2.31168651428,0.149878853574,-0.006027449333,-0.146182522178,1.89026332082,3.39468551808,2.49294535793,map_000000014.png
5.89229838874,1.617660272,2.29375527689,0.159963155754,-0.00343393064541,-0.0896605923772,1.89026332082,3.39468551808,2.49294535793,map_000000015.png
5.88227748728,1.62986171673,2.27991539177,0.165914919885,0.0370438157181,0.251725375652,1.89026332082,3.39468551808,2.49294535793,map_000000016.png
5.87211341114,1.64220917506,2.27109825003,0.173648506693,0.047394139029,0.272569268942,1.89026332082,3.39468551808,2.49294535793,map_000000017.png
5.85825774898,1.65298810319,2.29550016594,0.173648506693,0.047394139029,0.272569268942,1.89026332082,3.39468551808,2.49294535793,map_000000018.png
5.84289886231,1.66322907987,2.32297446703,0.192610560568,0.0538626583517,0.249374061823,1.89026332082,3.39468551808,2.49294535793,map_000000019.png
5.82650821576,1.67323880339,2.34831078349,0.190987367459,0.0873146140495,0.536451816559,1.89026332082,3.39468551808,2.49294535793,map_000000020.png
5.80759919923,1.68246184509,2.3862384852,0.201736677745,0.0877629262085,0.457414746284,1.89026332082,3.39468551808,2.49294535793,map_000000021.png
5.78767324961,1.68921262426,2.43712771336,0.215060038374,0.0815426492895,0.400675624609,1.89026332082,3.39468551808,2.49294535793,map_000000022.png
5.76591876922,1.69575063812,2.48367582654,0.224677078653,0.0843814873983,0.400809079409,1.89026332082,3.39468551808,2.49294535793,map_000000023.png
5.74313597535,1.70258808593,2.52465067095,0.224677078653,0.0843814873983,0.400809079409,1.89026332082,3.39468551808,2.49294535793,map_000000024.png
5.72014850608,1.70852914882,2.56406617839,0.253000229299,0.0599242079757,0.300704836845,1.89026332082,3.39468551808,2.49294535793,map_000000025.png
5.69508258033,1.7163483975,2.59796700236,0.266494625519,0.0433662790158,0.239342600107,1.89026332082,3.39468551808,2.49294535793,map_000000026.png
5.67018900863,1.72521013657,2.62463948796,0.279430088819,0.0178561276192,0.148966729641,1.89026332082,3.39468551808,2.49294535793,map_000000027.png
5.64389321842,1.73577952038,2.64627362077,0.289999747496,-0.00040238515494,0.0981648936868,1.89026332082,3.39468551808,2.49294535793,map_000000028.png
5.61741890364,1.74813748351,2.66090996787,0.29620588939,-0.0914443744476,-0.23384411633,1.89026332082,3.39468551808,2.49294535793,map_000000029.png
5.59171235905,1.76153909718,2.67056492767,0.29620588939,-0.0914443744476,-0.23384411633,1.89026332082,3.39468551808,2.49294535793,map_000000030.png
5.56842247013,1.78335422189,2.64925275622,0.3004893633,-0.110027905356,-0.255876839161,1.89026332082,3.39468551808,2.49294535793,map_000000031.png
5.54716366768,1.80675888911,2.6247040206,0.276944085677,-0.172547868413,-0.492202341557,1.89026332082,3.39468551808,2.49294535793,map_000000032.png
5.52880229802,1.83447139755,2.58552341296,0.280509045317,-0.170751116181,-0.460398346186,1.89026332082,3.39468551808,2.49294535793,map_000000033.png
5.52880229802,1.83447139755,2.58552341296,0.244735376318,-0.203661556621,-0.667932987213,1.89026332082,3.39468551808,2.49294535793,map_000000034.png
5.51413618012,1.86487964888,2.53643736898,0.21076819511,-0.225495633652,-0.894356787205,1.89026332082,3.39468551808,2.49294535793,map_000000035.png
5.50195579937,1.8948430315,2.48789906119,0.216674823397,-0.214344883126,-0.821847379208,1.89026332082,3.39468551808,2.49294535793,map_000000036.png
5.49528331686,1.92683529228,2.41959029035,0.216674823397,-0.214344883126,-0.821847379208,1.89026332082,3.39468551808,2.49294535793,map_000000037.png
5.49509520739,1.95710020813,2.33163305535,0.19803446014,-0.220655511566,-0.948739588261,1.89026332082,3.39468551808,2.49294535793,map_000000038.png
5.49664638273,1.98824749959,2.24615947601,0.19803446014,-0.220655511566,-0.948739588261,1.89026332082,3.39468551808,2.49294535793,map_000000039.png
5.50160830743,2.01832775081,2.15412036824,0.232235270482,-0.197916254029,-0.817119777203,1.89026332082,3.39468551808,2.49294535793,map_000000040.png
5.50802860371,2.04702189875,2.06651916273,0.236967326668,-0.189690312518,-0.841682612896,1.89026332082,3.39468551808,2.49294535793,map_000000041.png
5.51489084865,2.07740595195,1.98228252042,0.286028228965,-0.133752676038,-0.655622005463,1.89026332082,3.39468551808,2.49294535793,map_000000042.png
5.52319115124,2.10606823153,1.89952709829,0.309605636738,-0.0956019976925,-0.529484987259,1.89026332082,3.39468551808,2.49294535793,map_000000043.png
5.52719027838,2.13837286493,1.8324772893,0.309605636738,-0.0956019976925,-0.529484987259,1.89026332082,3.39468551808,2.49294535793,map_000000044.png
5.52937642643,2.17171038303,1.77684184889,0.323789469611,-0.0608865570538,-0.446667402983,1.89026332082,3.39468551808,2.49294535793,map_000000045.png
5.53007771303,2.20435348558,1.73063427029,0.334712292519,-0.0299563522735,-0.346240848303,1.89026332082,3.39468551808,2.49294535793,map_000000046.png
5.52949195928,2.23890719446,1.69048613114,0.33997127541,-0.0103350273005,-0.284074604511,1.89026332082,3.39468551808,2.49294535793,map_000000047.png
5.52797726006,2.27392029865,1.65727673397,0.347299353511,0.0188490257952,-0.166943594813,1.89026332082,3.39468551808,2.49294535793,map_000000048.png
5.52590396501,2.30794938232,1.63073023043,0.347259066958,0.0195772096469,-0.166998371482,1.89026332082,3.39468551808,2.49294535793,map_000000049.png
5.5219161391,2.34389915623,1.61365814487,0.348532862704,0.0320130996461,-0.088077686727,1.89026332082,3.39468551808,2.49294535793,map_000000050.png
5.51859995877,2.37850746313,1.59723142538,0.348532862704,0.0320130996461,-0.088077686727,1.89026332082,3.39468551808,2.49294535793,map_000000051.png
5.51471667834,2.41465309996,1.58636507868,0.348473081126,0.0326574136162,-0.0881061404943,1.89026332082,3.39468551808,2.49294535793,map_000000052.png
5.51085060097,2.45084285366,1.57735650429,0.34899216056,0.0265417934849,-0.0248647741973,1.89026332082,3.39468551808,2.49294535793,map_000000053.png
5.50769551938,2.48569061321,1.57142683348,0.349294020263,0.0222189635742,-0.0120332185179,1.89026332082,3.39468551808,2.49294535793,map_000000054.png
5.50503906389,2.52197990958,1.56918273431,0.34927674545,0.0224888866168,-0.012036296539,1.89026332082,3.39468551808,2.49294535793,map_000000055.png
5.5028918759,2.55689014329,1.56799063769,0.349722556953,0.0139329857483,-0.000219316687435,1.89026332082,3.39468551808,2.49294535793,map_000000056.png
5.50066550197,2.5932081252,1.56675556436,0.349722556953,0.0139329857483,-0.000219316687435,1.89026332082,3.39468551808,2.49294535793,map_000000057.png
5.49926483845,2.62956385492,1.5665908795,0.349717551599,0.0140580595105,-0.000218454282731,1.89026332082,3.39468551808,2.49294535793,map_000000058.png
5.49800097995,2.66453516091,1.56657166793,0.349984153951,0.00332970220062,0.00283922534436,1.89026332082,3.39468551808,2.49294535793,map_000000059.png
5.49725140621,2.70090647708,1.56670283694,0.349984340791,0.00331000529161,0.0028411061503,1.89026332082,3.39468551808,2.49294535793,map_000000060.png
5.49707041576,2.73588012657,1.5669737656,0.349997421566,-0.00134157761882,0.000730270985514,1.89026332082,3.39468551808,2.49294535793,map_000000061.png
5.49691868628,2.77226273508,1.56723731077,0.349997140459,-0.00141301254929,0.000731447711587,1.89026332082,3.39468551808,2.49294535793,map_000000062.png
5.49718701914,2.80864510524,1.56730819576,0.349997140459,-0.00141301254929,0.000731447711587,1.89026332082,3.39468551808,2.49294535793,map_000000063.png
5.497439557,2.84363785825,1.56738264869,0.349985682294,-0.00316498388316,-0.0022828031797,1.89026332082,3.39468551808,2.49294535793,map_000000064.png
5.49785116538,2.88001887976,1.56721754453,0.349977705503,-0.00394975754994,-0.00648526847363,1.89026332082,3.39468551808,2.49294535793,map_000000065.png
5.4983482126,2.91498980629,1.56675409821,0.349976803283,-0.00402890774548,-0.00648649735376,1.89026332082,3.39468551808,2.49294535793,map_000000066.png
5.49891422662,2.95136895016,1.56608838121,0.349955794549,-0.00556208552468,-0.013323427178,1.89026332082,3.39468551808,2.49294535793,map_000000067.png
5.49954537656,2.98774691459,1.5652612505,0.349902972493,-0.00824043533043,-0.0248984005302,1.89026332082,3.39468551808,2.49294535793,map_000000068.png
5.50029435085,3.02273279188,1.56395369769,0.349676012966,0.0150559253989,0.0634613186121,1.89026332082,3.39468551808,2.49294535793,map_000000069.png
5.50142008413,3.0590988267,1.56140541743,0.349676012966,0.0150559253989,0.0634613186121,1.89026332082,3.39468551808,2.49294535793,map_000000070.png
5.50061093446,3.09405353806,1.56625050296,0.343316907742,0.0472462794159,0.180750772357,1.89026332082,3.39468551808,2.49294535793,map_000000071.png
5.49708561736,3.13000105257,1.58012662289,0.34130576605,0.0586144773647,0.184634357691,1.89026332082,3.39468551808,2.49294535793,map_000000072.png
5.49115557524,3.16549145315,1.59879645399,0.31834459868,0.10842492199,0.362240195274,1.89026332082,3.39468551808,2.49294535793,map_000000073.png
5.48288873109,3.19867065853,1.62184093531,0.281542993878,0.164944687916,0.601612150669,1.89026332082,3.39468551808,2.49294535793,map_000000074.png
5.46930602293,3.23059748313,1.66077300924,0.212998151342,0.226397480525,0.848922908306,1.89026332082,3.39468551808,2.49294535793,map_000000075.png
5.4501650722,3.25666771198,1.71993563989,0.212998151342,0.226397480525,0.848922908306,1.89026332082,3.39468551808,2.49294535793,map_000000076.png
5.4501650722,3.25666771198,1.71993563989,0.206064457485,0.227115377217,0.790808498859,1.89026332082,3.39468551808,2.49294535793,map_000000077.png
5.42432112717,3.27508960392,1.80382421355,0.178488814567,0.239424435536,0.913731217384,1.89026332082,3.39468551808,2.49294535793,map_000000078.png
5.39652835154,3.28976700742,1.8865313823,0.213827327332,0.220112172157,0.788203537464,1.89026332082,3.39468551808,2.49294535793,map_000000079.png
5.36877252958,3.29990803535,1.97058150366,0.213827327332,0.220112172157,0.788203537464,1.89026332082,3.39468551808,2.49294535793,map_000000080.png
5.3391364153,3.3076196217,2.06007678775,0.258799202678,0.175769669187,0.697497367859,1.89026332082,3.39468551808,2.49294535793,map_000000081.png
5.31018319241,3.31615318135,2.13650846246,0.293493136371,0.131571601364,0.563487231731,1.89026332082,3.39468551808,2.49294535793,map_000000082.png
5.28048786525,3.32843718031,2.20783313553,0.293493136371,0.131571601364,0.563487231731,1.89026332082,3.39468551808,2.49294535793,map_000000083.png
5.25127473489,3.34412664335,2.26598598762,0.317258116216,0.0876477015585,0.449027717113,1.89026332082,3.39468551808,2.49294535793,map_000000084.png
5.22376307845,3.36158829507,2.3124003553,0.311963705889,0.0889400982989,0.52169072628,1.89026332082,3.39468551808,2.49294535793,map_000000085.png
5.19486481473,3.37912519393,2.36261022281,0.323469009503,0.0658627781015,0.434635430574,1.89026332082,3.39468551808,2.49294535793,map_000000086.png
5.16667502059,3.39536028342,2.41047596864,0.304844691849,0.10012225824,0.576065659523,1.89026332082,3.39468551808,2.49294535793,map_000000087.png
5.13680366625,3.41148360127,2.45827399171,0.311528302299,0.09457287397,0.504458963871,1.89026332082,3.39468551808,2.49294535793,map_000000088.png
5.10567385678,3.42306062563,2.51661046511,0.308231392851,0.103506884608,0.511049509048,1.89026332082,3.39468551808,2.49294535793,map_000000089.png
5.07491098959,3.43325377911,2.56622290088,0.308231392851,0.103506884608,0.511049509048,1.89026332082,3.39468551808,2.49294535793,map_000000090.png
5.04226446824,3.44138523443,2.61840414603,0.308282230849,0.103355371619,0.511219680309,1.89026332082,3.39468551808,2.49294535793,map_000000091.png
5.01048818017,3.44747304356,2.66867439122,0.319102294545,0.0874809807085,0.423885047436,1.89026332082,3.39468551808,2.49294535793,map_000000092.png
4.97699634079,3.45311465145,2.71648061752,0.296921763864,0.126275705749,0.549744784832,1.89026332082,3.39468551808,2.49294535793,map_000000093.png
4.94330871681,3.45660632463,2.7642842409,0.294146906677,0.132410498147,0.551185846329,1.89026332082,3.39468551808,2.49294535793,map_000000094.png
4.91128726261,3.45534023014,2.81836984547,0.294089544561,0.13253785311,0.551369071007,1.89026332082,3.39468551808,2.49294535793,map_000000095.png
4.87818127441,3.45162543408,2.87473353076,0.297359289979,0.13028029784,0.51992046833,1.89026332082,3.39468551808,2.49294535793,map_000000096.png
4.84659732824,3.44626724182,2.92895514137,0.297359289979,0.13028029784,0.51992046833,1.89026332082,3.39468551808,2.49294535793,map_000000097.png
4.81387209985,3.43913800638,2.98286323825,0.321481895699,0.0908185502342,0.376279264688,1.89026332082,3.39468551808,2.49294535793,map_000000098.png
4.7803342081,3.432840662,3.02756132524,0.342303373015,0.0331609314527,0.226201489568,1.89026332082,3.39468551808,2.49294535793,map_000000099.png
4.74693603387,3.42936364642,3.05924425722,0.347815363109,0.00634216502686,0.165688470006,1.89026332082,3.39468551808,2.49294535793,map_000000100.png
4.7111171104,3.42932023532,3.08094915809,0.347823856463,0.00585787906534,0.16574293375,1.89026332082,3.39468551808,2.49294535793,map_000000101.png
4.67636980054,3.4306758751,3.09724338115,0.349794804104,-0.0119829026241,0.121780246496,1.89026332082,3.39468551808,2.49294535793,map_000000102.png
4.64022704139,3.43153090389,3.11419687064,0.349794804104,-0.0119829026241,0.121780246496,1.89026332082,3.39468551808,2.49294535793,map_000000103.png
4.60391003625,3.43338119963,3.12734001306,0.349198505511,-0.0236727413408,0.066754296422,1.89026332082,3.39468551808,2.49294535793,map_000000104.png
4.56900431831,3.43579242894,3.13563615444,0.348855934071,-0.0282760003757,0.0423793829978,1.89026332082,3.39468551808,2.49294535793,map_000000105.png
4.53273708333,3.43864489935,3.1412212339,0.348734386129,-0.0297375665568,0.0226779598743,1.89026332082,3.39468551808,2.49294535793,map_000000106.png
4.49786296014,3.44149291551,-3.13833806488,0.349149605218,-0.0243833572252,0.00273295771331,1.89026332082,3.39468551808,2.49294535793,map_000000107.png
4.46157961382,3.44439234,-3.13625816512,0.349412049915,-0.0202784197579,-0.00253432546742,1.89026332082,3.39468551808,2.49294535793,map_000000108.png
4.42526809179,3.44673310257,-3.13597978228,0.349412049915,-0.0202784197579,-0.00253432546742,1.89026332082,3.39468551808,2.49294535793,map_000000109.png
4.39033525229,3.44859571125,-3.136186776,0.349644505562,-0.0157706900323,-0.0056575499475,1.89026332082,3.39468551808,2.49294535793,map_000000110.png
4.35398329288,3.45016953414,-3.13668026065,0.349815142109,-0.0113737102498,-0.00597557146102,1.89026332082,3.39468551808,2.49294535793,map_000000111.png
4.31902074053,3.45132997521,-3.13725314553,0.349915086238,-0.00770891408815,-0.0055963867344,1.89026332082,3.39468551808,2.49294535793,map_000000112.png
4.28264601788,3.45224410206,-3.13785328359,0.349971205367,-0.00448891386083,-0.00485886540264,1.89026332082,3.39468551808,2.49294535793,map_000000113.png
4.24627896317,3.45283782835,-3.13840528586,0.34999422474,-0.00200937358813,-0.00393287837505,1.89026332082,3.39468551808,2.49294535793,map_000000114.png
4.21128366043,3.45319036889,-3.13888894669,0.349997027978,0.00144060411195,-0.00196258747019,1.89026332082,3.39468551808,2.49294535793,map_000000115.png
4.17491143093,3.45329218957,-3.13928522789,0.349997027978,0.00144060411195,-0.00196258747019,1.89026332082,3.39468551808,2.49294535793,map_000000116.png
4.13991504202,3.45315051802,-3.13952279931,0.349992198183,0.0023358391747,-0.00123858707957,1.89026332082,3.39468551808,2.49294535793,map_000000117.png
4.10354366791,3.45286148861,-3.13967491536,0.349988943173,0.00278111317761,-0.000373617047444,1.89026332082,3.39468551808,2.49294535793,map_000000118.png
4.10354366791,3.45286148861,-3.13967491536,0.34998919987,0.00274861934541,0.000477451598272,1.89026332082,3.39468551808,2.49294535793,map_000000119.png
4.06715102727,3.45253857565,-3.13976573024,0.349994333398,0.00199035748706,0.0017514496576,1.89026332082,3.39468551808,2.49294535793,map_000000120.png
4.03217740471,3.45218793857,-3.13977742353,0.349994333398,0.00199035748706,0.0017514496576,1.89026332082,3.39468551808,2.49294535793,map_000000121.png
3.99578488174,3.45185191286,-3.13972345503,0.349995268311,0.00181854160172,0.00344529771246,1.89026332082,3.39468551808,2.49294535793,map_000000122.png
3.96081062841,3.45157642368,-3.13954632063,0.349995268311,0.00181854160172,0.00344529771246,1.89026332082,3.39468551808,2.49294535793,map_000000123.png
3.92441744513,3.45131855543,-3.13921895931,0.349994058078,0.00203819610604,0.00645420514047,1.89026332082,3.39468551808,2.49294535793,map_000000124.png
3.88803211411,3.45102582736,-3.13865447601,0.349995723363,0.00172874560936,0.00618982035667,1.89026332082,3.39468551808,2.49294535793,map_000000125.png
3.85305049005,3.45072891841,-3.13803252007,0.349987691,0.00293446448982,0.0113934418187,1.89026332082,3.39468551808,2.49294535793,map_000000126.png
3.81666762432,3.45037197445,-3.13721525223,0.349955137056,0.00560330096892,0.020116083324,1.89026332082,3.39468551808,2.49294535793,map_000000127.png
3.78167569758,3.44987682239,-3.13598632573,0.349989184042,0.00275063399986,0.00824088137597,1.89026332082,3.39468551808,2.49294535793,map_000000128.png
3.74530802409,3.44908362957,-3.133932731,0.349989184042,0.00275063399986,0.00824088137597,1.89026332082,3.39468551808,2.49294535793,map_000000129.png
3.70892560048,3.44850146382,-3.13304297289,0.349999795758,0.000371353284171,0.000482801580802,1.89026332082,3.39468551808,2.49294535793,map_000000130.png
3.67394494533,3.44811224546,-3.13284211762,0.349991295273,-0.00246742102307,-0.00605617510155,1.89026332082,3.39468551808,2.49294535793,map_000000131.png
3.63755900299,3.44792714439,-3.13317940584,0.349991081331,-0.0024975832698,-0.00605903565884,1.89026332082,3.39468551808,2.49294535793,map_000000132.png
3.60118664456,3.4478718837,-3.13379301619,0.349948732102,-0.00598997777525,-0.0116191394627,1.89026332082,3.39468551808,2.49294535793,map_000000133.png
3.56618992939,3.44793403192,-3.13450402343,0.349947756962,-0.0060466793356,-0.0116238519549,1.89026332082,3.39468551808,2.49294535793,map_000000134.png
3.52981965774,3.44829653344,-3.13568641762,0.349939048854,-0.0065312342421,-0.0123757021502,1.89026332082,3.39468551808,2.49294535793,map_000000135.png
3.49482514071,3.44871450659,-3.13683532001,0.349939048854,-0.0065312342421,-0.0123757021502,1.89026332082,3.39468551808,2.49294535793,map_000000136.png
3.45845648772,3.44920846402,-3.13808018496,0.34992480644,-0.0072542933325,-0.0169239677489,1.89026332082,3.39468551808,2.49294535793,map_000000137.png
3.42206721055,3.44982914589,-3.13965386071,0.349921185285,-0.00742691204762,-0.0195628628135,1.89026332082,3.39468551808,2.49294535793,map_000000138.png
3.38709121069,3.45050560881,-3.14142961675,0.349848402836,-0.0102999983786,-0.031269479543,1.89026332082,3.39468551808,2.49294535793,map_000000139.png
3.35072795277,3.45135649499,3.13943993309,0.349846948273,-0.010349285839,-0.0312807299197,1.89026332082,3.39468551808,2.49294535793,map_000000140.png
3.31575150611,3.4524935732,3.13636008541,0.349619234419,-0.0163213313768,-0.0501732826233,1.89026332082,3.39468551808,2.49294535793,map_000000141.png
3.27938995701,3.45378492733,3.13316096806,0.349619234419,-0.0163213313768,-0.0501732826233,1.89026332082,3.39468551808,2.49294535793,map_000000142.png
3.24306055465,3.45575145632,3.12825272959,0.348848722152,-0.0283648371437,-0.0912841260433,1.89026332082,3.39468551808,2.49294535793,map_000000143.png
3.20822350841,3.45874751945,3.12041269239,0.343533380373,-0.0509894731367,-0.169804051518,1.89026332082,3.39468551808,2.49294535793,map_000000144.png
3.17237153067,3.46380446651,3.10674709631,0.326063866301,-0.0881337196643,-0.315428614616,1.89026332082,3.39468551808,2.49294535793,map_000000145.png
3.13889362013,3.47134083312,3.08546894039,0.324833278633,-0.0953379993747,-0.303774476051,1.89026332082,3.39468551808,2.49294535793,map_000000146.png
3.10574634681,3.4827116629,3.0533940635,0.290020881341,-0.154347628248,-0.53976970911,1.89026332082,3.39468551808,2.49294535793,map_000000147.png
3.07314630455,3.4957504157,3.02232749762,0.308327004407,-0.130987815712,-0.358080923557,1.89026332082,3.39468551808,2.49294535793,map_000000148.png
3.04661339901,3.51470854364,2.96924389657,0.308327004407,-0.130987815712,-0.358080923557,1.89026332082,3.39468551808,2.49294535793,map_000000149.png
3.01824301757,3.53430740946,2.92834440262,0.323704941414,-0.0954974263161,-0.320140808821,1.89026332082,3.39468551808,2.49294535793,map_000000150.png
2.9898282386,3.55204121319,2.89521929521,0.323623526282,-0.0957729646927,-0.320248097181,1.89026332082,3.39468551808,2.49294535793,map_000000151.png
2.95982601314,3.57005998827,2.86247282987,0.334492313242,-0.0689004497349,-0.259006112814,1.89026332082,3.39468551808,2.49294535793,map_000000152.png
2.92999092897,3.58853343059,2.83116892585,0.349936508757,-0.00666594124092,-0.0440381467342,1.89026332082,3.39468551808,2.49294535793,map_000000153.png
2.90025817778,3.60521922572,2.8065478591,0.335718817364,0.0871264762832,0.180529549718,1.89026332082,3.39468551808,2.49294535793,map_000000154.png
2.86614320613,3.61786862892,2.80204297744,0.335718817364,0.0871264762832,0.180529549718,1.89026332082,3.39468551808,2.49294535793,map_000000155.png
2.83190427472,3.62227813907,2.81625979525,0.304424102827,0.144178053295,0.352341920137,1.89026332082,3.39468551808,2.49294535793,map_000000156.png
2.79685234705,3.62033638336,2.84621036799,0.293030536821,0.16266361249,0.359216213226,1.89026332082,3.39468551808,2.49294535793,map_000000157.png
2.7627183478,3.61386177191,2.88259244254,0.281128099149,0.176212337685,0.410685569048,1.89026332082,3.39468551808,2.49294535793,map_000000158.png
2.73074539075,3.60492615131,2.91953256509,0.285510298574,0.16977093354,0.404967963696,1.89026332082,3.39468551808,2.49294535793,map_000000159.png
2.69848313915,3.59332363241,2.96146066908,0.32086255152,0.128791445388,0.32889983058,1.89026332082,3.39468551808,2.49294535793,map_000000160.png
2.6676595389,3.58152389013,3.00128099674,0.32086255152,0.128791445388,0.32889983058,1.89026332082,3.39468551808,2.49294535793,map_000000161.png
2.63318447088,3.57231161842,3.03551276636,0.331865972984,0.0955962266116,0.276747554541,1.89026332082,3.39468551808,2.49294535793,map_000000162.png
2.63318447088,3.57231161842,3.03551276636,0.34409783644,0.0602662914314,0.217108607292,1.89026332082,3.39468551808,2.49294535793,map_000000163.png
2.59816044199,3.56488774842,3.0652493827,0.338228739461,0.0273854153122,0.157993629575,1.89026332082,3.39468551808,2.49294535793,map_000000164.png
2.56390137479,3.55970983463,3.08918356168,0.338228739461,0.0273854153122,0.157993629575,1.89026332082,3.39468551808,2.49294535793,map_000000165.png
2.52817321399,3.55646129925,3.10905738339,0.329335514883,0.000239656346028,0.108229592443,1.89026332082,3.39468551808,2.49294535793,map_000000166.png
2.49445780303,3.55515022452,3.12380923028,0.308415027685,-0.0238472757349,0.0826560035348,1.89026332082,3.39468551808,2.49294535793,map_000000167.png
2.46023368367,3.55564740667,3.13488382274,0.297042411559,-0.036981453905,0.0293680280447,1.89026332082,3.39468551808,2.49294535793,map_000000168.png
2.4281661566,3.55830183408,-3.13985253915,0.297042411559,-0.036981453905,0.0293680280447,1.89026332082,3.39468551808,2.49294535793,map_000000169.png
2.39826759221,3.56170074079,-3.13612196633,0.286570498027,-0.0399056471926,0.0127651067451,1.89026332082,3.39468551808,2.49294535793,map_000000170.png
2.3680504408,3.56555117396,-3.13416184604,0.276160631073,-0.0419965363814,-0.020755039528,1.89026332082,3.39468551808,2.49294535793,map_000000171.png
2.33982193551,3.56942189526,-3.13436095699,0.257793562177,-0.0282395049407,-0.0152053283527,1.89026332082,3.39468551808,2.49294535793,map_000000172.png
2.31160449831,3.57320741096,-3.13632839813,0.248756408099,-0.0169858699911,0.0070330183953,1.89026332082,3.39468551808,2.49294535793,map_000000173.png
2.28485721037,3.57590945213,-3.13770196982,0.239180032893,-0.00862956174777,0.00998570397496,1.89026332082,3.39468551808,2.49294535793,map_000000174.png
2.25999216221,3.5775201546,-3.13701519282,0.239180032893,-0.00862956174777,0.00998570397496,1.89026332082,3.39468551808,2.49294535793,map_000000175.png
2.23502038692,3.57838939458,-3.1360231601,0.229320341195,0.0026498379113,0.0421172045171,1.89026332082,3.39468551808,2.49294535793,map_000000176.png
2.21181142468,3.57832287133,-3.13277037253,0.219323236131,0.00233346551922,0.0421304218471,1.89026332082,3.39468551808,2.49294535793,map_000000177.png
2.18852494298,3.57784464395,-3.12845718607,0.198636860413,0.0166761144217,0.0872696787119,1.89026332082,3.39468551808,2.49294535793,map_000000178.png
2.16657567446,3.57675565949,-3.12237697864,0.186823613755,0.0307395164692,0.157839670777,1.89026332082,3.39468551808,2.49294535793,map_000000179.png
2.14700518358,3.57444333265,-3.11240769706,0.176836660204,0.0298338938048,0.157891437411,1.89026332082,3.39468551808,2.49294535793,map_000000180.png
2.12775865527,3.57068427021,-3.09626159919,0.163299418663,0.0448090624934,0.276311784983,1.89026332082,3.39468551808,2.49294535793,map_000000181.png
2.11024410097,3.56693301029,-3.08074104543,0.163299418663,0.0448090624934,0.276311784983,1.89026332082,3.39468551808,2.49294535793,map_000000182.png
2.09334091436,3.56158967914,-3.05481288064,0.153381659653,0.0431497968134,0.276403009892,1.89026332082,3.39468551808,2.49294535793,map_000000183.png
2.07751133182,3.5556910534,-3.02654773292,0.130187590691,0.0496548207653,0.410990417004,1.89026332082,3.39468551808,2.49294535793,map_000000184.png
2.06396690992,3.54959471283,-2.99301499531,0.120459327435,0.0470876580221,0.411126434803,1.89026332082,3.39468551808,2.49294535793,map_000000185.png
2.05167900401,3.54275064285,-2.95098050057,0.117269130723,0.0365786471865,0.318565636873,1.89026332082,3.39468551808,2.49294535793,map_000000186.png
2.04080838443,3.53610488874,-2.91128476536,0.120718500246,0.0278352989738,0.255619049072,1.89026332082,3.39468551808,2.49294535793,map_000000187.png
2.02983480105,3.52974652342,-2.87870517008,0.120718500246,0.0278352989738,0.255619049072,1.89026332082,3.39468551808,2.49294535793,map_000000188.png
2.01852565631,3.52373208604,-2.85207053792,0.120703597738,0.027899850607,0.255703151226,1.89026332082,3.39468551808,2.49294535793,map_000000189.png
2.00775317807,3.51772440588,-2.8269337593,0.0993654539906,0.0303121156216,0.370865702629,1.89026332082,3.39468551808,2.49294535793,map_000000190.png
1.99789206607,3.51147713735,-2.79443621177,0.0965842575655,0.0277101155129,0.33328294754,1.89026332082,3.39468551808,2.49294535793,map_000000191.png
1.98962523797,3.50553489425,-2.75915189625,0.0965709183595,0.0277565674827,0.333392798901,1.89026332082,3.39468551808,2.49294535793,map_000000192.png
1.9813608687,3.49928627727,-2.72506981547,0.0831841115188,0.035597180966,0.540072917938,1.89026332082,3.39468551808,2.49294535793,map_000000193.png
1.97332169763,3.49275340588,-2.69097674464,0.0698708321081,0.0299615120245,0.489307194948,1.89026332082,3.39468551808,2.49294535793,map_000000194.png
1.96725423795,3.48622520475,-2.63868107752,0.0698708321081,0.0299615120245,0.489307194948,1.89026332082,3.39468551808,2.49294535793,map_000000195.png
1.96209847866,3.48003878443,-2.58744669017,0.070694242993,0.0288082585753,0.43832924962,1.89026332082,3.39468551808,2.49294535793,map_000000196.png
1.95756059245,3.47410307249,-2.54193858277,0.0730230804779,0.0238575450179,0.360030382872,1.89026332082,3.39468551808,2.49294535793,map_000000197.png
1.95290943882,3.46783450203,-2.50019551495,0.0751465435345,0.0180959123735,0.283297270536,1.89026332082,3.39468551808,2.49294535793,map_000000198.png
1.94809476232,3.46156886825,-2.46518928003,0.0767632333118,0.0121247333652,0.215127959847,1.89026332082,3.39468551808,2.49294535793,map_000000199.png
1.94326306877,3.455612627,-2.43760154033,0.078202563379,0.000420173585025,0.100123330951,1.89026332082,3.39468551808,2.49294535793,map_000000200.png
1.93792304931,3.44959142583,-2.41560254898,0.078202563379,0.000420173585025,0.100123330951,1.89026332082,3.39468551808,2.49294535793,map_000000201.png
1.93220515205,3.44429228867,-2.40394830482,0.0670466049477,0.0125098634541,-1.0,1.89026332082,3.39468551808,2.49294535793,map_000000202.png
1.92759776591,3.43834275169,-2.46729434156,0.0572587309807,0.010445465962,-1.0,1.89026332082,3.39468551808,2.49294535793,map_000000203.png
1.92361367463,3.43276475201,-2.56956793931,0.0487436281945,0.0111381725337,-1.0,1.89026332082,3.39468551808,2.49294535793,map_000000204.png
1.92361367463,3.43276475201,-2.56956793931,0.0477323045871,0.0148871513648,-1.0,1.89026332082,3.39468551808,2.49294535793,map_000000205.png
1.91989807334,3.42825685572,-2.66789517419,0.0432951585971,0.0250105861388,-1.0,1.89026332082,3.39468551808,2.49294535793,map_000000206.png
1.91618316251,3.42418034706,-2.77016684989,0.0432951585971,0.0250105861388,-1.0,1.89026332082,3.39468551808,2.49294535793,map_000000207.png
1.91242834831,3.42037718149,-2.86851546377,0.0396656887269,0.0304406523382,-1.0,1.89026332082,3.39468551808,2.49294535793,map_000000208.png
1.90878671001,3.41595179989,-2.97078407925,0.0396656887269,0.0304406523382,-1.0,1.89026332082,3.39468551808,2.49294535793,map_000000209.png
1.90510516787,3.41144116676,-3.07304883404,0.0352144464286,0.0354956749432,-1.0,1.89026332082,3.39468551808,2.49294535793,map_000000210.png
1.90148098698,3.40706406122,3.11181257226,0.0306641567807,0.0394931597353,-1.0,1.89026332082,3.39468551808,2.49294535793,map_000000211.png
1.89763140244,3.40254163218,3.00952917231,0.0256802943449,0.0429013130255,-1.0,1.89026332082,3.39468551808,2.49294535793,map_000000212.png
1.89382816146,3.39817173941,2.91119721946,0.0145031934951,0.0478503663037,-0.770772814751,1.89026332082,3.39468551808,2.49294535793,map_000000213.png
1.88980920313,3.39366199437,2.80982175076,0.0,0.0,-0.623533129692,1.89026332082,3.39468551808,2.49294535793,map_000000214.png
1.88631512946,3.38884563117,2.73100558531,0.0,0.0,-0.623533129692,1.89026332082,3.39468551808,2.49294535793,map_000000215.png
1.88553876127,3.38769983522,2.66736810963,0.0,0.0,-0.471679061651,1.89026332082,3.39468551808,2.49294535793,map_000000216.png
1.8852976193,3.38725083464,2.61375401582,0.0,0.0,-0.471837520599,1.89026332082,3.39468551808,2.49294535793,map_000000217.png
1.88505246994,3.38683376076,2.56551932488,0.0,0.0,-0.177981540561,1.89026332082,3.39468551808,2.49294535793,map_000000218.png
1.88484381445,3.38654743928,2.52836777879,0.0,0.0,-0.178041934967,1.89026332082,3.39468551808,2.49294535793,map_000000219.png
1.88474304805,3.3864066711,2.51016492116,0.0,0.0,-0.105750307441,1.89026332082,3.39468551808,2.49294535793,map_000000220.png
1.88464470058,3.38627466592,2.49265616212,0.0,0.0,-0.105750307441,1.89026332082,3.39468551808,2.49294535793,map_000000221.png
1.8845750833,3.38618437121,2.48127500416,0.0,0.0,0.0,1.89026332082,3.39468551808,2.49294535793,map_000000222.png
