-2.39072285951,1.53551241436,-1.70134464091,0.0,0.0,0.0,3.91165253695,3.67009225873,-1.14609835139,map_000000001.png
-2.39071357472,1.53550308103,-1.70133978337,0.0,0.0,0.0,3.91165253695,3.67009225873,-1.14609835139,map_000000002.png
-2.39072474434,1.53551053784,-1.70134542245,0.0,0.0,0.0,3.91165253695,3.67009225873,-1.14609835139,map_000000003.png
-2.39072288775,1.53551238796,-1.70134464055,0.0,0.0,0.0,3.91165253695,3.67009225873,-1.14609835139,map_000000004.png
-2.39073206806,1.53550315506,-1.70134836454,-0.0568351525579,0.0192292902809,1.0,3.91165253695,3.67009225873,-1.14609835139,map_000000005.png
-2.39012840307,1.5374941429,-1.66593947079,-0.0641177099036,0.0280877078957,1.0,3.91165253695,3.67009225873,-1.14609835139,map_000000006.png
-2.38871916495,1.54323845497,-1.56759326055,-0.0711410921031,0.0365915953834,1.0,3.91165253695,3.67009225873,-1.14609835139,map_000000007.png
-2.38720203889,1.54973462963,-1.46926620473,-0.0711410921031,0.0365915953834,1.0,3.91165253695,3.67009225873,-1.14609835139,map_000000008.png
-2.38555611971,1.55744421668,-1.36699411677,-0.0687226293125,0.0726443326456,1.0,3.91165253695,3.67009225873,-1.14609835139,map_000000009.png
-2.38182803596,1.56558158653,-1.26863840795,-0.0574535784898,0.0938034348545,1.0,3.91165253695,3.67009225873,-1.14609835139,map_000000010.png
-2.37692583637,1.57403754112,-1.17030564757,-0.039966615982,0.113148873158,1.0,3.91165253695,3.67009225873,-1.14609835139,map_000000011.png
-2.37089009529,1.58262681914,-1.07196020576,-0.0206322524209,0.128352286272,1.0,3.91165253695,3.67009225873,-1.14609835139,map_000000012.png
-2.36347841201,1.59167672316,-0.969684208551,0.000822294294524,0.139997585924,1.0,3.91165253695,3.67009225873,-1.14609835139,map_000000013.png
-2.35526626605,1.6004862566,-0.871353605958,0.0478572372721,0.152675105761,1.0,3.91165253695,3.67009225873,-1.14609835139,map_000000014.png
-2.34737479602,1.60991565395,-0.773007473946,0.0478572372721,0.152675105761,1.0,3.91165253695,3.67009225873,-1.14609835139,map_000000015.png
-2.33533682601,1.61799608835,-0.674677504633,0.116719581659,0.123598317872,1.0,3.91165253695,3.67009225873,-1.14609835139,map_000000016.png
-2.32032543621,1.62362882966,-0.572403588835,0.144451006889,0.10739606557,1.0,3.91165253695,3.67009225873,-1.14609835139,map_000000017.png
-2.30389977517,1.6266828823,-0.474056124304,0.167221298876,0.0902055902984,1.0,3.91165253695,3.67009225873,-1.14609835139,map_000000018.png
-2.28647835652,1.62921063751,-0.375727132303,0.185571378566,0.0745873814003,1.0,3.91165253695,3.67009225873,-1.14609835139,map_000000019.png
-2.26805407597,1.63147285535,-0.27738330967,0.185571378566,0.0745873814003,1.0,3.91165253695,3.67009225873,-1.14609835139,map_000000020.png
-2.24790189169,1.63394194849,-0.175115083747,0.218351061826,0.0268855381871,0.746311545372,3.91165253695,3.67009225873,-1.14609835139,map_000000021.png
-2.22672258295,1.63436275345,-0.0947581980916,0.229849715489,0.00831456842882,0.599043190479,3.91165253695,3.67009225873,-1.14609835139,map_000000022.png
-2.20425736741,1.63408015728,-0.0289050129246,0.238495362816,-0.0268325735391,0.364616930485,3.91165253695,3.67009225873,-1.14609835139,map_000000023.png
-2.18099381184,1.63326352565,0.0226240946634,0.246237611698,-0.0432095867569,0.244201675057,3.91165253695,3.67009225873,-1.14609835139,map_000000024.png
-2.15595660342,1.63088478236,0.0580159141704,0.259670034014,-0.0739695411707,0.0212212093174,3.91165253695,3.67009225873,-1.14609835139,map_000000025.png
-2.13108870098,1.62805696911,0.0820274723497,0.259670034014,-0.0739695411707,0.0212212093174,3.91165253695,3.67009225873,-1.14609835139,map_000000026.png
-2.10473418461,1.62307472247,0.0858625953699,0.268969256523,-0.0778174458353,-0.031860999763,3.91165253695,3.67009225873,-1.14609835139,map_000000027.png
-2.07754160138,1.61773352211,0.0841952748958,0.277509320389,-0.0841937798109,-0.0958636179566,3.91165253695,3.67009225873,-1.14609835139,map_000000028.png
-2.04963635329,1.61195569285,0.0777944265439,0.290189889192,-0.0760909441837,-0.101649813354,3.91165253695,3.67009225873,-1.14609835139,map_000000029.png
-2.01985807185,1.60570139392,0.0678043204012,0.302004841601,-0.0699505409318,-0.118340887129,3.91165253695,3.67009225873,-1.14609835139,map_000000030.png
-1.99029831002,1.60011592338,0.0576133008436,0.326567673902,-0.0474714924569,-0.111601240933,3.91165253695,3.67009225873,-1.14609835139,map_000000031.png
-1.95979270926,1.59481465307,0.0459781030059,0.326567673902,-0.0474714924569,-0.111601240933,3.91165253695,3.67009225873,-1.14609835139,map_000000032.png
-1.92717503883,1.59131764271,0.0349527293943,0.338413882529,-0.0328028436605,-0.0896792709827,3.91165253695,3.67009225873,-1.14609835139,map_000000033.png
-1.89226872537,1.58858112629,0.0250959048203,0.349478401392,-0.0191002497971,-0.0722578540444,3.91165253695,3.67009225873,-1.14609835139,map_000000034.png
-1.85781913995,1.58681504008,0.0171700466984,0.349919654569,-0.00749868519724,-0.0521229729056,3.91165253695,3.67009225873,-1.14609835139,map_000000035.png
-1.82285406004,1.58577668356,0.0106200639677,0.349994661171,0.0019318606448,-0.0354065671563,3.91165253695,3.67009225873,-1.14609835139,map_000000036.png
-1.78787109621,1.58543597959,0.00562626125657,0.349746818788,0.0133100594098,-0.0126767437905,3.91165253695,3.67009225873,-1.14609835139,map_000000037.png
-1.7514762726,1.58580338112,0.00200104435642,0.349746818788,0.0133100594098,-0.0126767437905,3.91165253695,3.67009225873,-1.14609835139,map_000000038.png
-1.71652681706,1.58710919864,0.000577016754421,0.349625845071,0.0161791035551,-0.00464527960867,3.91165253695,3.67009225873,-1.14609835139,map_000000039.png
-1.68156776425,1.58863721647,-0.000141141510909,0.349584518908,0.0170487264471,0.000789540819824,3.91165253695,3.67009225873,-1.14609835139,map_000000040.png
-1.64663302438,1.59029668007,-0.000341102278823,0.34966356636,0.0153422714659,0.0032080761157,3.91165253695,3.67009225873,-1.14609835139,map_000000041.png
-1.61029066279,1.59200204327,-0.000188639491877,0.349859104027,0.00992986723237,0.00480349734426,3.91165253695,3.67009225873,-1.14609835139,map_000000042.png
-1.57532997709,1.59347845043,0.000131015483232,0.349935761366,0.00670506160182,0.00457495031878,3.91165253695,3.67009225873,-1.14609835139,map_000000043.png
-1.54037073417,1.59448815263,0.000603307555786,0.349935761366,0.00670506160182,0.00457495031878,3.91165253695,3.67009225873,-1.14609835139,map_000000044.png
-1.50538597,1.59521204504,0.00104722362123,0.349978852212,0.00384680881959,0.00413207383826,3.91165253695,3.67009225873,-1.14609835139,map_000000045.png
-1.46900785034,1.59575651214,0.00148117236619,0.349995219083,0.0018279914407,0.0034415172413,3.91165253695,3.67009225873,-1.14609835139,map_000000046.png
-1.43403601688,1.59610818825,0.00185529700024,0.349999805681,0.000361879264564,0.00277533568442,3.91165253695,3.67009225873,-1.14609835139,map_000000047.png
-1.39904401063,1.59630791459,0.00216732021051,0.349996841855,-0.00148513472509,0.00157484645024,3.91165253695,3.67009225873,-1.14609835139,map_000000048.png
-1.36407052659,1.5964237678,0.0024353364174,0.349994856195,-0.00189619902903,0.00110786221921,3.91165253695,3.67009225873,-1.14609835139,map_000000049.png
-1.32768806601,1.59635911226,0.00259214968297,0.349994856195,-0.00189619902903,0.00110786221921,3.91165253695,3.67009225873,-1.14609835139,map_000000050.png
-1.2926954678,1.5962567068,0.00269807240435,0.349993514565,-0.00212948258999,0.000704753212631,3.91165253695,3.67009225873,-1.14609835139,map_000000051.png
-1.25772198273,1.59615572017,0.00278042559529,0.349994473938,-0.00196548894156,0.00046924315393,3.91165253695,3.67009225873,-1.14609835139,map_000000052.png
-1.22272942196,1.59603847932,0.00283096488369,0.34999627556,-0.00161308030683,0.000308144371957,3.91165253695,3.67009225873,-1.14609835139,map_000000053.png
-1.18634702162,1.59594744227,0.00287053388078,0.349997403177,-0.00134636659052,0.000183265190572,3.91165253695,3.67009225873,-1.14609835139,map_000000054.png
-1.15137342304,1.5958971936,0.00290058065251,0.349998467074,-0.00103343102621,0.000106263440102,3.91165253695,3.67009225873,-1.14609835139,map_000000055.png
-1.11638071154,1.59585481832,0.00291023034813,0.349998467074,-0.00103343102621,0.000106263440102,3.91165253695,3.67009225873,-1.14609835139,map_000000056.png
-1.08140706498,1.5958577048,0.00292210299206,0.349999339598,-0.000676176467036,5.14555722475e-07,3.91165253695,3.67009225873,-1.14609835139,map_000000057.png
-1.046414347,1.5958701522,0.00291764916182,0.349999522728,-0.000573605820637,-9.35513526201e-07,3.91165253695,3.67009225873,-1.14609835139,map_000000058.png
-1.01003185578,1.59591094021,0.00291338924975,0.349999847065,-0.000319355333973,-2.93832272291e-05,3.91165253695,3.67009225873,-1.14609835139,map_000000059.png
-0.975058247773,1.59597090161,0.00291269994433,0.349999867432,-0.00029619478081,-2.44523398578e-05,3.91165253695,3.67009225873,-1.14609835139,map_000000060.png
-0.940065590168,1.59603154466,0.00290149364185,0.349999939015,-0.000193967467449,-2.59089283645e-05,3.91165253695,3.67009225873,-1.14609835139,map_000000061.png
-0.905092016715,1.59611270063,0.00289927282081,0.349999939015,-0.000193967467449,-2.59089283645e-05,3.91165253695,3.67009225873,-1.14609835139,map_000000062.png
-0.868709595704,1.59619580898,0.00289240551272,0.349999838334,-0.000328784832922,-9.51671972871e-06,3.91165253695,3.67009225873,-1.14609835139,map_000000063.png
-0.833716942373,1.59625956439,0.00288221774834,0.349999917471,-0.000229572713692,-1.09677203e-05,3.91165253695,3.67009225873,-1.14609835139,map_000000064.png
-0.798743371644,1.59634117122,0.00288176347914,0.349999806999,-0.000360602980881,-2.31899321079e-07,3.91165253695,3.67009225873,-1.14609835139,map_000000065.png
-0.763750724843,1.59640700378,0.00287264205479,0.349999556685,-0.000552497903773,1.4285556972e-05,3.91165253695,3.67009225873,-1.14609835139,map_000000066.png
-0.727368269977,1.59647326822,0.00286843083396,0.34999949632,-0.000589498941287,2.65263952315e-05,3.91165253695,3.67009225873,-1.14609835139,map_000000067.png
-0.692394652166,1.59652767363,0.0028699386251,0.34999949632,-0.000589498941287,2.65263952315e-05,3.91165253695,3.67009225873,-1.14609835139,map_000000068.png
-0.657401951246,1.5965604991,0.00286405471788,0.34999942445,-0.000630728434358,3.14069911838e-05,3.91165253695,3.67009225873,-1.14609835139,map_000000069.png
-0.622428326756,1.59660858901,0.00286702524484,0.349999538775,-0.00056372926756,2.62772664428e-05,3.91165253695,3.67009225873,-1.14609835139,map_000000070.png
-0.586045835512,1.5966501588,0.0028657722429,0.349999411759,-0.00063773174737,2.92123295367e-05,3.91165253695,3.67009225873,-1.14609835139,map_000000071.png
-0.551053132536,1.59668320161,0.00286003698303,0.349999555977,-0.000552946067837,2.77790240943e-05,3.91165253695,3.67009225873,-1.14609835139,map_000000072.png
-0.516079505922,1.59672880873,0.00286311962786,0.349999452547,-0.000614939275317,3.68277542293e-05,3.91165253695,3.67009225873,-1.14609835139,map_000000073.png
-0.481086806685,1.59676431926,0.00285731038597,0.349999452547,-0.000614939275317,3.68277542293e-05,3.91165253695,3.67009225873,-1.14609835139,map_000000074.png
-0.444704314962,1.59680587988,0.00285660969307,0.349999588414,-0.00053201855367,3.53981740773e-05,3.91165253695,3.67009225873,-1.14609835139,map_000000075.png
-0.40973069593,1.59685862819,0.00286059399049,0.349999592253,-0.000529486585208,3.66293825209e-05,3.91165253695,3.67009225873,-1.14609835139,map_000000076.png
-0.374737999245,1.59689624446,0.00285587303251,0.349999589248,-0.000531469531615,3.62517312169e-05,3.91165253695,3.67009225873,-1.14609835139,map_000000077.png
-0.339764381574,1.59695250185,0.00285954419106,0.349999421998,-0.000632087372311,3.59280966222e-05,3.91165253695,3.67009225873,-1.14609835139,map_000000078.png
-0.303381900095,1.59700117386,0.00285900763589,0.34999935474,-0.000668292638347,2.89934687316e-05,3.91165253695,3.67009225873,-1.14609835139,map_000000079.png
-0.268389190978,1.59702863381,0.00285416344547,0.34999935474,-0.000668292638347,2.89934687316e-05,3.91165253695,3.67009225873,-1.14609835139,map_000000080.png
-0.233415559183,1.59707170692,0.00285736124264,0.349999491922,-0.00059210447893,2.75634229183e-05,3.91165253695,3.67009225873,-1.14609835139,map_000000081.png
-0.198422850677,1.59709974958,0.00285187327538,0.349999492079,-0.000592011687006,3.27778980136e-05,3.91165253695,3.67009225873,-1.14609835139,map_000000082.png
-0.163449226855,1.59714962984,0.00285488160359,0.349999469881,-0.00060499316043,2.65543349087e-05,3.91165253695,3.67009225873,-1.14609835139,map_000000083.png
-0.163449226855,1.59714962984,0.00285488160359,0.349999502281,-0.000585949091245,3.33581119776e-05,3.91165253695,3.67009225873,-1.14609835139,map_000000084.png
-0.127066736085,1.5971916295,0.00285389310444,0.349999502281,-0.000585949091245,3.33581119776e-05,3.91165253695,3.67009225873,-1.14609835139,map_000000085.png
-0.0920740308875,1.59722161359,0.00284796494849,0.349999296937,-0.000697909367277,2.89012677968e-05,3.91165253695,3.67009225873,-1.14609835139,map_000000086.png
-0.0571004105416,1.59727190448,0.00285162547214,0.349999450449,-0.000616132498779,3.49432229996e-05,3.91165253695,3.67009225873,-1.14609835139,map_000000087.png
-0.0221076981603,1.59729520685,0.00284650204949,0.349999450449,-0.000616132498779,3.49432229996e-05,3.91165253695,3.67009225873,-1.14609835139,map_000000088.png
0.0142747999486,1.59733081913,0.00284554842794,0.349999306006,-0.000693346239875,3.57134267688e-05,3.91165253695,3.67009225873,-1.14609835139,map_000000089.png
0.0492484305572,1.59737529501,0.00284890718174,0.349999299512,-0.000696616685588,3.57208773494e-05,3.91165253695,3.67009225873,-1.14609835139,map_000000090.png
0.0842411471662,1.59739622668,0.00284407026299,0.349999425966,-0.000629886581463,3.42978164554e-05,3.91165253695,3.67009225873,-1.14609835139,map_000000091.png
0.119214782785,1.59743539325,0.00284779327407,0.349999425966,-0.000629886581463,3.42978164554e-05,3.91165253695,3.67009225873,-1.14609835139,map_000000092.png
0.155597278806,1.59747287229,0.00284707123088,0.349999383076,-0.000653283939675,2.78372317553e-05,3.91165253695,3.67009225873,-1.14609835139,map_000000093.png
0.190589988893,1.59749844748,0.00284173585513,0.34999925818,-0.000717082263085,2.77445651591e-05,3.91165253695,3.67009225873,-1.14609835139,map_000000094.png
0.225563622102,1.5975382841,0.00284454379836,0.349999381919,-0.000653903764165,2.63205729425e-05,3.91165253695,3.67009225873,-1.14609835139,map_000000095.png
0.296938835188,1.59759303343,0.00283717330176,0.349999372133,-0.000659120716343,2.72658653557e-05,3.91165253695,3.67009225873,-1.14609835139,map_000000096.png
0.296938835188,1.59759303343,0.00283717330176,0.349999372133,-0.000659120716343,2.72658653557e-05,3.91165253695,3.67009225873,-1.14609835139,map_000000097.png
0.331912471157,1.59762955589,0.00284043136636,0.349999372133,-0.000659120716343,2.72658653557e-05,3.91165253695,3.67009225873,-1.14609835139,map_000000098.png
0.366905183788,1.59765316499,0.00283474813294,0.349999413932,-0.000636538179334,3.43606807292e-05,3.91165253695,3.67009225873,-1.14609835139,map_000000099.png
0.401878814928,1.59769728252,0.00283811438789,0.349999375227,-0.000657475545698,2.91741453111e-05,3.91165253695,3.67009225873,-1.14609835139,map_000000100.png
0.438261313443,1.59773316325,0.00283712037657,0.349999401307,-0.000643442568969,3.62787395716e-05,3.91165253695,3.67009225873,-1.14609835139,map_000000101.png
0.473254025245,1.59775776143,0.00283196412819,0.349999343441,-0.000674184155319,2.9812566936e-05,3.91165253695,3.67009225873,-1.14609835139,map_000000102.png
0.508227655443,1.59780157097,0.00283555629723,0.349999316498,-0.000688029586826,2.98842787743e-05,3.91165253695,3.67009225873,-1.14609835139,map_000000103.png
0.543220368835,1.59782399785,0.00283023680745,0.349999316498,-0.000688029586826,2.98842787743e-05,3.91165253695,3.67009225873,-1.14609835139,map_000000104.png
0.57960287084,1.59785564441,0.00282882814239,0.349999267203,-0.000712664615292,2.93939374387e-05,3.91165253695,3.67009225873,-1.14609835139,map_000000105.png
0.614576507602,1.59789346105,0.00283205908105,0.349999291371,-0.000700695171056,3.59555706382e-05,3.91165253695,3.67009225873,-1.14609835139,map_000000106.png
0.649569226456,1.59791249626,0.00282659255761,0.349999274455,-0.000709094392159,3.66535969079e-05,3.91165253695,3.67009225873,-1.14609835139,map_000000107.png
0.684542861385,1.59795041717,0.00283069320304,0.349999226778,-0.000732249094377,3.03923152387e-05,3.91165253695,3.67009225873,-1.14609835139,map_000000108.png
0.719535577886,1.59796909567,0.00282602584211,0.349999260923,-0.000715742017564,3.71765345335e-05,3.91165253695,3.67009225873,-1.14609835139,map_000000109.png
0.755918084287,1.59799582445,0.00282476721953,0.349999260923,-0.000715742017564,3.71765345335e-05,3.91165253695,3.67009225873,-1.14609835139,map_000000110.png
0.790891720128,1.59803220535,0.002828540554,0.349999241218,-0.00072531415487,3.51979397237e-05,3.91165253695,3.67009225873,-1.14609835139,map_000000111.png
0.82588443888,1.59804962734,0.00282360151994,0.349999236561,-0.000727557937387,3.56729142368e-05,3.91165253695,3.67009225873,-1.14609835139,map_000000112.png
0.86085807725,1.59808511338,0.00282740911231,0.349999185896,-0.000751535539432,2.86004506052e-05,3.91165253695,3.67009225873,-1.14609835139,map_000000113.png
0.897240583511,1.59811156236,0.00282662101321,0.349999220055,-0.000735455229418,3.45949083567e-05,3.91165253695,3.67009225873,-1.14609835139,map_000000114.png
0.932233303099,1.5981260731,0.00282110536989,0.349999169788,-0.000759000114592,2.74716876447e-05,3.91165253695,3.67009225873,-1.14609835139,map_000000115.png
0.967206941698,1.59816055396,0.00282471884928,0.349999169788,-0.000759000114592,2.74716876447e-05,3.91165253695,3.67009225873,-1.14609835139,map_000000116.png
1.00219966133,1.59817450224,0.0028192037172,0.349999202784,-0.00074362912693,3.41003760695e-05,3.91165253695,3.67009225873,-1.14609835139,map_000000117.png
1.03858216657,1.59819924852,0.00281821354101,0.349999152334,-0.00076700665269,2.7269590646e-05,3.91165253695,3.67009225873,-1.14609835139,map_000000118.png
1.07355580567,1.59823178254,0.00282147200628,0.349999195635,-0.000746986156882,3.41297127306e-05,3.91165253695,3.67009225873,-1.14609835139,map_000000119.png
1.10854852794,1.59824491819,0.00281576075027,0.349999188131,-0.000750494099392,3.42056155205e-05,3.91165253695,3.67009225873,-1.14609835139,map_000000120.png
1.14352216624,1.5982780498,0.00281952601241,0.349999185437,-0.000751749256818,3.50647605956e-05,3.91165253695,3.67009225873,-1.14609835139,map_000000121.png
1.17990467405,1.59830249613,0.00281878407299,0.349999185437,-0.000751749256818,3.50647605956e-05,3.91165253695,3.67009225873,-1.14609835139,map_000000122.png
1.21489739436,1.59831660448,0.00281414924736,0.349999133722,-0.000775453014546,2.80090607703e-05,3.91165253695,3.67009225873,-1.14609835139,map_000000123.png
1.24987103523,1.59834768854,0.00281705011677,0.349999121307,-0.000781036440821,2.77124345303e-05,3.91165253695,3.67009225873,-1.14609835139,map_000000124.png
1.28486375701,1.59835910021,0.0028114144919,0.349999156304,-0.000765192759368,3.32552008331e-05,3.91165253695,3.67009225873,-1.14609835139,map_000000125.png
1.32124626727,1.59838060805,0.00281013848663,0.349999109543,-0.000786290589763,2.74968333542e-05,3.91165253695,3.67009225873,-1.14609835139,map_000000126.png
1.35621990884,1.59841164856,0.00281362492151,0.349999151518,-0.000767379004293,3.50498594344e-05,3.91165253695,3.67009225873,-1.14609835139,map_000000127.png
1.39121263188,1.59842210324,0.00280779069941,0.349999151518,-0.000767379004293,3.50498594344e-05,3.91165253695,3.67009225873,-1.14609835139,map_000000128.png
1.42618627299,1.59845255079,0.00281150027503,0.34999910075,-0.000790194944402,2.84155830741e-05,3.91165253695,3.67009225873,-1.14609835139,map_000000129.png
1.46256878235,1.59847349042,0.00281038250916,0.349999147184,-0.00076935287209,3.57599928975e-05,3.91165253695,3.67009225873,-1.14609835139,map_000000130.png
1.49756150532,1.59848427536,0.00280492566214,0.349999096447,-0.000792098365278,2.87918373942e-05,3.91165253695,3.67009225873,-1.14609835139,map_000000131.png
1.5325351465,1.5985143543,0.00280871437029,0.349999339765,-0.0006760898622,0.000373736489564,3.91165253695,3.67009225873,-1.14609835139,map_000000132.png
1.56752786911,1.59852405628,0.00280317099623,0.349999991169,-3.33918839752e-05,0.00271675363183,3.91165253695,3.67009225873,-1.14609835139,map_000000133.png
1.60250150271,1.59856408304,0.00284015884689,0.349999991169,-3.33918839752e-05,0.00271675363183,3.91165253695,3.67009225873,-1.14609835139,map_000000134.png
1.63888390349,1.59864935733,0.00305844115678,0.349992757452,0.00225048096255,0.0110499151051,3.91165253695,3.67009225873,-1.14609835139,map_000000135.png
1.67387546028,1.5988826688,0.00380898730727,0.34991756219,0.00759569645543,0.0316304154694,3.91165253695,3.67009225873,-1.14609835139,map_000000136.png
1.70884482761,1.59946898329,0.00570615111296,0.349885991351,0.00893241231012,0.031312122941,3.91165253695,3.67009225873,-1.14609835139,map_000000137.png
1.74381735706,1.60047159274,0.00880980980666,0.34689239688,0.0410599200673,0.145660489798,3.91165253695,3.67009225873,-1.14609835139,map_000000138.png
1.78019049598,1.6017368333,0.0120053972044,0.346698514969,0.0450939405177,0.141052126884,3.91165253695,3.67009225873,-1.14609835139,map_000000139.png
1.81477522123,1.60636677697,0.0263314014987,0.346698514969,0.0450939405177,0.141052126884,3.91165253695,3.67009225873,-1.14609835139,map_000000140.png
1.84926461596,1.61179452081,0.0402860227081,0.330820312067,0.0832151550083,0.270799398422,3.91165253695,3.67009225873,-1.14609835139,map_000000141.png
1.88260213039,1.62003175539,0.0618145045429,0.303681749628,0.131991386011,0.478431731462,3.91165253695,3.67009225873,-1.14609835139,map_000000142.png
1.91500460621,1.63279162311,0.0976740175782,0.2979254851,0.139354927285,0.457657784224,3.91165253695,3.67009225873,-1.14609835139,map_000000143.png
1.94347609532,1.64922439217,0.144313638347,0.231314428729,0.208197391146,0.728299081326,3.91165253695,3.67009225873,-1.14609835139,map_000000144.png
1.97061819854,1.66744594036,0.189310825407,0.206550135489,0.225086445963,0.815847039223,3.91165253695,3.67009225873,-1.14609835139,map_000000145.png
1.98903105935,1.69198081001,0.259867625776,0.206550135489,0.225086445963,0.815847039223,3.91165253695,3.67009225873,-1.14609835139,map_000000146.png
2.00358751522,1.7196744335,0.341235822633,0.215183927324,0.223030610009,0.748621404171,3.91165253695,3.67009225873,-1.14609835139,map_000000147.png
2.01524287713,1.74761865776,0.417496347101,0.230099802815,0.210620005592,0.717927455902,3.91165253695,3.67009225873,-1.14609835139,map_000000148.png
2.02574218991,1.77631384757,0.490145152428,0.291874983089,0.142891650484,0.519292294979,3.91165253695,3.67009225873,-1.14609835139,map_000000149.png
2.03687685485,1.8050606095,0.557601850222,0.31733870168,0.0979485843427,0.41049015522,3.91165253695,3.67009225873,-1.14609835139,map_000000150.png
2.05430794572,1.83373913599,0.610703146609,0.33474473804,0.0518515393584,0.30943980813,3.91165253695,3.67009225873,-1.14609835139,map_000000151.png
2.07420439265,1.86011899972,0.651490264978,0.33474473804,0.0518515393584,0.30943980813,3.91165253695,3.67009225873,-1.14609835139,map_000000152.png
2.09644302916,1.88529588384,0.684305006088,0.342016544117,0.0217180195,0.248933687806,3.91165253695,3.67009225873,-1.14609835139,map_000000153.png
2.12031279108,1.90954869361,0.711401840171,0.34670368846,-0.00233911444721,0.18783377111,3.91165253695,3.67009225873,-1.14609835139,map_000000154.png
2.14640031228,1.93401395516,0.734455584804,0.348902154093,-0.0276998520367,0.107831157744,3.91165253695,3.67009225873,-1.14609835139,map_000000155.png
2.17248587535,1.95690024303,0.751668058011,0.348847106695,-0.0283846980595,0.107864826918,3.91165253695,3.67009225873,-1.14609835139,map_000000156.png
2.19981524106,1.97875885822,0.762270036519,0.348847106695,-0.0283846980595,0.107864826918,3.91165253695,3.67009225873,-1.14609835139,map_000000157.png
2.22691132436,2.0009059864,0.772872004245,0.348178821344,-0.0356581449435,0.0524811968207,3.91165253695,3.67009225873,-1.14609835139,map_000000158.png
2.25526550251,2.02372140067,0.779542951912,0.348554631857,-0.0317752033011,0.0391168445349,3.91165253695,3.67009225873,-1.14609835139,map_000000159.png
2.28236748438,2.04585389495,0.783966406716,0.348507954314,-0.0322831335734,0.0391275845468,3.91165253695,3.67009225873,-1.14609835139,map_000000160.png
2.30927995807,2.06821657192,0.787811838681,0.349162544935,-0.0241973582891,0.0144961345941,3.91165253695,3.67009225873,-1.14609835139,map_000000161.png
2.33610537316,2.09068279382,0.791561202225,0.349723937381,-0.0138982932979,0.00272197974846,3.91165253695,3.67009225873,-1.14609835139,map_000000162.png
2.36234677041,2.11382221834,0.792985374245,0.349723937381,-0.0138982932979,0.00272197974846,3.91165253695,3.67009225873,-1.14609835139,map_000000163.png
2.38895032585,2.13864313461,0.793348190919,0.34987826601,-0.00923005455852,-0.00290346890688,3.91165253695,3.67009225873,-1.14609835139,map_000000164.png
2.41421697111,2.16284091688,0.793194230736,0.349958787072,-0.00537050133476,-0.00473624886945,3.91165253695,3.67009225873,-1.14609835139,map_000000165.png
2.43926293267,2.18726842214,0.792821428156,0.349996986422,-0.00145066504826,-0.00490898266435,3.91165253695,3.67009225873,-1.14609835139,map_000000166.png
2.46413261182,2.21187716536,0.79234415446,0.349997087426,-0.00142608794356,-0.00491292541847,3.91165253695,3.67009225873,-1.14609835139,map_000000167.png
2.4897728899,2.23769529977,0.791855483643,0.349999962511,0.00014551974935,-0.00357076432556,3.91165253695,3.67009225873,-1.14609835139,map_000000168.png
2.51446856803,2.26247915092,0.791363766434,0.349999962511,0.00014551974935,-0.00357076432556,3.91165253695,3.67009225873,-1.14609835139,map_000000169.png
2.5390580603,2.2873681155,0.791004119577,0.3499999436,0.000185509520862,-0.0035742581822,3.91165253695,3.67009225873,-1.14609835139,map_000000170.png
2.5636476243,2.31225669464,0.790652970905,0.349999938363,0.000195139246007,-0.00207355385646,3.91165253695,3.67009225873,-1.14609835139,map_000000171.png
2.58923903751,2.33812244582,0.790362325315,0.349999836514,-0.000330717029317,-0.000997698865831,3.91165253695,3.67009225873,-1.14609835139,map_000000172.png
2.6138534304,2.36298425007,0.790191145943,0.349999490402,-0.000593002541345,-0.000564363785088,3.91165253695,3.67009225873,-1.14609835139,map_000000173.png
2.63849908299,2.38781507808,0.790096852154,0.349998931373,-0.000861957964101,-0.000302750151604,3.91165253695,3.67009225873,-1.14609835139,map_000000174.png
2.6631631999,2.41262756609,0.790040423193,0.349998931373,-0.000861957964101,-0.000302750151604,3.91165253695,3.67009225873,-1.14609835139,map_000000175.png
2.68882386285,2.43842254534,0.790012909037,0.349998339598,-0.00107573811699,-0.000163707416505,3.91165253695,3.67009225873,-1.14609835139,map_000000176.png
2.71352004225,2.46320311764,0.789991856281,0.349997749354,-0.00125314835489,-7.81072303653e-05,3.91165253695,3.67009225873,-1.14609835139,map_000000177.png
2.7382274607,2.48797248636,0.789978849438,0.349996654079,-0.00152874691828,-8.36793333292e-06,3.91165253695,3.67009225873,-1.14609835139,map_000000178.png
2.7629466462,2.51273011222,0.789972097469,0.349996306944,-0.00160625627496,8.84523615241e-06,3.91165253695,3.67009225873,-1.14609835139,map_000000179.png
2.78866047022,2.53847238134,0.78997688846,0.349996327607,-0.00160174749869,6.55464828014e-06,3.91165253695,3.67009225873,-1.14609835139,map_000000180.png
2.81339933276,2.56321034651,0.789976873144,0.349996327607,-0.00160174749869,6.55464828014e-06,3.91165253695,3.67009225873,-1.14609835139,map_000000181.png
2.83813790907,2.58794859903,0.789976221754,0.349996107631,-0.00164911390973,1.51069834828e-05,3.91165253695,3.67009225873,-1.14609835139,map_000000182.png
2.86287874879,2.61268458861,0.789976240547,0.349995926016,-0.00168721845399,5.63403591514e-06,3.91165253695,3.67009225873,-1.14609835139,map_000000183.png
2.88862401311,2.63839541581,0.789967689878,0.349996000626,-0.0016716696859,2.47405841947e-06,3.91165253695,3.67009225873,-1.14609835139,map_000000184.png
2.91336831115,2.66312794345,0.789967067088,0.349996017003,-0.00166823730646,1.85333192348e-07,3.91165253695,3.67009225873,-1.14609835139,map_000000185.png
2.93811181716,2.68786126522,0.789966156677,0.349996352697,-0.00159625581271,1.16564333439e-05,3.91165253695,3.67009225873,-1.14609835139,map_000000186.png
2.96285512449,2.71259478735,0.789964973007,0.349996352697,-0.00159625581271,1.16564333439e-05,3.91165253695,3.67009225873,-1.14609835139,map_000000187.png
2.98759418374,2.73733255758,0.78996485831,0.34999637205,-0.00159200669754,9.37189906836e-06,3.91165253695,3.67009225873,-1.14609835139,map_000000188.png
2.98759418374,2.73733255758,0.78996485831,0.34999655039,-0.00155230428223,8.20588320494e-06,3.91165253695,3.67009225873,-1.14609835139,map_000000189.png
3.01331891183,2.76306327696,0.789966513584,0.349996530729,-0.00155673087795,3.44030559063e-06,3.91165253695,3.67009225873,-1.14609835139,map_000000190.png
3.03805551475,2.78780350071,0.789966247527,0.34999652844,-0.00155724552834,1.15623697639e-06,3.91165253695,3.67009225873,-1.14609835139,map_000000191.png
3.06279073939,2.81254510313,0.78996564648,0.349996549166,-0.0015525803137,-7.28759914637e-07,3.91165253695,3.67009225873,-1.14609835139,map_000000192.png
3.08752622081,2.83728645051,0.789965055252,0.349996549166,-0.0015525803137,-7.28759914637e-07,3.91165253695,3.67009225873,-1.14609835139,map_000000193.png
3.11326093595,2.86300783541,0.789956713969,0.349996549166,-0.0015525803137,-7.28759914637e-07,3.91165253695,3.67009225873,-1.14609835139,map_000000194.png
3.13799620916,2.88774938899,0.78995583805,0.349996492831,-0.00156522821652,-1.22468918562e-06,3.91165253695,3.67009225873,-1.14609835139,map_000000195.png
3.16273204404,2.91249038311,0.789954280672,0.349996608286,-0.00153919526433,5.75510784984e-06,3.91165253695,3.67009225873,-1.14609835139,map_000000196.png
3.1874676215,2.93723163569,0.789953519628,0.349996608286,-0.00153919526433,5.75510784984e-06,3.91165253695,3.67009225873,-1.14609835139,map_000000197.png
3.21318191196,2.96297311903,0.789959799501,0.349996563517,-0.00154934165931,6.95418566465e-06,3.91165253695,3.67009225873,-1.14609835139,map_000000198.png
3.23791631855,2.98771553851,0.789959376633,0.349996400121,-0.00158582335759,-4.74276021123e-06,3.91165253695,3.67009225873,-1.14609835139,map_000000199.png
3.26265142709,3.01245725882,0.789958911117,0.349996400121,-0.00158582335759,-4.74276021123e-06,3.91165253695,3.67009225873,-1.14609835139,map_000000200.png
3.28738871475,3.03719679781,0.789957430801,0.349996382866,-0.00158962706163,-8.67107883096e-06,3.91165253695,3.67009225873,-1.14609835139,map_000000201.png
3.31310662195,3.06293498418,0.789962169679,0.359996244426,-0.00164087161388,-1.02529302239e-05,3.91165253695,3.67009225873,-1.14609835139,map_000000202.png
3.33815585735,3.08798457808,0.789960195112,0.368194177433,-0.00167745881945,-1.031300053e-05,3.91165253695,3.67009225873,-1.14609835139,map_000000203.png
3.36374023978,3.11356878648,0.78995802414,0.358194181246,-0.00165865382966,-1.67395919561e-05,3.91165253695,3.67009225873,-1.14609835139,map_000000204.png
3.38976501363,3.13959335204,0.789955723146,0.348194306993,-0.00161000616885,-1.90208666027e-05,3.91165253695,3.67009225873,-1.14609835139,map_000000205.png
3.41611000873,3.16590970088,0.789944446522,0.348194306993,-0.00161000616885,-1.90208666027e-05,3.91165253695,3.67009225873,-1.14609835139,map_000000206.png
3.44083608132,3.19063190005,0.789941477256,0.328194573229,-0.00151069979106,-1.6872305423e-05,3.91165253695,3.67009225873,-1.14609835139,map_000000207.png
3.46454399868,3.21433663294,0.789938700967,0.318194892496,-0.0014179870689,-2.23610550165e-06,3.91165253695,3.67009225873,-1.14609835139,map_000000208.png
3.48745880589,3.23725122978,0.789936534861,0.308195047357,-0.00136259124751,-5.54136931896e-08,3.91165253695,3.67009225873,-1.14609835139,map_000000209.png
3.51067449195,3.26047635543,0.789937167989,0.298195203496,-0.00130822020917,1.837965101e-06,3.91165253695,3.67009225873,-1.14609835139,map_000000210.png
3.53242746391,3.28223446132,0.789936031375,0.288195334087,-0.00125822569387,2.81585380435e-06,3.91165253695,3.67009225873,-1.14609835139,map_000000211.png
3.55350130294,3.30331461127,0.789935282402,0.288195334087,-0.00125822569387,2.81585380435e-06,3.91165253695,3.67009225873,-1.14609835139,map_000000212.png
3.57400944743,3.32382955722,0.789934672862,0.268195503334,-0.00118076444792,-9.67178493738e-07,3.91165253695,3.67009225873,-1.14609835139,map_000000213.png
3.59352856515,3.34335445914,0.789933698007,0.258195597569,-0.00114070512695,-2.1131709218e-06,3.91165253695,3.67009225873,-1.14609835139,map_000000214.png
3.61296795138,3.36277942436,0.789925847804,0.248195665944,-0.00110149994646,-3.46731394529e-06,3.91165253695,3.67009225873,-1.14609835139,map_000000215.png
3.63107431934,3.38088983285,0.789924745424,0.238195739087,-0.00106090537074,-4.27244231105e-06,3.91165253695,3.67009225873,-1.14609835139,map_000000216.png
3.64861560341,3.39843442377,0.789923616792,0.238195739087,-0.00106090537074,-4.27244231105e-06,3.91165253695,3.67009225873,-1.14609835139,map_000000217.png
3.66547868591,3.4153001327,0.789922302868,0.21819603281,-0.000947152847386,4.62401658297e-06,3.91165253695,3.67009225873,-1.14609835139,map_000000218.png
3.68184505233,3.43169102095,0.789928662406,0.20819612569,-0.000903066836245,4.0540471673e-06,3.91165253695,3.67009225873,-1.14609835139,map_000000219.png
3.69686887993,3.44672057056,0.789928423868,0.198196221253,-0.000858063685953,3.76161187887e-06,3.91165253695,3.67009225873,-1.14609835139,map_000000220.png
3.71132730734,3.46118462056,0.789928253589,0.18819617219,-0.000845538498576,-8.03917646408e-06,3.91165253695,3.67009225873,-1.14609835139,map_000000221.png
3.72524885248,3.47511120425,0.78992770162,0.178196252467,-0.000805558671433,-9.94605943561e-06,3.91165253695,3.67009225873,-1.14609835139,map_000000222.png
3.7390729479,3.48895550687,0.789932913053,0.178196252467,-0.000805558671433,-9.94605943561e-06,3.91165253695,3.67009225873,-1.14609835139,map_000000223.png
3.75169638034,3.50157913093,0.789931267843,0.158196396029,-0.000724779705356,-1.3392418623e-05,3.91165253695,3.67009225873,-1.14609835139,map_000000224.png
3.76321774383,3.51309957436,0.789929422703,0.148196370285,-0.000706394458247,-2.34749168158e-05,3.91165253695,3.67009225873,-1.14609835139,map_000000225.png
3.77403345689,3.52391202582,0.789927134082,0.138196478429,-0.000659018447046,-2.32746824622e-05,3.91165253695,3.67009225873,-1.14609835139,map_000000226.png
3.78468765547,3.53453660904,0.789916076444,0.128196592064,-0.000610078402439,-2.27731652558e-05,3.91165253695,3.67009225873,-1.14609835139,map_000000227.png
3.79434496299,3.54418911799,0.789913372785,0.118196726929,-0.000557795404841,-2.16066837311e-05,3.91165253695,3.67009225873,-1.14609835139,map_000000228.png
3.80340835597,3.55324810989,0.789910711524,0.118196726929,-0.000557795404841,-2.16066837311e-05,3.91165253695,3.67009225873,-1.14609835139,map_000000229.png
3.81182103739,3.56165727171,0.78990819875,0.103032091923,-0.000434213572399,-5.48735260963e-06,3.91165253695,3.67009225873,-1.14609835139,map_000000230.png
3.81969111979,3.56953488815,0.789908629589,0.0930322304613,-0.000379831293894,-3.7532299757e-06,3.91165253695,3.67009225873,-1.14609835139,map_000000231.png
3.82657529356,3.5764240861,0.789907828359,0.0830323682528,-0.000326687972773,-2.24029645324e-06,3.91165253695,3.67009225873,-1.14609835139,map_000000232.png
3.83295012118,3.58280482292,0.789907193538,0.0765158945371,-0.000305091767266,-5.14136627316e-06,3.91165253695,3.67009225873,-1.14609835139,map_000000233.png
3.83876043119,3.58862171963,0.789906844989,0.0765158543755,-0.000315003156372,-7.49807804823e-06,3.91165253695,3.67009225873,-1.14609835139,map_000000234.png
3.84439180514,3.5942396164,0.789899319428,0.0765158543755,-0.000315003156372,-7.49807804823e-06,3.91165253695,3.67009225873,-1.14609835139,map_000000235.png
3.84979795229,3.59965002923,0.789898301252,0.076515826402,-0.000321726305627,-9.22940671444e-06,3.91165253695,3.67009225873,-1.14609835139,map_000000236.png
3.8552044742,3.60506006731,0.789897142289,0.0765159160666,-0.000299643609219,-1.95112079382e-07,3.91165253695,3.67009225873,-1.14609835139,map_000000237.png
3.86061032525,3.61047077565,0.789896450123,0.0765159032405,-0.00030290112167,-9.18749719858e-07,3.91165253695,3.67009225873,-1.14609835139,map_000000238.png
3.86601549714,3.61588216272,0.78989637238,0.0665159953308,-0.000260185028539,-1.0,3.91165253695,3.67009225873,-1.14609835139,map_000000239.png
3.87147209694,3.62150472851,0.778097245308,0.0499996157423,-0.0001964753752,-1.0,3.91165253695,3.67009225873,-1.14609835139,map_000000240.png
3.8758326386,3.62659900153,0.679742248269,0.0499996157423,-0.0001964753752,-1.0,3.91165253695,3.67009225873,-1.14609835139,map_000000241.png
3.87946281296,3.63043325992,0.5814108124,0.0499997421568,0.000161124822776,-1.0,3.91165253695,3.67009225873,-1.14609835139,map_000000242.png
3.88327727202,3.63377911364,0.483066849964,0.0498368329323,0.00403611945122,-1.0,3.91165253695,3.67009225873,-1.14609835139,map_000000243.png
3.88749190812,3.63705175513,0.380793938055,0.049252814246,0.00861164710132,-1.0,3.91165253695,3.67009225873,-1.14609835139,map_000000244.png
3.89169391146,3.64009270627,0.282466254741,0.0479921403653,0.0140269255402,-1.0,3.91165253695,3.67009225873,-1.14609835139,map_000000245.png
3.89604259806,3.64301875065,0.184120898721,0.0427711362335,0.0258965264514,-1.0,3.91165253695,3.67009225873,-1.14609835139,map_000000246.png
3.90046496278,3.64601988596,0.0857958844379,0.0427711362335,0.0258965264514,-1.0,3.91165253695,3.67009225873,-1.14609835139,map_000000247.png
3.90484155014,3.64972114563,-0.0164711688529,0.0387632803863,0.0315817711766,-1.0,3.91165253695,3.67009225873,-1.14609835139,map_000000248.png
3.90909138689,3.65338078483,-0.114808801699,0.0339837507703,0.0366756712349,-1.0,3.91165253695,3.67009225873,-1.14609835139,map_000000249.png
3.91338934041,3.65706447684,-0.213157636565,0.0,0.0,-1.0,3.91165253695,3.67009225873,-1.14609835139,map_000000250.png
3.91663601288,3.65994257183,-0.311496246374,0.0,0.0,-1.0,3.91165253695,3.67009225873,-1.14609835139,map_000000251.png
3.91698434798,3.66086366811,-0.41376770397,0.0,0.0,-1.0,3.91165253695,3.67009225873,-1.14609835139,map_000000252.png
3.91739098911,3.66168929313,-0.512118344791,0.0,0.0,-1.0,3.91165253695,3.67009225873,-1.14609835139,map_000000253.png
3.91790630899,3.66250896928,-0.610446389969,0.0,0.0,-1.0,3.91165253695,3.67009225873,-1.14609835139,map_000000254.png
3.9184640659,3.66323773208,-0.708798204954,0.0,0.0,-0.945377707481,3.91165253695,3.67009225873,-1.14609835139,map_000000255.png
3.91912553708,3.6639441209,-0.808487942952,0.0,0.0,-0.798202633858,3.91165253695,3.67009225873,-1.14609835139,map_000000256.png
3.9197852487,3.66452151888,-0.8973919241,0.0,0.0,-0.501626729965,3.91165253695,3.67009225873,-1.14609835139,map_000000257.png
3.92039271465,3.66496056054,-0.973543191326,0.0,0.0,-0.36843958497,3.91165253695,3.67009225873,-1.14609835139,map_000000258.png
3.9207825852,3.66522536335,-1.02287019376,0.0,0.0,-0.36843958497,3.91165253695,3.67009225873,-1.14609835139,map_000000259.png
3.92111228293,3.66541804185,-1.06264441932,0.0,0.0,-0.254337012768,3.91165253695,3.67009225873,-1.14609835139,map_000000260.png
3.92136093468,3.66555532679,-1.09124012194,0.0,0.0,-0.180432826281,3.91165253695,3.67009225873,-1.14609835139,map_000000261.png
3.92154063549,3.66564299214,-1.11305623226,0.0,0.0,-0.120894707739,3.91165253695,3.67009225873,-1.14609835139,map_000000262.png
3.92167974466,3.66571022464,-1.12939478127,0.0,0.0,0.0,3.91165253695,3.67009225873,-1.14609835139,map_000000263.png
