3.92179013839,3.66574836589,-1.14080419846,0.0,0.0,0.0,5.52651946475,2.51995521812,-1.47140097102,map_000000001.png
3.92179012993,3.6657483591,-1.1408034169,0.0,0.0,0.0,5.52651946475,2.51995521812,-1.47140097102,map_000000002.png
3.9217901303,3.66574836339,-1.14080393862,0.0,0.0,0.0,5.52651946475,2.51995521812,-1.47140097102,map_000000003.png
3.92179012424,3.6657483627,-1.14080356182,0.0,0.0,0.0,5.52651946475,2.51995521812,-1.47140097102,map_000000004.png
3.92179012228,3.66574836525,-1.14080376213,0.0499512575357,0.0332396155451,1.0,5.52651946475,2.51995521812,-1.47140097102,map_000000005.png
3.92283053031,3.6649304592,-1.11719217869,0.055001077332,0.0432999024299,1.0,5.52651946475,2.51995521812,-1.47140097102,map_000000006.png
3.92731348018,3.66170263531,-1.01885208478,0.0598990508163,0.0530292706874,1.0,5.52651946475,2.51995521812,-1.47140097102,map_000000007.png
3.93321734287,3.65907586591,-0.92050837335,0.0598990508163,0.0530292706874,1.0,5.52651946475,2.51995521812,-1.47140097102,map_000000008.png
3.94017163776,3.65723476994,-0.8221781436,0.0663748264661,0.0607814255376,1.0,5.52651946475,2.51995521812,-1.47140097102,map_000000009.png
3.94843514739,3.65620916263,-0.719905193493,0.0720164023782,0.0693803764307,1.0,5.52651946475,2.51995521812,-1.47140097102,map_000000010.png
3.95722024042,3.65624588162,-0.621556469592,0.0991178369749,0.0676435679383,1.0,5.52651946475,2.51995521812,-1.47140097102,map_000000011.png
3.96695434883,3.65704290984,-0.52322769769,0.106778280453,0.0741511837703,1.0,5.52651946475,2.51995521812,-1.47140097102,map_000000012.png
3.97842218955,3.65769298278,-0.424881988922,0.128769192778,0.0549408338458,0.786789238453,5.52651946475,2.51995521812,-1.47140097102,map_000000013.png
3.99122247918,3.6598764516,-0.322609691247,0.128769192778,0.0549408338458,0.786789238453,5.52651946475,2.51995521812,-1.47140097102,map_000000014.png
4.00456973261,3.66128622943,-0.241067138655,0.143182430366,0.0447078575694,0.639531373978,5.52651946475,2.51995521812,-1.47140097102,map_000000015.png
4.01889177089,3.66260584426,-0.17239108328,0.167062785147,0.0314647539672,0.486546039581,5.52651946475,2.51995521812,-1.47140097102,map_000000016.png
4.03449126047,3.66380456676,-0.115520831271,0.179290258921,0.0159690747119,0.356067210436,5.52651946475,2.51995521812,-1.47140097102,map_000000017.png
4.05226392907,3.66469207439,-0.0683308509872,0.189988204675,0.00211976495599,0.253170013428,5.52651946475,2.51995521812,-1.47140097102,map_000000018.png
4.07023311161,3.66502111163,-0.033322088989,0.199720517519,-0.0105701886895,0.167947158217,5.52651946475,2.51995521812,-1.47140097102,map_000000019.png
4.08921108059,3.66459502982,-0.00842533000065,0.199720517519,-0.0105701886895,0.167947158217,5.52651946475,2.51995521812,-1.47140097102,map_000000020.png
4.10899053727,3.66363054679,0.00976027570414,0.207326561532,-0.0334022939163,0.0240694116801,5.52651946475,2.51995521812,-1.47140097102,map_000000021.png
4.13027461654,3.66133176839,0.0178847470274,0.224649229434,-0.049322889951,-0.0823250934482,5.52651946475,2.51995521812,-1.47140097102,map_000000022.png
4.1517582816,3.65776304127,0.0160654225923,0.234791667431,-0.0497282414001,-0.0945411622524,5.52651946475,2.51995521812,-1.47140097102,map_000000023.png
4.17447461049,3.6531798317,0.00773118887303,0.244793386258,-0.0507565547162,-0.094574585557,5.52651946475,2.51995521812,-1.47140097102,map_000000024.png
4.19796043778,3.64837495773,-0.00156405513837,0.254583032268,-0.0527968408878,-0.155882820487,5.52651946475,2.51995521812,-1.47140097102,map_000000025.png
4.22338642815,3.643023163,-0.0112393276362,0.254583032268,-0.0527968408878,-0.155882820487,5.52651946475,2.51995521812,-1.47140097102,map_000000026.png
4.24858153522,3.63748567022,-0.0255929243252,0.264522107213,-0.0541116843344,-0.155936658382,5.52651946475,2.51995521812,-1.47140097102,map_000000027.png
4.27447151122,3.63140480508,-0.040927522081,0.282609041604,-0.0650549388224,-0.240588590503,5.52651946475,2.51995521812,-1.47140097102,map_000000028.png
4.30133634616,3.62440161806,-0.0595948688137,0.278735021147,-0.110935979566,-0.446701228619,5.52651946475,2.51995521812,-1.47140097102,map_000000029.png
4.32890763416,3.61527196376,-0.0873003557924,0.288576931192,-0.113240263649,-0.418850898743,5.52651946475,2.51995521812,-1.47140097102,map_000000030.png
4.32890763416,3.61527196376,-0.0873003557924,0.251098927026,-0.182122752904,-0.733747243881,5.52651946475,2.51995521812,-1.47140097102,map_000000031.png
4.35650080941,3.60108465762,-0.132981942375,0.251098927026,-0.182122752904,-0.733747243881,5.52651946475,2.51995521812,-1.47140097102,map_000000032.png
4.38334820462,3.58589907243,-0.174168122979,0.250843320592,-0.182474646988,-0.733993530273,5.52651946475,2.51995521812,-1.47140097102,map_000000033.png
4.40536215318,3.56484577611,-0.240127631235,0.235465328234,-0.199206350329,-0.761459767818,5.52651946475,2.51995521812,-1.47140097102,map_000000034.png
4.42475971066,3.54115433856,-0.312298472317,0.235465328234,-0.199206350329,-0.761459767818,5.52651946475,2.51995521812,-1.47140097102,map_000000035.png
4.44220564299,3.5147055603,-0.388446378646,0.256507139076,-0.18267325956,-0.662775814533,5.52651946475,2.51995521812,-1.47140097102,map_000000036.png
4.45616743417,3.48761904464,-0.461764116821,0.294281353121,-0.136907949131,-0.515413403511,5.52651946475,2.51995521812,-1.47140097102,map_000000037.png
4.470417843,3.45994021976,-0.526939718837,0.294180705528,-0.137124081856,-0.515586495399,5.52651946475,2.51995521812,-1.47140097102,map_000000038.png
4.48831686283,3.43321464375,-0.578198144619,0.294180705528,-0.137124081856,-0.515586495399,5.52651946475,2.51995521812,-1.47140097102,map_000000039.png
4.50569677652,3.40454224202,-0.630919755717,0.337231978234,-0.039287039786,-0.287667006254,5.52651946475,2.51995521812,-1.47140097102,map_000000040.png
4.52662919369,3.37914516093,-0.668170930773,0.344657218692,-0.00483235877742,-0.208681628108,5.52651946475,2.51995521812,-1.47140097102,map_000000041.png
4.5514796462,3.35585047691,-0.693659771381,0.344666002195,-0.00415896840366,-0.208752289414,5.52651946475,2.51995521812,-1.47140097102,map_000000042.png
4.5775724214,3.33334978561,-0.714182084453,0.349372422835,0.0209500619523,-0.124470077455,5.52651946475,2.51995521812,-1.47140097102,map_000000043.png
4.6042664266,3.30942728682,-0.735526899429,0.349162231176,0.0242018853421,-0.0937291458249,5.52651946475,2.51995521812,-1.47140097102,map_000000044.png
4.63150827469,3.28748260702,-0.747764805812,0.349162231176,0.0242018853421,-0.0937291458249,5.52651946475,2.51995521812,-1.47140097102,map_000000045.png
4.65864883425,3.26539235132,-0.757706329511,0.349097106681,0.025123794313,-0.0483926385641,5.52651946475,2.51995521812,-1.47140097102,map_000000046.png
4.68566021667,3.2431484322,-0.76442443997,0.349057544511,0.025667597351,-0.0484097898006,5.52651946475,2.51995521812,-1.47140097102,map_000000047.png
4.71365369952,3.21989730727,-0.769372442828,0.349303754277,0.0220654068974,-0.0360380746424,5.52651946475,2.51995521812,-1.47140097102,map_000000048.png
4.74045530979,3.19738323006,-0.77393706009,0.349524879919,0.018230558175,-0.0259739290923,5.52651946475,2.51995521812,-1.47140097102,map_000000049.png
4.76694367425,3.17454410297,-0.777477616526,0.349524879919,0.018230558175,-0.0259739290923,5.52651946475,2.51995521812,-1.47140097102,map_000000050.png
4.79312957409,3.15132117286,-0.780068737866,0.349743663021,0.0133927260306,-0.0198262445629,5.52651946475,2.51995521812,-1.47140097102,map_000000051.png
4.82003313385,3.1268244485,-0.782264365838,0.349958641167,0.00538000059305,-0.00830651074648,5.52651946475,2.51995521812,-1.47140097102,map_000000052.png
4.8454549275,3.10279631841,-0.783578736916,0.349992611411,0.00227307970874,-0.00442359223962,5.52651946475,2.51995521812,-1.47140097102,map_000000053.png
4.87055229633,3.07841740844,-0.784288182353,0.3499998461,-0.000320411143939,-0.00143937417306,5.52651946475,2.51995521812,-1.47140097102,map_000000054.png
4.89544509879,3.05385200784,-0.784687106952,0.349995552006,-0.00176309661673,0.000530709978193,5.52651946475,2.51995521812,-1.47140097102,map_000000055.png
4.92017756155,3.02910802493,-0.784828255669,0.349995552006,-0.00176309661673,0.000530709978193,5.52651946475,2.51995521812,-1.47140097102,map_000000056.png
4.94580805424,3.00326405479,-0.784788882367,0.369989076647,-0.00283920490009,0.00204361253418,5.52651946475,2.51995521812,-1.47140097102,map_000000057.png
4.97145202931,2.9772878867,-0.784622690205,0.359989348856,-0.00276715930373,0.00218403572217,5.52651946475,2.51995521812,-1.47140097102,map_000000058.png
4.9970333929,2.95135302326,-0.784413653907,0.349991360258,-0.002458186025,0.00212471163832,5.52651946475,2.51995521812,-1.47140097102,map_000000059.png
5.02208061276,2.92598059715,-0.784199669908,0.339993953641,-0.00202886167576,0.00184152263682,5.52651946475,2.51995521812,-1.47140097102,map_000000060.png
5.04755088152,2.90022240744,-0.783985996437,0.329996296937,-0.001566714246,0.00152758997865,5.52651946475,2.51995521812,-1.47140097102,map_000000061.png
5.07148319594,2.87607286958,-0.783805020574,0.329996296937,-0.001566714246,0.00152758997865,5.52651946475,2.51995521812,-1.47140097102,map_000000062.png
5.09475980877,2.85264795376,-0.783652421609,0.309999113439,-0.000753057279924,0.000865981215611,5.52651946475,2.51995521812,-1.47140097102,map_000000063.png
5.1170393911,2.83030867147,-0.783548907445,0.299999745564,-0.00042259840751,0.00069135800004,5.52651946475,2.51995521812,-1.47140097102,map_000000064.png
5.13942165354,2.80792539209,-0.783469154054,0.28999998751,-0.000193925279343,0.000461698509753,5.52651946475,2.51995521812,-1.47140097102,map_000000065.png
5.16041591751,2.78696317393,-0.783407740236,0.280000040103,9.09648401515e-05,0.00103872758336,5.52651946475,2.51995521812,-1.47140097102,map_000000066.png
5.1808675557,2.76657040202,-0.783355278242,0.27000001247,0.000166592992732,0.000918452860788,5.52651946475,2.51995521812,-1.47140097102,map_000000067.png
5.20070315295,2.7468290857,-0.783252375658,0.27000001247,0.000166592992732,0.000918452860788,5.52651946475,2.51995521812,-1.47140097102,map_000000068.png
5.22065185974,2.7269899734,-0.783156967731,0.249998936198,0.000759343990404,0.0032122801058,5.52651946475,2.51995521812,-1.47140097102,map_000000069.png
5.23880350354,2.70900324272,-0.782904136147,0.239993912139,0.00172108247645,0.00883637927473,5.52651946475,2.51995521812,-1.47140097102,map_000000070.png
5.25623761251,2.69183281857,-0.782299717163,0.229992270098,0.00189489564762,0.00869522243738,5.52651946475,2.51995521812,-1.47140097102,map_000000071.png
5.27318970357,2.67523688479,-0.781434987783,0.219991620067,0.0019288249542,0.00831788219512,5.52651946475,2.51995521812,-1.47140097102,map_000000072.png
5.29020885764,2.65863250845,-0.7805496174,0.199970643642,0.00343028635263,0.0174961015582,5.52651946475,2.51995521812,-1.47140097102,map_000000073.png
5.30596641786,2.64329949707,-0.779730908733,0.199970643642,0.00343028635263,0.0174961015582,5.52651946475,2.51995521812,-1.47140097102,map_000000074.png
5.32051966778,2.62937470449,-0.778083764068,0.189971698146,0.0032827424904,0.0161728840321,5.52651946475,2.51995521812,-1.47140097102,map_000000075.png
5.33450588743,2.61605829463,-0.776451976834,0.179899160706,0.0060258977831,0.0362673252821,5.52651946475,2.51995521812,-1.47140097102,map_000000076.png
5.34856716103,2.60291565121,-0.773771471286,0.169900464343,0.00581793050674,0.0338076986372,5.52651946475,2.51995521812,-1.47140097102,map_000000077.png
5.36161375185,2.59099639667,-0.770283335288,0.159903975307,0.00554356139478,0.0313702896237,5.52651946475,2.51995521812,-1.47140097102,map_000000078.png
5.37414464118,2.57963910345,-0.76697869594,0.13972532895,0.0087658503812,0.0637006312609,5.52651946475,2.51995521812,-1.47140097102,map_000000079.png
5.38603292453,2.56894223507,-0.76389464043,0.13972532895,0.0087658503812,0.0637006312609,5.52651946475,2.51995521812,-1.47140097102,map_000000080.png
5.39684694341,2.55971716826,-0.758011897906,0.129739768762,0.00822186616525,0.0587638914585,5.52651946475,2.51995521812,-1.47140097102,map_000000081.png
5.40746881785,2.55083704511,-0.75184784411,0.119756205053,0.00764575851097,0.054156370461,5.52651946475,2.51995521812,-1.47140097102,map_000000082.png
5.41711877763,2.54287366838,-0.746287211262,0.108947780033,0.0151785269251,0.152823701501,5.52651946475,2.51995521812,-1.47140097102,map_000000083.png
5.42631750304,2.53563925616,-0.738244371533,0.0989138915696,0.0146985832753,0.143627524376,5.52651946475,2.51995521812,-1.47140097102,map_000000084.png
5.43527785277,2.52943914275,-0.723291102776,0.0940189348143,0.0141354908691,0.123313188553,5.52651946475,2.51995521812,-1.47140097102,map_000000085.png
5.44394495989,2.52373398938,-0.708603392271,0.0940189348143,0.0141354908691,0.123313188553,5.52651946475,2.51995521812,-1.47140097102,map_000000086.png
5.45199541366,2.51861808618,-0.696319376835,0.0776538064989,0.0347526517481,0.513303041458,5.52651946475,2.51995521812,-1.47140097102,map_000000087.png
5.45995972564,2.5152940125,-0.658117258299,0.0668191667255,0.034227873834,0.491441518068,5.52651946475,2.51995521812,-1.47140097102,map_000000088.png
5.46754359339,2.51340186053,-0.608674496232,0.0637420401535,0.0360893202971,0.47317814827,5.52651946475,2.51995521812,-1.47140097102,map_000000089.png
5.47499128921,2.51222784603,-0.55892004751,0.0680054921967,0.0290997750108,0.342004776001,5.52651946475,2.51995521812,-1.47140097102,map_000000090.png
5.48209802705,2.5116220291,-0.513424808469,0.0708367091482,0.0226798072771,0.267485767603,5.52651946475,2.51995521812,-1.47140097102,map_000000091.png
5.48929794912,2.51066003644,-0.479793690374,0.0708367091482,0.0226798072771,0.267485767603,5.52651946475,2.51995521812,-1.47140097102,map_000000092.png
5.49653296977,2.50938390457,-0.45231676377,0.0731238093507,0.0155206181753,0.19933077693,5.52651946475,2.51995521812,-1.47140097102,map_000000093.png
5.50403858762,2.50766700671,-0.429522169393,0.0612570020108,0.0209882164228,-1.0,5.52651946475,2.51995521812,-1.47140097102,map_000000094.png
5.51106257229,2.50670961115,-0.461835849871,0.0522286165199,0.016432917466,-1.0,5.52651946475,2.51995521812,-1.47140097102,map_000000095.png
5.51765524845,2.50641630175,-0.560166690881,0.0477170030225,0.0149361239784,-1.0,5.52651946475,2.51995521812,-1.47140097102,map_000000096.png
5.52339454675,2.50555766976,-0.658510772177,0.0468363517033,0.01750303791,-1.0,5.52651946475,2.51995521812,-1.47140097102,map_000000097.png
5.52880683241,2.50426123289,-0.760783585247,0.0468363517033,0.01750303791,-1.0,5.52651946475,2.51995521812,-1.47140097102,map_000000098.png
5.53398566058,2.50272383568,-0.859113756338,0.0452208221083,0.0213325437958,-1.0,5.52651946475,2.51995521812,-1.47140097102,map_000000099.png
5.53911014997,2.50091422508,-0.95746281824,0.0426894698616,0.0260309304461,-1.0,5.52651946475,2.51995521812,-1.47140097102,map_000000100.png
5.54426684174,2.49896342557,-1.05579147215,0.0394416358066,0.0307304009387,-0.914583086967,5.52651946475,2.51995521812,-1.47140097102,map_000000101.png
5.54961640183,2.49678584894,-1.15571069016,0.0303392442451,0.0397433068024,-0.620129704475,5.52651946475,2.51995521812,-1.47140097102,map_000000102.png
5.55471991089,2.49458731975,-1.24449286035,0.0302946125551,0.0397773381096,-0.620337486267,5.52651946475,2.51995521812,-1.47140097102,map_000000103.png
5.55998758393,2.49303613363,-1.30545950177,0.0302946125551,0.0397773381096,-0.620337486267,5.52651946475,2.51995521812,-1.47140097102,map_000000104.png
5.56511876651,2.49115547351,-1.36646089804,0.0,0.0,-0.337493211031,5.52651946475,2.51995521812,-1.47140097102,map_000000105.png
5.56734818882,2.49035309572,-1.41209734078,0.0,0.0,-0.246156677604,5.52651946475,2.51995521812,-1.47140097102,map_000000106.png
5.56763530906,2.49039505632,-1.44168791767,0.0,0.0,-0.154790014029,5.52651946475,2.51995521812,-1.47140097102,map_000000107.png
5.5678569103,2.49041234078,-1.46409259207,0.0,0.0,0.0,5.52651946475,2.51995521812,-1.47140097102,map_000000108.png
