4.96997930193,4.9960541045,-0.822591292687,0.0,0.0,0.0,2.25681894718,4.92615061419,-1.5350051091,map_000000001.png
4.96997930334,4.99605408841,-0.822591212759,0.0,0.0,0.0,2.25681894718,4.92615061419,-1.5350051091,map_000000002.png
4.96998843126,4.99604496417,-0.822590892508,0.0,0.0,0.0,2.25681894718,4.92615061419,-1.5350051091,map_000000003.png
4.96997931989,4.99605407108,-0.822591196848,-0.0474010067718,-0.036785115577,-1.0,2.25681894718,4.92615061419,-1.5350051091,map_000000004.png
4.96977452429,4.99611005035,-0.826526003668,-0.0543450063483,-0.0441205206578,-1.0,2.25681894718,4.92615061419,-1.5350051091,map_000000005.png
4.96439460508,4.99805011792,-0.928821403033,-0.0543450063483,-0.0441205206578,-1.0,2.25681894718,4.92615061419,-1.5350051091,map_000000006.png
4.96439460508,4.99805011792,-0.928821403033,-0.0612598157795,-0.0514512857855,-1.0,2.25681894718,4.92615061419,-1.5350051091,map_000000007.png
4.95836737796,5.00070777529,-1.03109564047,-0.0612598157795,-0.0514512857855,-1.0,2.25681894718,4.92615061419,-1.5350051091,map_000000008.png
4.95183113669,5.00420969033,-1.13336556448,-0.0646505622884,-0.0762909145374,-1.0,2.25681894718,4.92615061419,-1.5350051091,map_000000009.png
4.94401109165,5.00812210431,-1.23564159768,-0.0572385602156,-0.0939347927886,-1.0,2.25681894718,4.92615061419,-1.5350051091,map_000000010.png
4.93524235809,5.01200946806,-1.33397166858,-0.0259648396475,-0.117157266066,-1.0,2.25681894718,4.92615061419,-1.5350051091,map_000000011.png
4.92521958143,5.0156794014,-1.43623917244,-0.0290758496123,-0.126706725159,-1.0,2.25681894718,4.92615061419,-1.5350051091,map_000000012.png
4.9138406835,5.01741778743,-1.53850615039,-0.0108549933292,-0.139578541876,-1.0,2.25681894718,4.92615061419,-1.5350051091,map_000000013.png
4.90170042501,5.02065183163,-1.64077910894,-0.0108549933292,-0.139578541876,-1.0,2.25681894718,4.92615061419,-1.5350051091,map_000000014.png
4.88869622425,5.0237176898,-1.74304739078,0.0286371703308,-0.157416376384,-1.0,2.25681894718,4.92615061419,-1.5350051091,map_000000015.png
4.87392478589,5.02547902046,-1.84532398269,0.0520517436558,-0.16183516585,-1.0,2.25681894718,4.92615061419,-1.5350051091,map_000000016.png
4.85780256155,5.02657654251,-1.94760008236,0.0763264906374,-0.16301618054,-1.0,2.25681894718,4.92615061419,-1.5350051091,map_000000017.png
4.84076537978,5.02750835065,-2.04986912544,0.0990369550457,-0.162147133352,-1.0,2.25681894718,4.92615061419,-1.5350051091,map_000000018.png
4.8227945511,5.02839603262,-2.15214243478,0.143546531354,-0.153278862508,-1.0,2.25681894718,4.92615061419,-1.5350051091,map_000000019.png
4.80390596594,5.02943860339,-2.25441356947,0.165827891618,-0.144572226675,-1.0,2.25681894718,4.92615061419,-1.5350051091,map_000000020.png
4.78298206984,5.02867059906,-2.35668508865,0.165827891618,-0.144572226675,-1.0,2.25681894718,4.92615061419,-1.5350051091,map_000000021.png
4.76101428924,5.02803808219,-2.45895549379,0.187952863031,-0.132566002568,-1.0,2.25681894718,4.92615061419,-1.5350051091,map_000000022.png
4.73894001997,5.02764044762,-2.55730171701,0.207424164653,-0.120727962815,-1.0,2.25681894718,4.92615061419,-1.5350051091,map_000000023.png
4.71508018329,5.02773828712,-2.65957012465,0.226439933334,-0.105948036292,-1.0,2.25681894718,4.92615061419,-1.5350051091,map_000000024.png
4.69031859122,5.02860711565,-2.76184113912,0.261439937607,-0.0674475989963,-0.726748526096,2.25681894718,4.92615061419,-1.5350051091,map_000000025.png
4.66453124582,5.02990755901,-2.86087929685,0.276871085694,-0.0417422775812,-0.573583006859,2.25681894718,4.92615061419,-1.5350051091,map_000000026.png
4.6366518253,5.02941633949,-2.93519290076,0.276871085694,-0.0417422775812,-0.573583006859,2.25681894718,4.92615061419,-1.5350051091,map_000000027.png
4.60774443151,5.02826149387,-2.99504543811,0.28968071486,-0.0136051056499,-0.425215661526,2.25681894718,4.92615061419,-1.5350051091,map_000000028.png
4.57794249427,5.02626105245,-3.04203751999,0.299947839836,0.00559436808541,-0.313885599375,2.25681894718,4.92615061419,-1.5350051091,map_000000029.png
4.5472838486,5.02360510671,-3.07850728165,0.309326605268,0.0204218951212,-0.224209994078,2.25681894718,4.92615061419,-1.5350051091,map_000000030.png
4.51575147182,5.02052621593,-3.10637979925,0.328608451991,0.030273313568,-0.153868436813,2.25681894718,4.92615061419,-1.5350051091,map_000000031.png
4.48312528582,5.01713171334,-3.12737112125,0.337625848063,0.0401094647178,-0.0574047937989,2.25681894718,4.92615061419,-1.5350051091,map_000000032.png
4.44888627158,5.01348506705,3.14122328083,0.347618968676,0.040755676887,-0.0259354189038,2.25681894718,4.92615061419,-1.5350051091,map_000000033.png
4.41511557544,5.00953504336,3.13557450965,0.347618968676,0.040755676887,-0.0259354189038,2.25681894718,4.92615061419,-1.5350051091,map_000000034.png
4.37906615238,5.00555215268,3.13255149475,0.347824995247,0.0389585371274,-0.00405617244542,2.25681894718,4.92615061419,-1.5350051091,map_000000035.png
4.37906615238,5.00555215268,3.13255149475,0.348373663085,0.0337014213693,0.00441735330969,2.25681894718,4.92615061419,-1.5350051091,map_000000036.png
4.34287530776,5.00179481493,3.13153781791,0.348373663085,0.0337014213693,0.00441735330969,2.25681894718,4.92615061419,-1.5350051091,map_000000037.png
4.30665777251,4.99841744216,3.1316303249,0.348954465435,0.0270328686387,0.00895488448441,2.25681894718,4.92615061419,-1.5350051091,map_000000038.png
4.27037966733,4.99554887078,3.13225562106,0.349749812599,0.0132311571811,0.0103411599994,2.25681894718,4.92615061419,-1.5350051091,map_000000039.png
4.23406213235,4.99340341994,3.13320344504,0.349925163315,0.00723705826605,0.00940819643438,2.25681894718,4.92615061419,-1.5350051091,map_000000040.png
4.19770492155,4.99236081344,3.13425942953,0.349991038722,0.00250354705353,0.00799112953246,2.25681894718,4.92615061419,-1.5350051091,map_000000041.png
4.16131420551,4.9918777195,3.13521648526,0.349991038722,0.00250354705353,0.00799112953246,2.25681894718,4.92615061419,-1.5350051091,map_000000042.png
4.12492817858,4.99178755454,3.13604968365,0.349999879878,-0.000281103539093,0.00641554174945,2.25681894718,4.92615061419,-1.5350051091,map_000000043.png
4.08855615621,4.99192265335,3.13675483995,0.349995500505,-0.00177329068878,0.0049836258404,2.25681894718,4.92615061419,-1.5350051091,map_000000044.png
4.05216309199,4.99221622973,3.13732720686,0.349991429452,-0.00244831450483,0.003737016581,2.25681894718,4.92615061419,-1.5350051091,map_000000045.png
4.01577829135,4.9925803715,3.13778695561,0.349990109645,-0.00263022507632,0.00268205348402,2.25681894718,4.92615061419,-1.5350051091,map_000000046.png
3.98079744876,4.99295716177,3.13813449905,0.349991450428,-0.00244531413369,0.00182592216879,2.25681894718,4.92615061419,-1.5350051091,map_000000047.png
3.94441298994,4.99335605848,3.1384078536,0.349996215529,-0.00162605328699,0.000619019381702,2.25681894718,4.92615061419,-1.5350051091,map_000000048.png
3.9080423503,4.99371285494,3.13860040416,0.349996215529,-0.00162605328699,0.000619019381702,2.25681894718,4.92615061419,-1.5350051091,map_000000049.png
3.8716493294,4.99401291667,3.1386778213,0.3499982642,-0.00109999586078,0.00021071638912,2.25681894718,4.92615061419,-1.5350051091,map_000000050.png
3.83526346634,4.99425156746,3.13871125302,0.349999443818,-0.000619887760681,-7.65169970691e-05,2.25681894718,4.92615061419,-1.5350051091,map_000000051.png
3.79889151628,4.99443378842,3.1387239952,0.349999933289,-0.000204037658836,-0.000191146507859,2.25681894718,4.92615061419,-1.5350051091,map_000000052.png
3.76249767297,4.9945976648,3.13870715419,0.349999838925,0.0003281559813,-0.000257509294897,2.25681894718,4.92615061419,-1.5350051091,map_000000053.png
3.72611122163,4.994717356,3.13868566335,0.349999602535,0.000522646065139,-0.000230813398957,2.25681894718,4.92615061419,-1.5350051091,map_000000054.png
3.68973882319,4.99477739105,3.13866517565,0.349999417653,0.000634488953114,-0.000197134912014,2.25681894718,4.92615061419,-1.5350051091,map_000000055.png
3.65334468725,4.99483973837,3.13863653584,0.349999417653,0.000634488953114,-0.000197134912014,2.25681894718,4.92615061419,-1.5350051091,map_000000056.png
3.61695806603,4.99488560043,3.13861489789,0.349999632152,0.000502420958282,-0.000195681583136,2.25681894718,4.92615061419,-1.5350051091,map_000000057.png
3.5805856313,4.99492476553,3.13860064197,0.349999421589,0.000632313928417,-0.000120535958558,2.25681894718,4.92615061419,-1.5350051091,map_000000058.png
3.54558867676,4.9949850085,3.13857914968,0.34999954969,0.000556911538812,-6.37387856841e-05,2.25681894718,4.92615061419,-1.5350051091,map_000000059.png
3.50921623515,4.99501930828,3.13857414966,0.349999728584,0.000430029049869,-6.22430816293e-05,2.25681894718,4.92615061419,-1.5350051091,map_000000060.png
3.47282210068,4.9950827935,3.13856281247,0.349999633466,0.000501505347862,-2.10087746382e-05,2.25681894718,4.92615061419,-1.5350051091,map_000000061.png
3.436435514,4.99515023409,3.13855551442,0.349999633466,0.000501505347862,-2.10087746382e-05,2.25681894718,4.92615061419,-1.5350051091,map_000000062.png
3.4000630906,4.9951970837,3.13855900497,0.349999789735,0.000376986492726,-1.9499566406e-05,2.25681894718,4.92615061419,-1.5350051091,map_000000063.png
3.4000630906,4.9951970837,3.13855900497,0.349999605225,0.000520841745185,9.96282324195e-06,2.25681894718,4.92615061419,-1.5350051091,map_000000064.png
3.36366898142,4.9952752803,3.13855207125,0.349999605225,0.000520841745185,9.96282324195e-06,2.25681894718,4.92615061419,-1.5350051091,map_000000065.png
3.32728239095,4.99533938427,3.13855098097,0.349999590235,0.000530818980502,1.81631185114e-05,2.25681894718,4.92615061419,-1.5350051091,map_000000066.png
3.29090996336,4.99538359461,3.13855823354,0.3499995742,0.000541288665266,2.13189050555e-05,2.25681894718,4.92615061419,-1.5350051091,map_000000067.png
3.25451583136,4.9954484909,3.13855525008,0.349999735004,0.000424771779379,2.28397548199e-05,2.25681894718,4.92615061419,-1.5350051091,map_000000068.png
3.21812923005,4.99550596848,3.1385565637,0.349999599051,0.000524974340201,1.79568305612e-05,2.25681894718,4.92615061419,-1.5350051091,map_000000069.png
3.18175682113,4.99556043227,3.13856472636,0.349999599051,0.000524974340201,1.79568305612e-05,2.25681894718,4.92615061419,-1.5350051091,map_000000070.png
3.14536268936,4.99562679348,3.13856171363,0.349999750401,0.000411889672441,1.90236605704e-05,2.25681894718,4.92615061419,-1.5350051091,map_000000071.png
3.11038745888,4.99567813859,3.13856843479,0.349999757737,0.000405607337715,8.29808413982e-06,2.25681894718,4.92615061419,-1.5350051091,map_000000072.png
3.07399334802,4.99575569643,3.13856479867,0.34999973059,0.000428393294361,1.43307261169e-05,2.25681894718,4.92615061419,-1.5350051091,map_000000073.png
3.03760676645,4.9958246336,3.13856501578,0.349999741483,0.000419398691588,5.76442107558e-06,2.25681894718,4.92615061419,-1.5350051091,map_000000074.png
3.00123435403,4.99587863369,3.13857202329,0.352803831562,0.00047622938076,1.2731179595e-05,2.25681894718,4.92615061419,-1.5350051091,map_000000075.png
2.96481781562,4.99595452587,3.13856784258,0.334053841306,0.000452421608123,4.92203980684e-06,2.25681894718,4.92615061419,-1.5350051091,map_000000076.png
2.92813971298,4.9960178002,3.13856824507,0.334053841306,0.000452421608123,4.92203980684e-06,2.25681894718,4.92615061419,-1.5350051091,map_000000077.png
2.89320003843,4.99606436286,3.13857464528,0.324053803484,0.000472317444671,1.2703705579e-05,2.25681894718,4.92615061419,-1.5350051091,map_000000078.png
2.85922322589,4.99612829939,3.13857085201,0.314053817226,0.000467352325546,1.36122107506e-05,2.25681894718,4.92615061419,-1.5350051091,map_000000079.png
2.82613359751,4.99618133444,3.13857127044,0.304053874426,0.000428730154625,5.52367419004e-06,2.25681894718,4.92615061419,-1.5350051091,map_000000080.png
2.793937725,4.99621993345,3.13857808852,0.294053869155,0.000429143805447,1.27232633531e-05,2.25681894718,4.92615061419,-1.5350051091,map_000000081.png
2.762559789,4.99627987468,3.13857394966,0.274053966213,0.000357729110758,4.89037483931e-06,2.25681894718,4.92615061419,-1.5350051091,map_000000082.png
2.73325672021,4.99631586286,3.13858000031,0.264053974567,0.000354054062807,1.26059167087e-05,2.25681894718,4.92615061419,-1.5350051091,map_000000083.png
2.70475753885,4.99637445018,3.13857568466,0.264053974567,0.000354054062807,1.26059167087e-05,2.25681894718,4.92615061419,-1.5350051091,map_000000084.png
2.67718558816,4.99642264591,3.13857596342,0.254054038473,0.000301300159032,5.03938645124e-06,2.25681894718,4.92615061419,-1.5350051091,map_000000085.png
2.65046735132,4.99645846064,3.13858248216,0.244054148752,0.000179067100737,6.54580071568e-06,2.25681894718,4.92615061419,-1.5350051091,map_000000086.png
2.62460704087,4.99652173398,3.13857822778,0.224054097355,0.000220706016759,5.83799555898e-06,2.25681894718,4.92615061419,-1.5350051091,map_000000087.png
2.59995387599,4.99657780633,3.13857797062,0.214054175756,0.000102062800679,7.34301283956e-06,2.25681894718,4.92615061419,-1.5350051091,map_000000088.png
2.57687407231,4.99661504571,3.13858429625,0.204050788452,0.00117868158723,0.00656423484907,2.25681894718,4.92615061419,-1.5350051091,map_000000089.png
2.55465220236,4.99667712386,3.13860599797,0.194049863249,0.00129490324895,0.00655843643472,2.25681894718,4.92615061419,-1.5350051091,map_000000090.png
2.53343775292,4.99661933624,3.13927644632,0.194049863249,0.00129490324895,0.00655843643472,2.25681894718,4.92615061419,-1.5350051091,map_000000091.png
2.53343775292,4.99661933624,3.13927644632,0.184048439162,0.00145405368267,0.00652957009152,2.25681894718,4.92615061419,-1.5350051091,map_000000092.png
2.51311690201,4.99652184448,3.13995289039,0.184048439162,0.00145405368267,0.00652957009152,2.25681894718,4.92615061419,-1.5350051091,map_000000093.png
2.4936541163,4.99641787446,3.14061669526,0.164021783647,0.00325973851772,0.0218302309513,2.25681894718,4.92615061419,-1.5350051091,map_000000094.png
2.47564162206,4.99618849772,-3.14105812373,0.154018128869,0.00333202567305,0.0208243355155,2.25681894718,4.92615061419,-1.5350051091,map_000000095.png
2.45956585025,4.99585573648,-3.13894287224,0.14385547732,0.00756324864518,0.0510717630386,2.25681894718,4.92615061419,-1.5350051091,map_000000096.png
2.44367711353,4.99542397674,-3.13645570024,0.133863550397,0.00714599819277,0.0510902777314,2.25681894718,4.92615061419,-1.5350051091,map_000000097.png
2.42872783633,4.9945734513,-3.13123220612,0.12758900686,0.00713873395836,0.0479359142482,2.25681894718,4.92615061419,-1.5350051091,map_000000098.png
2.41478130699,4.99369955305,-3.12600702613,0.12758900686,0.00713873395836,0.0479359142482,2.25681894718,4.92615061419,-1.5350051091,map_000000099.png
2.4014062035,4.99276428333,-3.12104232032,0.108405509679,0.0112106171481,0.0947546437383,2.25681894718,4.92615061419,-1.5350051091,map_000000100.png
2.38947188058,4.99153717183,-3.11300823863,0.108426317206,0.0110075520801,0.0869499146938,2.25681894718,4.92615061419,-1.5350051091,map_000000101.png
2.37825292173,4.99008896149,-3.10368183119,0.10846410731,0.0106287295072,0.0795332863927,2.25681894718,4.92615061419,-1.5350051091,map_000000102.png
2.36702296604,4.98857473228,-3.09502664381,0.0976142680515,0.0164077712746,0.165159329772,2.25681894718,4.92615061419,-1.5350051091,map_000000103.png
2.35600192463,4.98689962611,-3.0855407771,0.0888075684503,0.0142466087122,0.13829523325,2.25681894718,4.92615061419,-1.5350051091,map_000000104.png
2.3459626259,4.9847158884,-3.06865419651,0.0890704171003,0.0132068903627,0.124113932252,2.25681894718,4.92615061419,-1.5350051091,map_000000105.png
2.33684221263,4.98262081657,-3.05440143903,0.0890704171003,0.0132068903627,0.124113932252,2.25681894718,4.92615061419,-1.5350051091,map_000000106.png
2.32773533115,4.98050130301,-3.04143404662,0.0777206863299,0.0191460668279,0.264542996883,2.25681894718,4.92615061419,-1.5350051091,map_000000107.png
2.31972172997,4.97814130799,-3.02094310241,0.068096523767,0.0168792706284,0.24325338006,2.25681894718,4.92615061419,-1.5350051091,map_000000108.png
2.3123504369,4.97550051375,-2.99481095019,0.068296354026,0.0164311372027,0.22388471663,2.25681894718,4.92615061419,-1.5350051091,map_000000109.png
2.30559489347,4.97289474643,-2.97039390326,0.0696544056451,0.0112735046186,0.154091700912,2.25681894718,4.92615061419,-1.5350051091,map_000000110.png
2.29886391352,4.97017377588,-2.94804503069,0.0702408122925,0.00788998700895,0.117518752813,2.25681894718,4.92615061419,-1.5350051091,map_000000111.png
2.29198195827,4.96771939054,-2.93228230269,0.0702408122925,0.00788998700895,0.117518752813,2.25681894718,4.92615061419,-1.5350051091,map_000000112.png
2.28499751656,4.96545656724,-2.91998134542,0.0586606373275,0.0155338991056,1.0,2.25681894718,4.92615061419,-1.5350051091,map_000000113.png
2.27901082023,4.96320641748,-2.83851862287,0.0488181511301,0.0136201759528,1.0,2.25681894718,4.92615061419,-1.5350051091,map_000000114.png
2.27400745001,4.96083273707,-2.73624854916,0.0481634640517,0.0134268725879,1.0,2.25681894718,4.92615061419,-1.5350051091,map_000000115.png
2.26967357079,4.95823447669,-2.6339731839,0.0495876892442,0.00640790545872,1.0,2.25681894718,4.92615061419,-1.5350051091,map_000000116.png
2.26551780021,4.95536233071,-2.53170287163,0.0495886945671,0.0064001209424,1.0,2.25681894718,4.92615061419,-1.5350051091,map_000000117.png
2.26125157183,4.95245684106,-2.42943043437,0.0495681175003,-0.00655758373393,1.0,2.25681894718,4.92615061419,-1.5350051091,map_000000118.png
2.25743618601,4.94927903572,-2.33110021313,0.0495681175003,-0.00655758373393,1.0,2.25681894718,4.92615061419,-1.5350051091,map_000000119.png
2.2529630543,4.94632051515,-2.22882883906,0.0482152102522,-0.0132398518605,1.0,2.25681894718,4.92615061419,-1.5350051091,map_000000120.png
2.2529630543,4.94632051515,-2.22882883906,0.0425104971362,-0.0263221923513,1.0,2.25681894718,4.92615061419,-1.5350051091,map_000000121.png
2.24830963244,4.94339366823,-2.1265557795,0.0425104971362,-0.0263221923513,1.0,2.25681894718,4.92615061419,-1.5350051091,map_000000122.png
2.24331835043,4.94077713082,-2.02428293032,0.0,0.0,0.884212076664,2.25681894718,4.92615061419,-1.5350051091,map_000000123.png
2.23962523118,4.93925860284,-1.92611751468,0.0,0.0,0.884507834911,2.25681894718,4.92615061419,-1.5350051091,map_000000124.png
2.23879377103,4.93953116622,-1.83568595389,0.0,0.0,0.584146201611,2.25681894718,4.92615061419,-1.5350051091,map_000000125.png
2.23795586563,4.93972216282,-1.74640999889,0.0,0.0,0.448694437742,2.25681894718,4.92615061419,-1.5350051091,map_000000126.png
2.23739474061,4.93979915971,-1.68666777068,0.0,0.0,0.448694437742,2.25681894718,4.92615061419,-1.5350051091,map_000000127.png
2.23692976285,4.93984745229,-1.63865313838,0.0,0.0,0.315036535263,2.25681894718,4.92615061419,-1.5350051091,map_000000128.png
2.23658210997,4.93986326253,-1.60222872792,0.0,0.0,0.225528895855,2.25681894718,4.92615061419,-1.5350051091,map_000000129.png
2.23631876767,4.93986935833,-1.57494043728,0.0,0.0,0.153582781553,2.25681894718,4.92615061419,-1.5350051091,map_000000130.png
2.23612181171,4.93986810567,-1.55442325565,0.0,0.0,0.0989979878068,2.25681894718,4.92615061419,-1.5350051091,map_000000131.png
2.2359869102,4.93986490587,-1.54017910293,0.0,0.0,0.0,2.25681894718,4.92615061419,-1.5350051091,map_000000132.png
