0.362973038909,6.26057843073,0.49463554834,0.0,0.0,0.0,-2.35210419375,2.25983051805,2.67165364485,map_000000001.png
0.362963544162,6.26058790225,0.494641098568,0.0,0.0,0.0,-2.35210419375,2.25983051805,2.67165364485,map_000000002.png
0.362963586585,6.26058786516,0.49464115076,0.0,0.0,0.0,-2.35210419375,2.25983051805,2.67165364485,map_000000003.png
0.362963628835,6.2605878284,0.494641169609,0.0,0.0,0.0,-2.35210419375,2.25983051805,2.67165364485,map_000000004.png
0.362973213103,6.26057828025,0.494635006984,-0.0486807472792,-0.0350739934328,-1.0,-2.35210419375,2.25983051805,2.67165364485,map_000000005.png
0.361210531016,6.25803630562,0.439548511349,-0.054094145191,-0.044427733615,-1.0,-2.35210419375,2.25983051805,2.67165364485,map_000000006.png
0.357619905141,6.25344420835,0.341219317896,-0.058363288298,-0.0685107718379,-1.0,-2.35210419375,2.25983051805,2.67165364485,map_000000007.png
0.353309166468,6.24795357978,0.238946814478,-0.0629818960253,-0.0776741888803,-1.0,-2.35210419375,2.25983051805,2.67165364485,map_000000008.png
0.348498480117,6.24079017454,0.136679343546,-0.0341389815184,-0.104568293534,-1.0,-2.35210419375,2.25983051805,2.67165364485,map_000000009.png
0.342842905957,6.23343148865,0.0383396367728,-0.0341389815184,-0.104568293534,-1.0,-2.35210419375,2.25983051805,2.67165364485,map_000000010.png
0.338592402489,6.224105829,-0.0639303879622,-0.0365911531959,-0.114285105757,-1.0,-2.35210419375,2.25983051805,2.67165364485,map_000000011.png
0.333904450879,6.21445235982,-0.162279870459,0.0298268951238,-0.136785805403,-1.0,-2.35210419375,2.25983051805,2.67165364485,map_000000012.png
0.330489214922,6.20293064324,-0.264555661007,0.0540077042651,-0.139939875568,-1.0,-2.35210419375,2.25983051805,2.67165364485,map_000000013.png
0.329956810381,6.1890695617,-0.366826901915,0.0772466351775,-0.140117666382,-1.0,-2.35210419375,2.25983051805,2.67165364485,map_000000014.png
0.329750349279,6.17493614842,-0.465152917521,0.080374845114,-0.149799496649,-1.0,-2.35210419375,2.25983051805,2.67165364485,map_000000015.png
0.329750349279,6.17493614842,-0.465152917521,0.080374845114,-0.149799496649,-1.0,-2.35210419375,2.25983051805,2.67165364485,map_000000016.png
0.328541838189,6.14316828619,-0.66577499012,0.114768131864,-0.138666088859,-1.0,-2.35210419375,2.25983051805,2.67165364485,map_000000017.png
0.328541838189,6.14316828619,-0.66577499012,0.114768131864,-0.138666088859,-1.0,-2.35210419375,2.25983051805,2.67165364485,map_000000018.png
0.327670309196,6.12563001698,-0.768041237845,0.139626045114,-0.143194209146,-1.0,-2.35210419375,2.25983051805,2.67165364485,map_000000019.png
0.326712918715,6.10661078642,-0.87031822363,0.175461965122,-0.115382473327,-1.0,-2.35210419375,2.25983051805,2.67165364485,map_000000020.png
0.325987744105,6.08700389233,-0.968644246363,0.195330501448,-0.101222594158,-1.0,-2.35210419375,2.25983051805,2.67165364485,map_000000021.png
0.326458252145,6.06558383487,-1.07091381482,0.203438756134,-0.107297233241,-1.0,-2.35210419375,2.25983051805,2.67165364485,map_000000022.png
0.326732114788,6.04400012335,-1.16926047349,0.203438756134,-0.107297233241,-1.0,-2.35210419375,2.25983051805,2.67165364485,map_000000023.png
0.324501966376,6.0207245858,-1.27153057053,0.230033922395,-0.0684428201871,-0.744117200375,-2.35210419375,2.25983051805,2.67165364485,map_000000024.png
0.323231231826,5.99642125454,-1.35466196164,0.259061208232,-0.0220752602732,-0.44369199872,-2.35210419375,2.25983051805,2.67165364485,map_000000025.png
0.323916590055,5.97159344274,-1.41246390963,0.268891522907,-0.0244411230263,-0.443841606379,-2.35210419375,2.25983051805,2.67165364485,map_000000026.png
0.32569630785,5.94425931363,-1.45784020867,0.279998343138,-0.000971427421093,-0.319294154644,-2.35210419375,2.25983051805,2.67165364485,map_000000027.png
0.326623154322,5.91711537582,-1.49902913659,0.289713937671,0.0128782677704,-0.23269931972,-2.35210419375,2.25983051805,2.67165364485,map_000000028.png
0.328520851923,5.88804349291,-1.53133851713,0.299199254957,0.0219045522608,-0.16471400857,-2.35210419375,2.25983051805,2.67165364485,map_000000029.png
0.330918691407,5.85797258624,-1.55514072816,0.299199254957,0.0219045522608,-0.16471400857,-2.35210419375,2.25983051805,2.67165364485,map_000000030.png
0.333328193554,5.82822117845,-1.57240810607,0.317671771905,0.0385310621192,-0.0545589216053,-2.35210419375,2.25983051805,2.67165364485,map_000000031.png
0.336594139529,5.79584505183,-1.58187884164,0.32736054976,0.0416540357584,-0.0188753344119,-2.35210419375,2.25983051805,2.67165364485,map_000000032.png
0.340211172694,5.76356546403,-1.58555179594,0.337273025782,0.0429754408936,0.00701790396124,-2.35210419375,2.25983051805,2.67165364485,map_000000033.png
0.344045390238,5.72919919028,-1.58677276944,0.347686867802,0.0401723106094,0.0212248153985,-2.35210419375,2.25983051805,2.67165364485,map_000000034.png
0.347930073812,5.69393656505,-1.58588302694,0.3489123043,0.0275717036363,0.0285786241293,-2.35210419375,2.25983051805,2.67165364485,map_000000035.png
0.351426361295,5.65913721063,-1.58380031064,0.3489123043,0.0275717036363,0.0285786241293,-2.35210419375,2.25983051805,2.67165364485,map_000000036.png
0.353943263879,5.62284124045,-1.58093561387,0.349448088952,0.0196475968364,0.0272519979626,-2.35210419375,2.25983051805,2.67165364485,map_000000037.png
0.355772663635,5.58789468064,-1.57822005497,0.349794823832,0.0119823267241,0.024135466665,-2.35210419375,2.25983051805,2.67165364485,map_000000038.png
0.357098470392,5.55154440272,-1.57562120678,0.349950062541,0.00591173928179,0.0198449250311,-2.35210419375,2.25983051805,2.67165364485,map_000000039.png
0.35795491309,5.51516007509,-1.57331783603,0.349997921295,0.00120416898816,0.0157766565681,-2.35210419375,2.25983051805,2.67165364485,map_000000040.png
0.358368620958,5.48018555706,-1.57145073559,0.349961391878,-0.00519799276023,0.00842945091426,-2.35210419375,2.25983051805,2.67165364485,map_000000041.png
0.358482721789,5.44379885612,-1.56983726832,0.349932410901,-0.00687769835907,0.00563006103039,-2.35210419375,2.25983051805,2.67165364485,map_000000042.png
0.358012011778,5.40880521549,-1.56900391573,0.349932410901,-0.00687769835907,0.00563006103039,-2.35210419375,2.25983051805,2.67165364485,map_000000043.png
0.357392280091,5.37243238402,-1.5683774656,0.349911281947,-0.00787970173887,0.0032101876568,-2.35210419375,2.25983051805,2.67165364485,map_000000044.png
0.356710599986,5.33604309315,-1.56795893788,0.349920865273,-0.00744197419882,0.00195967918262,-2.35210419375,2.25983051805,2.67165364485,map_000000045.png
0.356034469509,5.30107149629,-1.56770194119,0.349937341807,-0.00662206481621,0.00101910810918,-2.35210419375,2.25983051805,2.67165364485,map_000000046.png
0.355398020252,5.26469011518,-1.56752737013,0.349971120657,-0.004495513312,3.19303944707e-06,-2.35210419375,2.25983051805,2.67165364485,map_000000047.png
0.354868998063,5.22969751871,-1.56742700314,0.349969150337,-0.00464636915582,1.64564698935e-06,-2.35210419375,2.25983051805,2.67165364485,map_000000048.png
0.354514919155,5.19332118335,-1.56743076001,0.349969150337,-0.00464636915582,1.64564698935e-06,-2.35210419375,2.25983051805,2.67165364485,map_000000049.png
0.354164785438,5.15692719264,-1.56742598265,0.349984618171,-0.00328054525113,-0.00316961947829,-2.35210419375,2.25983051805,2.67165364485,map_000000050.png
0.353906687749,5.12195021765,-1.56765491477,0.349941911495,-0.00637601070591,-0.0178193170577,-2.35210419375,2.25983051805,2.67165364485,map_000000051.png
0.353501152612,5.0855691813,-1.56878665182,0.349541966399,-0.0178999625482,-0.0579141154885,-2.35210419375,2.25983051805,2.67165364485,map_000000052.png
0.352524682251,5.05058949314,-1.57195000847,0.346950788955,-0.0400228821691,-0.137725189328,-2.35210419375,2.25983051805,2.67165364485,map_000000053.png
0.350222398808,5.01431236664,-1.57912849655,0.346929495396,-0.0402070426397,-0.137772634625,-2.35210419375,2.25983051805,2.67165364485,map_000000054.png
0.345652654587,4.97830883721,-1.59321031699,0.346802952992,-0.0438352041212,-0.133075043559,-2.35210419375,2.25983051805,2.67165364485,map_000000055.png
0.340762512525,4.94375656883,-1.60675580193,0.346802952992,-0.0438352041212,-0.133075043559,-2.35210419375,2.25983051805,2.67165364485,map_000000056.png
0.334878709877,4.90791950948,-1.62045442476,0.310904324151,-0.136532308953,-0.479864686728,-2.35210419375,2.25983051805,2.67165364485,map_000000057.png
0.323287219824,4.87609528468,-1.65399926441,0.295535900728,-0.142708379787,-0.459869325161,-2.35210419375,2.25983051805,2.67165364485,map_000000058.png
0.306009186518,4.84612514653,-1.70220422735,0.228921844851,-0.220993637994,-0.797833263874,-2.35210419375,2.25983051805,2.67165364485,map_000000059.png
0.306009186518,4.84612514653,-1.70220422735,0.216157001815,-0.221317130656,-0.747783362865,-2.35210419375,2.25983051805,2.67165364485,map_000000060.png
0.285282800818,4.82020959652,-1.75854934681,0.189058419366,-0.237831695573,-0.832665979862,-2.35210419375,2.25983051805,2.67165364485,map_000000061.png
0.259387563577,4.80272495852,-1.83680318014,0.189058419366,-0.237831695573,-0.832665979862,-2.35210419375,2.25983051805,2.67165364485,map_000000062.png
0.231453091215,4.78790489504,-1.91326252788,0.189058419366,-0.237831695573,-0.832665979862,-2.35210419375,2.25983051805,2.67165364485,map_000000063.png
0.203145493919,4.7785493329,-1.99414722506,0.226320030086,-0.215070474824,-0.704802036285,-2.35210419375,2.25983051805,2.67165364485,map_000000064.png
0.173160811769,4.76848708675,-2.0702407945,0.261181581226,-0.184407194294,-0.590584993362,-2.35210419375,2.25983051805,2.67165364485,map_000000065.png
0.142901675272,4.75688469852,-2.1364836145,0.290476538277,-0.146445507301,-0.505523920059,-2.35210419375,2.25983051805,2.67165364485,map_000000066.png
0.113937605654,4.74376827747,-2.19186886349,0.331477568889,-0.0505134324696,-0.292188674212,-2.35210419375,2.25983051805,2.67165364485,map_000000067.png
0.0845877178946,4.72744696829,-2.24104934178,0.343269779433,-0.0139780504417,-0.227085366845,-2.35210419375,2.25983051805,2.67165364485,map_000000068.png
0.0599397910019,4.70477424966,-2.26978180696,0.343269779433,-0.0139780504417,-0.227085366845,-2.35210419375,2.25983051805,2.67165364485,map_000000069.png
0.0355695320278,4.67878577585,-2.29351684235,0.348334274822,0.0341061272817,-0.119189821184,-2.35210419375,2.25983051805,2.67165364485,map_000000070.png
0.0132260821394,4.65036228135,-2.30867498536,0.348256392239,0.0348924088938,-0.119230255485,-2.35210419375,2.25983051805,2.67165364485,map_000000071.png
-0.00771470824181,4.62232119641,-2.32039598441,0.347468281385,0.0420212846637,-0.0836681500077,-2.35210419375,2.25983051805,2.67165364485,map_000000072.png
-0.0295855311804,4.59322962934,-2.33118801779,0.347860784698,0.0386376681827,-0.0652957484126,-2.35210419375,2.25983051805,2.67165364485,map_000000073.png
-0.0505696128362,4.56522227483,-2.33911660912,0.34839645282,0.0334650055465,-0.0477366782725,-2.35210419375,2.25983051805,2.67165364485,map_000000074.png
-0.0728583826885,4.53645396229,-2.34579059658,0.349401801195,0.0204542478595,-0.0217823982239,-2.35210419375,2.25983051805,2.67165364485,map_000000075.png
-0.0957483869647,4.50816495078,-2.35066886027,0.349401801195,0.0204542478595,-0.0217823982239,-2.35210419375,2.25983051805,2.67165364485,map_000000076.png
-0.118685097457,4.48175138633,-2.3533243976,0.349731097591,0.013716935217,-0.0127806887031,-2.35210419375,2.25983051805,2.67165364485,map_000000077.png
-0.143121896554,4.45479366733,-2.35498323186,0.349908751233,0.00799129177183,-0.00546820601448,-2.35210419375,2.25983051805,2.67165364485,map_000000078.png
-0.167023260578,4.42924383017,-2.35591562023,0.349977297443,0.00398575065148,-0.00195801025257,-2.35210419375,2.25983051805,2.67165364485,map_000000079.png
-0.192251744895,4.40301095903,-2.35638337194,0.349998484375,0.00102755482052,0.000528939184733,-2.35210419375,2.25983051805,2.67165364485,map_000000080.png
-0.217692845631,4.37701015964,-2.35655616526,0.349991975175,-0.00236901804127,0.0024100872688,-2.35210419375,2.25983051805,2.67165364485,map_000000081.png
-0.242377780167,4.35221683657,-2.35651002909,0.349991975175,-0.00236901804127,0.0024100872688,-2.35210419375,2.25983051805,2.67165364485,map_000000082.png
-0.268258984363,4.32664053502,-2.35628460674,0.349985341719,-0.0032024233699,0.00256929639727,-2.35210419375,2.25983051805,2.67165364485,map_000000083.png
-0.293196724213,4.30210034788,-2.35602886231,0.349982871903,-0.00346183594184,0.00250030006282,-2.35210419375,2.25983051805,2.67165364485,map_000000084.png
-0.319174191236,4.27662072729,-2.35577496155,0.349985240067,-0.00321351346009,0.00211729016155,-2.35210419375,2.25983051805,2.67165364485,map_000000085.png
-0.345128529888,4.25111890238,-2.3555242623,0.349992428109,-0.00230113009323,0.00133242388256,-2.35210419375,2.25983051805,2.67165364485,map_000000086.png
-0.37007885619,4.22659150116,-2.35533061223,0.34999524763,-0.00182251747103,0.000956170377322,-2.35210419375,2.25983051805,2.67165364485,map_000000087.png
-0.395954085075,4.20100859507,-2.35519296497,0.34999524763,-0.00182251747103,0.000956170377322,-2.35210419375,2.25983051805,2.67165364485,map_000000088.png
-0.421813374575,4.17540991835,-2.3550683494,0.349997349811,-0.00136016864158,0.000656782300211,-2.35210419375,2.25983051805,2.67165364485,map_000000089.png
-0.446627748876,4.1507441833,-2.35499647367,0.349998407313,-0.00105347611723,0.000449881888926,-2.35210419375,2.25983051805,2.67165364485,map_000000090.png
-0.472402969959,4.12506123054,-2.35493325695,0.349998241558,-0.001107176504,0.000449383514933,-2.35210419375,2.25983051805,2.67165364485,map_000000091.png
-0.497196896947,4.10037586823,-2.35489427621,0.349999291404,-0.000700678321215,0.000149294384755,-2.35210419375,2.25983051805,2.67165364485,map_000000092.png
-0.522967079475,4.07468716892,-2.35485401109,0.349999409375,-0.000639039158424,5.24407951161e-05,-2.35210419375,2.25983051805,2.67165364485,map_000000093.png
-0.548713035722,4.04897451009,-2.3548375271,0.349999712508,-0.000442920130201,-7.37572554499e-06,-2.35210419375,2.25983051805,2.67165364485,map_000000094.png
-0.573464696653,4.0242458416,-2.35483092351,0.349999712508,-0.000442920130201,-7.37572554499e-06,-2.35210419375,2.25983051805,2.67165364485,map_000000095.png
-0.599184976927,3.99850782565,-2.3548223584,0.349999657572,-0.00048438955976,-6.84232218191e-05,-2.35210419375,2.25983051805,2.67165364485,map_000000096.png
-0.623933738877,3.97377721899,-2.35483210207,0.349999657406,-0.00048450955639,-9.38191078603e-05,-2.35210419375,2.25983051805,2.67165364485,map_000000097.png
-0.649663798539,3.94804832597,-2.35483890316,0.349999538022,-0.000564196679804,-0.000118651776575,-2.35210419375,2.25983051805,2.67165364485,map_000000098.png
-0.675395596239,3.9223214959,-2.35484761455,0.349999525586,-0.000571859189467,-9.4520743005e-05,-2.35210419375,2.25983051805,2.67165364485,map_000000099.png
-0.700142351323,3.89758791557,-2.35485790709,0.34999947465,-0.000602227646395,-8.21315916255e-05,-2.35210419375,2.25983051805,2.67165364485,map_000000100.png
-0.725869541945,3.87185681365,-2.35485931985,0.34999947465,-0.000602227646395,-8.21315916255e-05,-2.35210419375,2.25983051805,2.67165364485,map_000000101.png
-0.725869541945,3.87185681365,-2.35485931985,0.349999442999,-0.000620349730298,-6.73662871122e-05,-2.35210419375,2.25983051805,2.67165364485,map_000000102.png
-0.750628348352,3.84713625475,-2.35487254492,0.349999394776,-0.000646985246459,-4.67452919111e-05,-2.35210419375,2.25983051805,2.67165364485,map_000000103.png
-0.776369085524,3.82141804293,-2.35487847583,0.349999394776,-0.000646985246459,-4.67452919111e-05,-2.35210419375,2.25983051805,2.67165364485,map_000000104.png
-0.802111123245,3.79570145896,-2.35488257858,0.349999384405,-0.000652571874677,-3.85098392144e-05,-2.35210419375,2.25983051805,2.67165364485,map_000000105.png
-0.826864654037,3.77097465996,-2.3548856312,0.349999381258,-0.000654257470143,-3.30136390403e-05,-2.35210419375,2.25983051805,2.67165364485,map_000000106.png
-0.852598484235,3.74525020039,-2.35488103332,0.349999306836,-0.000692927083237,-3.36696393788e-05,-2.35210419375,2.25983051805,2.67165364485,map_000000107.png
-0.877361652126,3.72053401037,-2.35488953293,0.349999330089,-0.000681080888545,-3.66435851902e-05,-2.35210419375,2.25983051805,2.67165364485,map_000000108.png
-0.903108491078,3.69482190887,-2.3548916059,0.349999330089,-0.000681080888545,-3.66435851902e-05,-2.35210419375,2.25983051805,2.67165364485,map_000000109.png
-0.928854422951,3.66910922361,-2.35489365278,0.349999317079,-0.000687733796278,-2.52076424658e-05,-2.35210419375,2.25983051805,2.67165364485,map_000000110.png
-0.953610789252,3.64438526423,-2.35489494681,0.349999341712,-0.000675081063058,-2.2750464268e-05,-2.35210419375,2.25983051805,2.67165364485,map_000000111.png
-0.979346987083,3.61866317731,-2.35488965048,0.349999447772,-0.000617650870015,-1.83908268809e-05,-2.35210419375,2.25983051805,2.67165364485,map_000000112.png
-1.00411069248,3.59394752391,-2.35489670187,0.349999383462,-0.000653077162941,-1.90406572074e-05,-2.35210419375,2.25983051805,2.67165364485,map_000000113.png
-1.02985237761,3.56823026165,-2.35489717986,0.349999350703,-0.000670403844209,-2.76349019259e-05,-2.35210419375,2.25983051805,2.67165364485,map_000000114.png
-1.05559622198,3.54251548418,-2.35489746832,0.349999350703,-0.000670403844209,-2.76349019259e-05,-2.35210419375,2.25983051805,2.67165364485,map_000000115.png
-1.08035152289,3.51779046016,-2.35489904199,0.349999417124,-0.000634780473266,-1.76421599463e-05,-2.35210419375,2.25983051805,2.67165364485,map_000000116.png
-1.10608505891,3.49206570677,-2.35489275943,0.349999430319,-0.000627462936153,-1.78581103683e-05,-2.35210419375,2.25983051805,2.67165364485,map_000000117.png
-1.13084684023,3.4673481273,-2.35489956376,0.349999448077,-0.000617478102459,-1.61461066455e-05,-2.35210419375,2.25983051805,2.67165364485,map_000000118.png
-1.15658886457,3.44163120536,-2.35489996358,0.349999407433,-0.000640101566293,-2.62177782133e-05,-2.35210419375,2.25983051805,2.67165364485,map_000000119.png
-1.18233047959,3.4159141975,-2.35490016226,0.349999464843,-0.000607900781268,-1.66622921824e-05,-2.35210419375,2.25983051805,2.67165364485,map_000000120.png
-1.20708380436,3.39118719436,-2.35490148113,0.349999477153,-0.000600771123523,-1.70592684299e-05,-2.35210419375,2.25983051805,2.67165364485,map_000000121.png
-1.23281472122,3.3654598198,-2.35489500489,0.349999477153,-0.000600771123523,-1.70592684299e-05,-2.35210419375,2.25983051805,2.67165364485,map_000000122.png
-1.25757454557,3.34074027981,-2.35490168149,0.349999488521,-0.000594111576855,-1.57280592248e-05,-2.35210419375,2.25983051805,2.67165364485,map_000000123.png
-1.28331461616,3.31502140201,-2.35490197801,0.349999440181,-0.000621937669649,-2.60890228674e-05,-2.35210419375,2.25983051805,2.67165364485,map_000000124.png
-1.30905518928,3.28930335466,-2.35490247081,0.349999490186,-0.000593130153209,-1.6723643057e-05,-2.35210419375,2.25983051805,2.67165364485,map_000000125.png
-1.3338068007,3.26457463678,-2.35490318238,0.349999495079,-0.0005902357143,-1.68323749676e-05,-2.35210419375,2.25983051805,2.67165364485,map_000000126.png
-1.35953666743,3.23884621233,-2.35489706849,0.349999501147,-0.000586626223476,-1.64110679179e-05,-2.35210419375,2.25983051805,2.67165364485,map_000000127.png
-1.38429569506,3.21412587817,-2.35490375609,0.349999501147,-0.000586626223476,-1.64110679179e-05,-2.35210419375,2.25983051805,2.67165364485,map_000000128.png
-1.41003510822,3.18840634468,-2.35490400724,0.349999451839,-0.000615342034768,-2.6227440685e-05,-2.35210419375,2.25983051805,2.67165364485,map_000000129.png
-1.43577570415,3.16268831807,-2.35490472061,0.349999500738,-0.000586870363637,-1.68448314071e-05,-2.35210419375,2.25983051805,2.67165364485,map_000000130.png
-1.46052634743,3.13795863037,-2.35490558803,0.349999501242,-0.000586569887429,-1.71132851392e-05,-2.35210419375,2.25983051805,2.67165364485,map_000000131.png
-1.48625581744,3.11222980908,-2.35489912826,0.349999513561,-0.000579172098814,-1.60322524607e-05,-2.35210419375,2.25983051805,2.67165364485,map_000000132.png
-1.51101457666,3.08750920567,-2.35490584653,0.349999468216,-0.000605955270047,-1.66767276824e-05,-2.35210419375,2.25983051805,2.67165364485,map_000000133.png
-1.53675346735,3.0617891474,-2.35490611054,0.349999468216,-0.000605955270047,-1.66767276824e-05,-2.35210419375,2.25983051805,2.67165364485,map_000000134.png
-1.5624921079,3.03606916355,-2.3549061055,0.349999418393,-0.000634080606684,-2.70110322163e-05,-2.35210419375,2.25983051805,2.67165364485,map_000000135.png
-1.58724467935,3.0113414047,-2.35490729681,0.349999470664,-0.00060453998997,-1.75812747329e-05,-2.35210419375,2.25983051805,2.67165364485,map_000000136.png
-1.61297642384,2.98561485968,-2.35490130922,0.349999471752,-0.000603909981921,-1.78295886144e-05,-2.35210419375,2.25983051805,2.67165364485,map_000000137.png
-1.63773655095,2.96089562547,-2.35490807934,0.34999949964,-0.000587524670497,-2.6319292374e-05,-2.35210419375,2.25983051805,2.67165364485,map_000000138.png
-1.66347708353,2.9351772124,-2.3549086875,0.349999557101,-0.000552234202451,-1.68107217178e-05,-2.35210419375,2.25983051805,2.67165364485,map_000000139.png
-1.68921630833,2.90945781585,-2.35490974384,0.349999518112,-0.000576415380876,-1.74537999555e-05,-2.35210419375,2.25983051805,2.67165364485,map_000000140.png
-1.71396365656,2.88472483115,-2.35490993293,0.349999518112,-0.000576415380876,-1.74537999555e-05,-2.35210419375,2.25983051805,2.67165364485,map_000000141.png
-1.73969220803,2.85899508994,-2.35490394136,0.349999575137,-0.000540682407016,-1.56002352014e-05,-2.35210419375,2.25983051805,2.67165364485,map_000000142.png
-1.76444871002,2.83427222615,-2.35491034408,0.359999510488,-0.000583874166196,-2.55887862295e-05,-2.35210419375,2.25983051805,2.67165364485,map_000000143.png
-1.79055355502,2.8081830123,-2.35491101084,0.368197480517,-0.000617660933244,-2.62339599431e-05,-2.35210419375,2.25983051805,2.67165364485,map_000000144.png
-1.79055355502,2.8081830123,-2.35491101084,0.368197480517,-0.000617660933244,-2.62339599431e-05,-2.35210419375,2.25983051805,2.67165364485,map_000000145.png
-1.81721280729,2.78154253017,-2.354911953,0.358197590379,-0.000555749509199,-1.62749784067e-05,-2.35210419375,2.25983051805,2.67165364485,map_000000146.png
-1.84316428941,2.75561064589,-2.35491307795,0.348197570403,-0.0005652504347,-1.6916776076e-05,-2.35210419375,2.25983051805,2.67165364485,map_000000147.png
-1.86949355422,2.72927631023,-2.35490630483,0.348197570403,-0.0005652504347,-1.6916776076e-05,-2.35210419375,2.25983051805,2.67165364485,map_000000148.png
-1.89415205246,2.70465364369,-2.35491325616,0.338197631899,-0.000519794870764,-1.44579680637e-05,-2.35210419375,2.25983051805,2.67165364485,map_000000149.png
-1.91921885365,2.67960084221,-2.35491343153,0.318197582173,-0.00054680668582,-2.58990330622e-05,-2.35210419375,2.25983051805,2.67165364485,map_000000150.png
-1.94324087188,2.65559581764,-2.35491403654,0.30819768101,-0.000483001384315,-1.58530892804e-05,-2.35210419375,2.25983051805,2.67165364485,map_000000151.png
-1.96545868395,2.63339470617,-2.35491493022,0.298197707711,-0.000466844783103,-1.55860325322e-05,-2.35210419375,2.25983051805,2.67165364485,map_000000152.png
-1.98797035027,2.61087669723,-2.35490872919,0.288197728245,-0.000450728025744,-1.4886027202e-05,-2.35210419375,2.25983051805,2.67165364485,map_000000153.png
-2.00906402997,2.58981422712,-2.35491546407,0.27819771755,-0.000458202947431,-1.55258458108e-05,-2.35210419375,2.25983051805,2.67165364485,map_000000154.png
-2.03025631395,2.56863402216,-2.35491584014,0.27819771755,-0.000458202947431,-1.55258458108e-05,-2.35210419375,2.25983051805,2.67165364485,map_000000155.png
-2.05082761296,2.5480771545,-2.35491613961,0.258197746864,-0.000437409128502,-1.60044291988e-05,-2.35210419375,2.25983051805,2.67165364485,map_000000156.png
-2.06953846215,2.52938114638,-2.35491658679,0.248197742398,-0.000427275535804,-1.6079749912e-05,-2.35210419375,2.25983051805,2.67165364485,map_000000157.png
-2.08817814705,2.51073817026,-2.35491095854,0.238197742546,-0.000413624265043,-1.62698561326e-05,-2.35210419375,2.25983051805,2.67165364485,map_000000158.png
-2.10554142776,2.49340959501,-2.35491769656,0.228197750816,-0.000399112450159,-1.62383075804e-05,-2.35210419375,2.25983051805,2.67165364485,map_000000159.png
-2.12300353073,2.4759635857,-2.35491838847,0.218197700837,-0.000411317323634,-2.53195175901e-05,-2.35210419375,2.25983051805,2.67165364485,map_000000160.png
-2.13978675286,2.45919606468,-2.35491896229,0.218197700837,-0.000411317323634,-2.53195175901e-05,-2.35210419375,2.25983051805,2.67165364485,map_000000161.png
-2.15527610292,2.44372512579,-2.35492081775,0.198197769581,-0.000350036272566,-1.54549488798e-05,-2.35210419375,2.25983051805,2.67165364485,map_000000162.png
-2.17024007434,2.42875765773,-2.35491496391,0.188197776623,-0.000333221306012,-1.52321299538e-05,-2.35210419375,2.25983051805,2.67165364485,map_000000163.png
-2.18387016205,2.41516022812,-2.35492216887,0.178197799997,-0.000312080800535,-1.30867119879e-05,-2.35210419375,2.25983051805,2.67165364485,map_000000164.png
-2.19742905305,2.40161467367,-2.35492292284,0.168197753032,-0.000322929792987,-2.25043622777e-05,-2.35210419375,2.25983051805,2.67165364485,map_000000165.png
-2.21045040177,2.3886061383,-2.3549235115,0.148197815151,-0.000265975875033,-1.18418829516e-05,-2.35210419375,2.25983051805,2.67165364485,map_000000166.png
-2.22234735047,2.37672451908,-2.35492502627,0.138197820066,-0.000251961549836,-1.1594616808e-05,-2.35210419375,2.25983051805,2.67165364485,map_000000167.png
-2.23471031233,2.36435838986,-2.3549200242,0.138197820066,-0.000251961549836,-1.1594616808e-05,-2.35210419375,2.25983051805,2.67165364485,map_000000168.png
-2.24469184451,2.35440709867,-2.35492715594,0.128197830044,-0.00023406096953,-9.95793379843e-06,-2.35210419375,2.25983051805,2.67165364485,map_000000169.png
-2.25443250297,2.34467732634,-2.35492771665,0.118197793638,-0.00024284063185,-1.80959468707e-05,-2.35210419375,2.25983051805,2.67165364485,map_000000170.png
-2.26355149599,2.3355700587,-2.3549285221,0.108197854626,-0.000203022840072,-8.0355675891e-06,-2.35210419375,2.25983051805,2.67165364485,map_000000171.png
-2.27177124814,2.32736262324,-2.35492956537,0.088197871873,-0.000177245420468,-7.25325662643e-06,-2.35210419375,2.25983051805,2.67165364485,map_000000172.png
-2.2796637715,2.31946058111,-2.35492391734,0.078197883974,-0.000162617361763,-6.32158480585e-06,-2.35210419375,2.25983051805,2.67165364485,map_000000173.png
-2.2861619108,2.3129912553,-2.35493017059,0.078197883974,-0.000162617361763,-6.32158480585e-06,-2.35210419375,2.25983051805,2.67165364485,map_000000174.png
-2.29177866258,2.30738363842,-2.3549306146,0.0765162676477,-0.000189692025028,-1.54259614646e-05,-2.35210419375,2.25983051805,2.67165364485,map_000000175.png
-2.29745238046,2.30172196992,-2.35493147057,0.0765162277039,-0.000205172547023,-1.60612398759e-05,-2.35210419375,2.25983051805,2.67165364485,map_000000176.png
-2.30286810139,2.29632036324,-2.35493300104,0.0765162880101,-0.000181292455688,-7.28247687221e-06,-2.35210419375,2.25983051805,2.67165364485,map_000000177.png
-2.30849085474,2.29069339672,-2.35492749666,0.0765162934375,-0.0001789871344,-6.63031823933e-06,-2.35210419375,2.25983051805,2.67165364485,map_000000178.png
-2.31413162833,2.28508420553,-2.35493433265,0.066516309606,-0.000160895907067,-1.0,-2.35210419375,2.25983051805,2.67165364485,map_000000179.png
-2.31954602035,2.27968157335,-2.35493454777,0.066516309606,-0.000160895907067,-1.0,-2.35210419375,2.25983051805,2.67165364485,map_000000180.png
-2.32410393181,2.27430292903,-2.44935215048,0.0565162486866,-0.000168897020505,-1.0,-2.35210419375,2.25983051805,2.67165364485,map_000000181.png
-2.32828863418,2.27000618656,-2.54770010316,0.0499998326244,-0.000130055709286,-1.0,-2.35210419375,2.25983051805,2.67165364485,map_000000182.png
-2.33249132521,2.26631626164,-2.64997025027,0.0493326907662,0.00814160909866,-1.0,-2.35210419375,2.25983051805,2.67165364485,map_000000183.png
-2.33661810142,2.26292859135,-2.7522441363,0.0493375922979,0.00811185325286,-1.0,-2.35210419375,2.25983051805,2.67165364485,map_000000184.png
-2.34066434683,2.25960097746,-2.8505721036,0.0480647623737,0.0137760224633,-1.0,-2.35210419375,2.25983051805,2.67165364485,map_000000185.png
-2.34520360242,2.25660018321,-2.95284225867,0.0433773888024,0.0248676962672,-1.0,-2.35210419375,2.25983051805,2.67165364485,map_000000186.png
-2.34520360242,2.25660018321,-2.95284225867,0.0433773888024,0.0248676962672,-1.0,-2.35210419375,2.25983051805,2.67165364485,map_000000187.png
-2.34961642997,2.25361080831,-3.05117065678,0.0393002024251,0.0309110702871,-0.986590564251,-2.35210419375,2.25983051805,2.67165364485,map_000000188.png
-2.35408350571,2.25010193916,3.12973305904,0.0393002024251,0.0309110702871,-0.986590564251,-2.35210419375,2.25983051805,2.67165364485,map_000000189.png
-2.35856731712,2.2463970902,3.02831670241,0.0346008352926,0.0360940767163,-0.839756608009,-2.35210419375,2.25983051805,2.67165364485,map_000000190.png
-2.36290967604,2.24283403919,2.93765610068,0.0,0.0,-0.686614394188,-2.35210419375,2.25983051805,2.67165364485,map_000000191.png
-2.36628918325,2.24001321107,2.85599262594,0.0,0.0,-0.398727983236,-2.35210419375,2.25983051805,2.67165364485,map_000000192.png
-2.36649453402,2.23941502591,2.78960639805,0.0,0.0,-0.398860991001,-2.35210419375,2.25983051805,2.67165364485,map_000000193.png
-2.36663706647,2.23905085036,2.74883026518,0.0,0.0,-0.398860991001,-2.35210419375,2.25983051805,2.67165364485,map_000000194.png
-2.36679417425,2.23869254972,2.70804224222,0.0,0.0,-0.176978424191,-2.35210419375,2.25983051805,2.67165364485,map_000000195.png
-2.36688344283,2.23849321098,2.68365029328,0.0,0.0,-0.115873202682,-2.35210419375,2.25983051805,2.67165364485,map_000000196.png
-2.36695005839,2.23834369832,2.66868524833,0.0,0.0,0.0,-2.35210419375,2.25983051805,2.67165364485,map_000000197.png
